{
    "animation": [
        {
            "name": "Root",
            "time": [0.0, 0.0111, 0.0222, 0.0333, 0.0444, 0.0556, 0.0667, 0.0778, 0.0889, 0.1, 0.1111, 0.1222, 0.1333, 0.1444, 0.1556, 0.1667, 0.1778, 0.1889, 0.2, 0.2111, 0.2222, 0.2333, 0.2444, 0.2556, 0.2667, 0.2778, 0.2889, 0.3, 0.3111, 0.3222, 0.3333, 0.3444, 0.3556, 0.3667, 0.3778, 0.3889, 0.4, 0.4111, 0.4222, 0.4333, 0.4444, 0.4556, 0.4667, 0.4778, 0.4889, 0.5, 0.5111, 0.5222, 0.5333, 0.5444, 0.5556, 0.5667, 0.5778, 0.5889, 0.6, 0.6111, 0.6222, 0.6333, 0.6444, 0.6556, 0.6667, 0.6778, 0.6889, 0.7, 0.7111, 0.7222, 0.7333, 0.7444, 0.7556, 0.7667, 0.7778, 0.7889, 0.8, 0.8111, 0.8222, 0.8333, 0.8444, 0.8556, 0.8667, 0.8778, 0.8889, 0.9, 0.9111, 0.9222, 0.9333, 0.9444, 0.9556, 0.9667, 0.9778, 0.9889, 1.0, 1.0111, 1.0222, 1.0333, 1.0444, 1.0556, 1.0667, 1.0778, 1.0889, 1.1, 1.1111],
            "transform": [
                [0.78635, 0.0, 0.617782, -0.014398, 0.613358, 0.119463, -0.780718, 0.231051, -0.073802, 0.992839, 0.09394, 0.827998, 0.0, 0.0, 0.0, 1.0],
                [0.794353, 0.001572, 0.607455, -0.014398, 0.602957, 0.119453, -0.78878, 0.238384, -0.073802, 0.992839, 0.09394, 0.833609, 0.0, 0.0, 0.0, 1.0],
                [0.816272, 0.006023, 0.577636, -0.014398, 0.572934, 0.119311, -0.810871, 0.259869, -0.073802, 0.992839, 0.09394, 0.849398, 0.0, 0.0, 0.0, 1.0],
                [0.848266, 0.012964, 0.529412, -0.014398, 0.524403, 0.118757, -0.843148, 0.29473, -0.073802, 0.992839, 0.09394, 0.873799, 0.0, 0.0, 0.0, 1.0],
                [0.88574, 0.02197, 0.463662, -0.014398, 0.458278, 0.117425, -0.881018, 0.342192, -0.073802, 0.992839, 0.09394, 0.905246, 0.0, 0.0, 0.0, 1.0],
                [0.923666, 0.032534, 0.381814, -0.014398, 0.376023, 0.114948, -0.919453, 0.40148, -0.073802, 0.992839, 0.09394, 0.942174, 0.0, 0.0, 0.0, 1.0],
                [0.95709, 0.044044, 0.286425, -0.014398, 0.280236, 0.111047, -0.953486, 0.471818, -0.073802, 0.992839, 0.09394, 0.983016, 0.0, 0.0, 0.0, 1.0],
                [0.981816, 0.055815, 0.181444, -0.014398, 0.174902, 0.105622, -0.978904, 0.552432, -0.073802, 0.992839, 0.09394, 1.026207, 0.0, 0.0, 0.0, 1.0],
                [0.995138, 0.067156, 0.072045, -0.014398, 0.06522, 0.0988, -0.992968, 0.642547, -0.073802, 0.992839, 0.09394, 1.070181, 0.0, 0.0, 0.0, 1.0],
                [0.996347, 0.077464, -0.035951, -0.014398, -0.042971, 0.090943, -0.994929, 0.741387, -0.073802, 0.992839, 0.09394, 1.113372, 0.0, 0.0, 0.0, 1.0],
                [0.986826, 0.086303, -0.136847, -0.014398, -0.143974, 0.082602, -0.986128, 0.848178, -0.073802, 0.992839, 0.09394, 1.154214, 0.0, 0.0, 0.0, 1.0],
                [0.969692, 0.093442, -0.225755, -0.014398, -0.232916, 0.074431, -0.969644, 0.962143, -0.073802, 0.992839, 0.09394, 1.191142, 0.0, 0.0, 0.0, 1.0],
                [0.949138, 0.098839, -0.298945, -0.014398, -0.306089, 0.067099, -0.949635, 1.08251, -0.073802, 0.992839, 0.09394, 1.222589, 0.0, 0.0, 0.0, 1.0],
                [0.929692, 0.10258, -0.353765, -0.014398, -0.360868, 0.061226, -0.930605, 1.208501, -0.073802, 0.992839, 0.09394, 1.24699, 0.0, 0.0, 0.0, 1.0],
                [0.915597, 0.104791, -0.388202, -0.014398, -0.395266, 0.057361, -0.916774, 1.339342, -0.073802, 0.992839, 0.09394, 1.262779, 0.0, 0.0, 0.0, 1.0],
                [0.910317, 0.105537, -0.400232, -0.014398, -0.407279, 0.055977, -0.911587, 1.474258, -0.073802, 0.992839, 0.09394, 1.26839, 0.0, 0.0, 0.0, 1.0],
                [0.921802, 0.103634, -0.373552, -0.014398, -0.380539, 0.058032, -0.922942, 1.612452, -0.07397, 0.992921, 0.092931, 1.262608, 0.0, 0.0, 0.0, 1.0],
                [0.949292, 0.098139, -0.298686, -0.014398, -0.3055, 0.063543, -0.95007, 1.753039, -0.07426, 0.993142, 0.090302, 1.245876, 0.0, 0.0, 0.0, 1.0],
                [0.979092, 0.089151, -0.182839, -0.014398, -0.189371, 0.071276, -0.979315, 1.895113, -0.074275, 0.993464, 0.086668, 1.219111, 0.0, 0.0, 0.0, 1.0],
                [0.996381, 0.076901, -0.036216, -0.014398, -0.042357, 0.079791, -0.995911, 2.037767, -0.073697, 0.993841, 0.082759, 1.183233, 0.0, 0.0, 0.0, 1.0],
                [0.990118, 0.062135, 0.12572, -0.014398, 0.120056, 0.087745, -0.988882, 2.180094, -0.072475, 0.994203, 0.079418, 1.139159, 0.0, 0.0, 0.0, 1.0],
                [0.957678, 0.046173, 0.284113, -0.014398, 0.278965, 0.094339, -0.955656, 2.321187, -0.070928, 0.994469, 0.077466, 1.087807, 0.0, 0.0, 0.0, 1.0],
                [0.906262, 0.030614, 0.421606, -0.014398, 0.416935, 0.099644, -0.903458, 2.460142, -0.069669, 0.994552, 0.077539, 1.030097, 0.0, 0.0, 0.0, 1.0],
                [0.850018, 0.016941, 0.526481, -0.014398, 0.522161, 0.104581, -0.84641, 2.596049, -0.069399, 0.994372, 0.08005, 0.966947, 0.0, 0.0, 0.0, 1.0],
                [0.805195, 0.006352, 0.592975, -0.014398, 0.588782, 0.110629, -0.800686, 2.728002, -0.070686, 0.993841, 0.085338, 0.899274, 0.0, 0.0, 0.0, 1.0],
                [0.78635, -0.0, 0.617782, -0.014398, 0.613358, 0.119463, -0.780718, 2.855096, -0.073802, 0.992839, 0.09394, 0.827998, 0.0, 0.0, 0.0, 1.0],
                [0.78517, -0.002444, 0.619275, -0.014398, 0.612129, 0.154599, -0.775498, 2.976097, -0.093844, 0.987974, 0.122883, 0.754784, 0.0, 0.0, 0.0, 1.0],
                [0.78508, -0.002826, 0.619388, -0.014398, 0.604373, 0.22239, -0.765033, 3.088473, -0.135584, 0.974954, 0.176302, 0.684289, 0.0, 0.0, 0.0, 1.0],
                [0.785551, -0.001934, 0.618793, -0.014398, 0.591076, 0.298295, -0.749432, 3.189362, -0.183134, 0.954472, 0.23547, 0.621916, 0.0, 0.0, 0.0, 1.0],
                [0.786098, -0.000657, 0.618102, -0.014398, 0.57709, 0.358973, -0.733557, 3.275906, -0.2214, 0.933348, 0.282567, 0.57307, 0.0, 0.0, 0.0, 1.0],
                [0.78635, 0.0, 0.617782, -0.014398, 0.57052, 0.383606, -0.726191, 3.345246, -0.236985, 0.923497, 0.301649, 0.543153, 0.0, 0.0, 0.0, 1.0],
                [0.78635, -0.0, 0.617782, -0.014398, 0.57052, 0.383606, -0.726191, 3.395628, -0.236985, 0.923497, 0.301649, 0.527984, 0.0, 0.0, 0.0, 1.0],
                [0.78635, -0.0, 0.617782, -0.014398, 0.57052, 0.383606, -0.726191, 3.429738, -0.236985, 0.923497, 0.301649, 0.518784, 0.0, 0.0, 0.0, 1.0],
                [0.78635, 0.0, 0.617782, -0.014398, 0.570519, 0.383606, -0.726191, 3.451365, -0.236985, 0.923497, 0.301648, 0.514059, 0.0, 0.0, 0.0, 1.0],
                [0.78635, -0.0, 0.617782, -0.014398, 0.570519, 0.383606, -0.726191, 3.4643, -0.236985, 0.923497, 0.301648, 0.512318, 0.0, 0.0, 0.0, 1.0],
                [0.78635, -0.0, 0.617782, -0.014398, 0.570519, 0.383606, -0.726191, 3.472335, -0.236985, 0.923497, 0.301648, 0.51207, 0.0, 0.0, 0.0, 1.0],
                [0.78635, -0.0, 0.617782, -0.014398, 0.570519, 0.383606, -0.726191, 3.478693, -0.236985, 0.923497, 0.301648, 0.512156, 0.0, 0.0, 0.0, 1.0],
                [0.78635, -0.0, 0.617782, -0.014398, 0.570519, 0.383606, -0.726191, 3.484123, -0.236985, 0.923497, 0.301648, 0.512415, 0.0, 0.0, 0.0, 1.0],
                [0.78635, -0.0, 0.617782, -0.014398, 0.570519, 0.383606, -0.726191, 3.488707, -0.236985, 0.923497, 0.301648, 0.512843, 0.0, 0.0, 0.0, 1.0],
                [0.78635, -0.0, 0.617782, -0.014398, 0.570519, 0.383606, -0.726191, 3.492522, -0.236985, 0.923497, 0.301648, 0.513436, 0.0, 0.0, 0.0, 1.0],
                [0.78635, -0.0, 0.617782, -0.014398, 0.570519, 0.383606, -0.726191, 3.495649, -0.236985, 0.923497, 0.301648, 0.514193, 0.0, 0.0, 0.0, 1.0],
                [0.78635, -0.0, 0.617782, -0.014398, 0.570519, 0.383606, -0.726191, 3.498167, -0.236985, 0.923497, 0.301648, 0.51511, 0.0, 0.0, 0.0, 1.0],
                [0.78635, -0.0, 0.617782, -0.014398, 0.570519, 0.383606, -0.726191, 3.500156, -0.236985, 0.923497, 0.301648, 0.516184, 0.0, 0.0, 0.0, 1.0],
                [0.78635, -0.0, 0.617782, -0.014398, 0.570519, 0.383606, -0.726191, 3.501695, -0.236985, 0.923497, 0.301648, 0.517412, 0.0, 0.0, 0.0, 1.0],
                [0.78635, -0.0, 0.617782, -0.014398, 0.570519, 0.383606, -0.726191, 3.502865, -0.236985, 0.923497, 0.301648, 0.518792, 0.0, 0.0, 0.0, 1.0],
                [0.78635, -0.0, 0.617782, -0.014398, 0.570519, 0.383606, -0.726191, 3.503744, -0.236985, 0.923497, 0.301648, 0.520321, 0.0, 0.0, 0.0, 1.0],
                [0.78635, -0.0, 0.617782, -0.014398, 0.570519, 0.383606, -0.726191, 3.504413, -0.236985, 0.923497, 0.301648, 0.521996, 0.0, 0.0, 0.0, 1.0],
                [0.78635, -0.0, 0.617782, -0.014398, 0.570519, 0.383606, -0.726191, 3.504951, -0.236985, 0.923497, 0.301648, 0.523813, 0.0, 0.0, 0.0, 1.0],
                [0.78635, -0.0, 0.617782, -0.014398, 0.570519, 0.383606, -0.726191, 3.505438, -0.236985, 0.923497, 0.301648, 0.525771, 0.0, 0.0, 0.0, 1.0],
                [0.78635, -0.0, 0.617782, -0.014398, 0.570519, 0.383606, -0.726191, 3.505952, -0.236985, 0.923497, 0.301648, 0.527865, 0.0, 0.0, 0.0, 1.0],
                [0.78635, -0.0, 0.617782, -0.014398, 0.570519, 0.383606, -0.726191, 3.506575, -0.236985, 0.923497, 0.301648, 0.530094, 0.0, 0.0, 0.0, 1.0],
                [0.786342, 4e-06, 0.617792, -0.014402, 0.570602, 0.383314, -0.726281, 3.507371, -0.236811, 0.923618, 0.301413, 0.532453, 0.0, 0.0, 0.0, 1.0],
                [0.786319, 1.7e-05, 0.617821, -0.014412, 0.570846, 0.382452, -0.726543, 3.508346, -0.236299, 0.923975, 0.30072, 0.534936, 0.0, 0.0, 0.0, 1.0],
                [0.786281, 3.8e-05, 0.617869, -0.014428, 0.571243, 0.381045, -0.72697, 3.509493, -0.235463, 0.924557, 0.299587, 0.537537, 0.0, 0.0, 0.0, 1.0],
                [0.78623, 6.6e-05, 0.617934, -0.014451, 0.571786, 0.379114, -0.727554, 3.510802, -0.234316, 0.92535, 0.298033, 0.540248, 0.0, 0.0, 0.0, 1.0],
                [0.786165, 0.000103, 0.618016, -0.01448, 0.572465, 0.376681, -0.728282, 3.512267, -0.23287, 0.926343, 0.296075, 0.543061, 0.0, 0.0, 0.0, 1.0],
                [0.786088, 0.000147, 0.618115, -0.014514, 0.573271, 0.37377, -0.729147, 3.51388, -0.231139, 0.927522, 0.293732, 0.545971, 0.0, 0.0, 0.0, 1.0],
                [0.785999, 0.000198, 0.618228, -0.014553, 0.574197, 0.3704, -0.730138, 3.515631, -0.229136, 0.928872, 0.291021, 0.548969, 0.0, 0.0, 0.0, 1.0],
                [0.785898, 0.000256, 0.618355, -0.014597, 0.575232, 0.366595, -0.731243, 3.517514, -0.226873, 0.93038, 0.287959, 0.552049, 0.0, 0.0, 0.0, 1.0],
                [0.785787, 0.000321, 0.618497, -0.014646, 0.576367, 0.362376, -0.732451, 3.51952, -0.224364, 0.932032, 0.284565, 0.555204, 0.0, 0.0, 0.0, 1.0],
                [0.785667, 0.000393, 0.61865, -0.0147, 0.577592, 0.357764, -0.733752, 3.52164, -0.221619, 0.933812, 0.280856, 0.558426, 0.0, 0.0, 0.0, 1.0],
                [0.785536, 0.000472, 0.618815, -0.014757, 0.578898, 0.352782, -0.735134, 3.523868, -0.218654, 0.935706, 0.27685, 0.561708, 0.0, 0.0, 0.0, 1.0],
                [0.785398, 0.000558, 0.618991, -0.014819, 0.580275, 0.34745, -0.736586, 3.526194, -0.215479, 0.937698, 0.272563, 0.565044, 0.0, 0.0, 0.0, 1.0],
                [0.785251, 0.000649, 0.619177, -0.014884, 0.581714, 0.341792, -0.738097, 3.528611, -0.212109, 0.939776, 0.268014, 0.568426, 0.0, 0.0, 0.0, 1.0],
                [0.785097, 0.000747, 0.619373, -0.014953, 0.583205, 0.335828, -0.739656, 3.531111, -0.208556, 0.941923, 0.263222, 0.571847, 0.0, 0.0, 0.0, 1.0],
                [0.784936, 0.000852, 0.619576, -0.015024, 0.584738, 0.329583, -0.741253, 3.533685, -0.204833, 0.944126, 0.258203, 0.575301, 0.0, 0.0, 0.0, 1.0],
                [0.78477, 0.000962, 0.619786, -0.015099, 0.586305, 0.323077, -0.742878, 3.536326, -0.200953, 0.946372, 0.252977, 0.578779, 0.0, 0.0, 0.0, 1.0],
                [0.784598, 0.001078, 0.620004, -0.015175, 0.587898, 0.316335, -0.744519, 3.539026, -0.196931, 0.948647, 0.247563, 0.582275, 0.0, 0.0, 0.0, 1.0],
                [0.784422, 0.001199, 0.620226, -0.015254, 0.589506, 0.30938, -0.746168, 3.541776, -0.19278, 0.950938, 0.241978, 0.585782, 0.0, 0.0, 0.0, 1.0],
                [0.784242, 0.001325, 0.620453, -0.015335, 0.591123, 0.302235, -0.747815, 3.544568, -0.188513, 0.953233, 0.236242, 0.589293, 0.0, 0.0, 0.0, 1.0],
                [0.784059, 0.001456, 0.620685, -0.015418, 0.592741, 0.294923, -0.749452, 3.547395, -0.184146, 0.95552, 0.230374, 0.5928, 0.0, 0.0, 0.0, 1.0],
                [0.783873, 0.001592, 0.620919, -0.015502, 0.594352, 0.28747, -0.75107, 3.550247, -0.179691, 0.957788, 0.224394, 0.596297, 0.0, 0.0, 0.0, 1.0],
                [0.783685, 0.001732, 0.621155, -0.015587, 0.595948, 0.2799, -0.752663, 3.553118, -0.175165, 0.960028, 0.218321, 0.599776, 0.0, 0.0, 0.0, 1.0],
                [0.783496, 0.001876, 0.621393, -0.015673, 0.597524, 0.272237, -0.754223, 3.556, -0.170581, 0.962228, 0.212176, 0.603231, 0.0, 0.0, 0.0, 1.0],
                [0.783307, 0.002023, 0.621632, -0.01576, 0.599074, 0.264506, -0.755743, 3.558883, -0.165954, 0.964382, 0.205978, 0.606654, 0.0, 0.0, 0.0, 1.0],
                [0.783117, 0.002173, 0.62187, -0.015847, 0.600591, 0.256734, -0.757218, 3.56176, -0.1613, 0.96648, 0.199747, 0.610038, 0.0, 0.0, 0.0, 1.0],
                [0.782929, 0.002326, 0.622107, -0.015934, 0.60207, 0.248944, -0.758642, 3.564623, -0.156634, 0.968515, 0.193505, 0.613377, 0.0, 0.0, 0.0, 1.0],
                [0.782741, 0.00248, 0.622343, -0.01602, 0.603507, 0.241164, -0.760012, 3.567464, -0.151972, 0.970481, 0.187272, 0.616662, 0.0, 0.0, 0.0, 1.0],
                [0.782555, 0.002636, 0.622575, -0.016106, 0.604898, 0.233419, -0.761324, 3.570275, -0.147328, 0.972373, 0.181069, 0.619887, 0.0, 0.0, 0.0, 1.0],
                [0.782372, 0.002793, 0.622805, -0.016192, 0.606238, 0.225736, -0.762573, 3.573048, -0.142719, 0.974185, 0.174916, 0.623045, 0.0, 0.0, 0.0, 1.0],
                [0.782192, 0.002949, 0.62303, -0.016276, 0.607526, 0.21814, -0.763759, 3.575774, -0.13816, 0.975913, 0.168835, 0.626129, 0.0, 0.0, 0.0, 1.0],
                [0.782016, 0.003106, 0.623251, -0.016358, 0.608756, 0.210657, -0.764879, 3.578446, -0.133668, 0.977555, 0.162847, 0.629132, 0.0, 0.0, 0.0, 1.0],
                [0.781844, 0.003261, 0.623466, -0.016439, 0.609929, 0.203316, -0.765931, 3.581056, -0.129258, 0.979108, 0.156972, 0.632046, 0.0, 0.0, 0.0, 1.0],
                [0.781676, 0.003415, 0.623675, -0.016519, 0.611041, 0.196141, -0.766915, 3.583595, -0.124947, 0.98057, 0.151232, 0.634864, 0.0, 0.0, 0.0, 1.0],
                [0.781514, 0.003566, 0.623877, -0.016595, 0.612091, 0.189159, -0.76783, 3.586055, -0.12075, 0.98194, 0.145648, 0.63758, 0.0, 0.0, 0.0, 1.0],
                [0.781358, 0.003714, 0.624072, -0.01667, 0.613078, 0.182397, -0.768678, 3.588429, -0.116684, 0.983218, 0.140241, 0.640186, 0.0, 0.0, 0.0, 1.0],
                [0.781208, 0.003857, 0.624259, -0.016741, 0.614002, 0.175882, -0.769459, 3.590708, -0.112764, 0.984404, 0.135032, 0.642676, 0.0, 0.0, 0.0, 1.0],
                [0.781065, 0.003997, 0.624436, -0.01681, 0.614861, 0.16964, -0.770174, 3.592884, -0.109008, 0.985498, 0.130042, 0.645041, 0.0, 0.0, 0.0, 1.0],
                [0.78093, 0.00413, 0.624605, -0.016875, 0.615656, 0.163697, -0.770824, 3.594949, -0.10543, 0.986502, 0.125293, 0.647276, 0.0, 0.0, 0.0, 1.0],
                [0.780803, 0.004258, 0.624763, -0.016937, 0.616388, 0.15808, -0.771412, 3.596896, -0.102047, 0.987417, 0.120805, 0.649373, 0.0, 0.0, 0.0, 1.0],
                [0.780684, 0.004378, 0.624911, -0.016994, 0.617055, 0.152815, -0.77194, 3.598716, -0.098876, 0.988245, 0.116599, 0.651324, 0.0, 0.0, 0.0, 1.0],
                [0.780574, 0.004491, 0.625048, -0.017048, 0.617658, 0.147929, -0.772409, 3.6004, -0.095931, 0.988988, 0.112696, 0.653124, 0.0, 0.0, 0.0, 1.0],
                [0.780473, 0.004595, 0.625172, -0.017097, 0.618199, 0.143447, -0.772822, 3.601942, -0.09323, 0.989647, 0.109116, 0.654764, 0.0, 0.0, 0.0, 1.0],
                [0.780383, 0.004689, 0.625285, -0.017141, 0.618677, 0.139396, -0.773181, 3.603332, -0.090788, 0.990226, 0.105881, 0.656237, 0.0, 0.0, 0.0, 1.0],
                [0.780302, 0.004774, 0.625384, -0.01718, 0.619092, 0.135801, -0.773488, 3.604563, -0.08862, 0.990725, 0.10301, 0.657537, 0.0, 0.0, 0.0, 1.0],
                [0.780233, 0.004847, 0.62547, -0.017214, 0.619445, 0.132689, -0.773745, 3.605627, -0.086743, 0.991146, 0.100526, 0.658657, 0.0, 0.0, 0.0, 1.0],
                [0.780175, 0.004909, 0.625542, -0.017243, 0.619735, 0.130085, -0.773955, 3.606515, -0.085172, 0.991491, 0.098447, 0.659589, 0.0, 0.0, 0.0, 1.0],
                [0.78013, 0.004958, 0.625598, -0.017265, 0.619963, 0.128015, -0.774117, 3.607221, -0.083924, 0.99176, 0.096794, 0.660326, 0.0, 0.0, 0.0, 1.0],
                [0.780096, 0.004994, 0.62564, -0.017282, 0.620128, 0.126505, -0.774234, 3.607734, -0.083012, 0.991953, 0.095589, 0.660861, 0.0, 0.0, 0.0, 1.0],
                [0.780076, 0.005016, 0.625665, -0.017292, 0.620228, 0.12558, -0.774304, 3.608048, -0.082454, 0.992071, 0.094851, 0.661187, 0.0, 0.0, 0.0, 1.0],
                [0.780069, 0.005023, 0.625674, -0.017295, 0.620262, 0.125266, -0.774328, 3.608155, -0.082265, 0.99211, 0.0946, 0.661298, 0.0, 0.0, 0.0, 1.0]
            ]
        },
        {
            "name": "Thigh_R",
            "time": [0.0, 0.0111, 0.0222, 0.0333, 0.0444, 0.0556, 0.0667, 0.0778, 0.0889, 0.1, 0.1111, 0.1222, 0.1333, 0.1444, 0.1556, 0.1667, 0.1778, 0.1889, 0.2, 0.2111, 0.2222, 0.2333, 0.2444, 0.2556, 0.2667, 0.2778, 0.2889, 0.3, 0.3111, 0.3222, 0.3333, 0.3444, 0.3556, 0.3667, 0.3778, 0.3889, 0.4, 0.4111, 0.4222, 0.4333, 0.4444, 0.4556, 0.4667, 0.4778, 0.4889, 0.5, 0.5111, 0.5222, 0.5333, 0.5444, 0.5556, 0.5667, 0.5778, 0.5889, 0.6, 0.6111, 0.6222, 0.6333, 0.6444, 0.6556, 0.6667, 0.6778, 0.6889, 0.7, 0.7111, 0.7222, 0.7333, 0.7444, 0.7556, 0.7667, 0.7778, 0.7889, 0.8, 0.8111, 0.8222, 0.8333, 0.8444, 0.8556, 0.8667, 0.8778, 0.8889, 0.9, 0.9111, 0.9222, 0.9333, 0.9444, 0.9556, 0.9667, 0.9778, 0.9889, 1.0, 1.0111, 1.0222, 1.0333, 1.0444, 1.0556, 1.0667, 1.0778, 1.0889, 1.1, 1.1111],
            "transform": [
                [0.90438, 0.42573, -0.029146, 0.124994, 0.229582, -0.427851, 0.874206, -0.002831, 0.359706, -0.797304, -0.484681, -1.2e-05, 0.0, 0.0, 0.0, 1.0],
                [0.905152, 0.423824, -0.032748, 0.124994, 0.227335, -0.417537, 0.879763, -0.002831, 0.359191, -0.803762, -0.474285, -1.2e-05, 0.0, 0.0, 0.0, 1.0],
                [0.908502, 0.415565, -0.043891, 0.124994, 0.221377, -0.389546, 0.894005, -0.002831, 0.35442, -0.821921, -0.445901, -1.2e-05, 0.0, 0.0, 0.0, 1.0],
                [0.916235, 0.395603, -0.063333, 0.124994, 0.21356, -0.348505, 0.912654, -0.002831, 0.338978, -0.849729, -0.403798, -1.2e-05, 0.0, 0.0, 0.0, 1.0],
                [0.928824, 0.35945, -0.089894, 0.124994, 0.205824, -0.298805, 0.931855, -0.002831, 0.308095, -0.884029, -0.351521, -1.2e-05, 0.0, 0.0, 0.0, 1.0],
                [0.944625, 0.305411, -0.120031, 0.124994, 0.199577, -0.244339, 0.94893, -0.002831, 0.260486, -0.920336, -0.291762, -1.2e-05, 0.0, 0.0, 0.0, 1.0],
                [0.960473, 0.235042, -0.149153, 0.124994, 0.195579, -0.18849, 0.962404, -0.002831, 0.198092, -0.953532, -0.22701, -1.2e-05, 0.0, 0.0, 0.0, 1.0],
                [0.97295, 0.152856, -0.173216, 0.124994, 0.194096, -0.134266, 0.971751, -0.00283, 0.125281, -0.979083, -0.160303, -1.2e-05, 0.0, 0.0, 0.0, 1.0],
                [0.979601, 0.065623, -0.189931, 0.124994, 0.19512, -0.084657, 0.977119, -0.00283, 0.048042, -0.994245, -0.095734, -1.2e-05, 0.0, 0.0, 0.0, 1.0],
                [0.979709, -0.018482, -0.19957, 0.124994, 0.198628, -0.043473, 0.97911, -0.002831, -0.026772, -0.998882, -0.03892, -1.2e-05, 0.0, 0.0, 0.0, 1.0],
                [0.974448, -0.090467, -0.205587, 0.124994, 0.20491, -0.016813, 0.978637, -0.002831, -0.091991, -0.995756, 0.002154, -1.2e-05, 0.0, 0.0, 0.0, 1.0],
                [0.966358, -0.14131, -0.214905, 0.124994, 0.215179, -0.013527, 0.976481, -0.002831, -0.140893, -0.989871, 0.017335, -1.2e-05, 0.0, 0.0, 0.0, 1.0],
                [0.95797, -0.165748, -0.234137, 0.124994, 0.231115, -0.037571, 0.972201, -0.002831, -0.169938, -0.98545, 0.002315, -1.2e-05, 0.0, 0.0, 0.0, 1.0],
                [0.951119, -0.162594, -0.262558, 0.124994, 0.251853, -0.083653, 0.964143, -0.002831, -0.178728, -0.983139, -0.038614, -1.2e-05, 0.0, 0.0, 0.0, 1.0],
                [0.946809, -0.138566, -0.290432, 0.124994, 0.27236, -0.135605, 0.952592, -0.00283, -0.171381, -0.981024, -0.090652, -1.2e-05, 0.0, 0.0, 0.0, 1.0],
                [0.945892, -0.111726, -0.30464, 0.124994, 0.283565, -0.171751, 0.943447, -0.002831, -0.15773, -0.978783, -0.130777, -1.2e-05, 0.0, 0.0, 0.0, 1.0],
                [0.953641, -0.077572, -0.290777, 0.124994, 0.272677, -0.186122, 0.943931, -0.002831, -0.127344, -0.979458, -0.156342, -1.2e-05, 0.0, 0.0, 0.0, 1.0],
                [0.968792, -0.017817, -0.247236, 0.124994, 0.239567, -0.188805, 0.952345, -0.002831, -0.063648, -0.981851, -0.178645, -1.2e-05, 0.0, 0.0, 0.0, 1.0],
                [0.980158, 0.069783, -0.185527, 0.124994, 0.195551, -0.187412, 0.96262, -0.002831, 0.032405, -0.979798, -0.19734, -1.2e-05, 0.0, 0.0, 0.0, 1.0],
                [0.976106, 0.184208, -0.11526, 0.124994, 0.15065, -0.191423, 0.969878, -0.002831, 0.156596, -0.964065, -0.2146, -1.1e-05, 0.0, 0.0, 0.0, 1.0],
                [0.948433, 0.314409, -0.040255, 0.124994, 0.110467, -0.208823, 0.971695, -0.002831, 0.297104, -0.926033, -0.232787, -1.1e-05, 0.0, 0.0, 0.0, 1.0],
                [0.896592, 0.440995, 0.040557, 0.124994, 0.076618, -0.244664, 0.966576, -0.002831, 0.436179, -0.863515, -0.253153, -1.2e-05, 0.0, 0.0, 0.0, 1.0],
                [0.829731, 0.542951, 0.129424, 0.124994, 0.048868, -0.301648, 0.952167, -0.002831, 0.556021, -0.783716, -0.27682, -1.2e-05, 0.0, 0.0, 0.0, 1.0],
                [0.764233, 0.603637, 0.227087, 0.124994, 0.026928, -0.381662, 0.923909, -0.002831, 0.644377, -0.699966, -0.307934, -1.1e-05, 0.0, 0.0, 0.0, 1.0],
                [0.718395, 0.610029, 0.334323, 0.124995, 0.011211, -0.49069, 0.871262, -0.002831, 0.695545, -0.622161, -0.359349, -1.1e-05, 0.0, 0.0, 0.0, 1.0],
                [0.70794, 0.50368, 0.495103, 0.124993, 0.002969, -0.703123, 0.711062, -0.002831, 0.706266, -0.501918, -0.499264, -1.3e-05, 0.0, 0.0, 0.0, 1.0],
                [0.719101, 0.5277, 0.452135, 0.124994, 0.000552, -0.651074, 0.759014, -0.002831, 0.694906, -0.545556, -0.46848, -1.2e-05, 0.0, 0.0, 0.0, 1.0],
                [0.72946, 0.560852, 0.391576, 0.124994, 0.002827, -0.574926, 0.8182, -0.002831, 0.684017, -0.595736, -0.420972, -1.1e-05, 0.0, 0.0, 0.0, 1.0],
                [0.73788, 0.590421, 0.327009, 0.124994, 0.011242, -0.49519, 0.868712, -0.002831, 0.674838, -0.637328, -0.372029, -1.1e-05, 0.0, 0.0, 0.0, 1.0],
                [0.74358, 0.632904, 0.215686, 0.124993, 0.025918, -0.34961, 0.936537, -0.002831, 0.668145, -0.690799, -0.276367, -1.2e-05, 0.0, 0.0, 0.0, 1.0],
                [0.747169, 0.663994, 0.029119, 0.124994, 0.046548, -0.095983, 0.994294, -0.002831, 0.663002, -0.741549, -0.102623, -1.2e-05, 0.0, 0.0, 0.0, 1.0],
                [0.751305, 0.657886, -0.052205, 0.124994, 0.069736, -0.000479, 0.997566, -0.002831, 0.65626, -0.753115, -0.046238, -1.2e-05, 0.0, 0.0, 0.0, 1.0],
                [0.75665, 0.647009, -0.094113, 0.124994, 0.091421, 0.037832, 0.995094, -0.002831, 0.647396, -0.761541, -0.030524, -1.2e-05, 0.0, 0.0, 0.0, 1.0],
                [0.762393, 0.636201, -0.118334, 0.124994, 0.110789, 0.05184, 0.992492, -0.002831, 0.637559, -0.769778, -0.030961, -1.2e-05, 0.0, 0.0, 0.0, 1.0],
                [0.767863, 0.626575, -0.133372, 0.124994, 0.12752, 0.054527, 0.990337, -0.002831, 0.627793, -0.777449, -0.038031, -1.2e-05, 0.0, 0.0, 0.0, 1.0],
                [0.772663, 0.618351, -0.143641, 0.124994, 0.141598, 0.052697, 0.988521, -0.002831, 0.618823, -0.784131, -0.04684, -1.2e-05, 0.0, 0.0, 0.0, 1.0],
                [0.776667, 0.611442, -0.151409, 0.124994, 0.153076, 0.049954, 0.986951, -0.002831, 0.611028, -0.789708, -0.054799, -1.2e-05, 0.0, 0.0, 0.0, 1.0],
                [0.779884, 0.605919, -0.156977, 0.124994, 0.161975, 0.046882, 0.985681, -0.002831, 0.604603, -0.794141, -0.061581, -1.1e-05, 0.0, 0.0, 0.0, 1.0],
                [0.782312, 0.601884, -0.160382, 0.124995, 0.168304, 0.043651, 0.984769, -0.002831, 0.599718, -0.797387, -0.06715, -1.1e-05, 0.0, 0.0, 0.0, 1.0],
                [0.783939, 0.599432, -0.161612, 0.124994, 0.172032, 0.040383, 0.984264, -0.002831, 0.596526, -0.799404, -0.071464, -1.2e-05, 0.0, 0.0, 0.0, 1.0],
                [0.78473, 0.598668, -0.160604, 0.124994, 0.173076, 0.037165, 0.984207, -0.002831, 0.595183, -0.800132, -0.074451, -1.1e-05, 0.0, 0.0, 0.0, 1.0],
                [0.78507, 0.598819, -0.158366, 0.124995, 0.172745, 0.033859, 0.984385, -0.002831, 0.594831, -0.800166, -0.076861, -1.1e-05, 0.0, 0.0, 0.0, 1.0],
                [0.785391, 0.599025, -0.155978, 0.124994, 0.172432, 0.030285, 0.984556, -0.00283, 0.594498, -0.800155, -0.079506, -1.1e-05, 0.0, 0.0, 0.0, 1.0],
                [0.785698, 0.599278, -0.153436, 0.124994, 0.172133, 0.026443, 0.984719, -0.002831, 0.594179, -0.800102, -0.082379, -1.2e-05, 0.0, 0.0, 0.0, 1.0],
                [0.785997, 0.599573, -0.150728, 0.124994, 0.171841, 0.022319, 0.984872, -0.002831, 0.593867, -0.800007, -0.085489, -1.2e-05, 0.0, 0.0, 0.0, 1.0],
                [0.786294, 0.599902, -0.147841, 0.124994, 0.17155, 0.017896, 0.985013, -0.002831, 0.593558, -0.799871, -0.088841, -1.1e-05, 0.0, 0.0, 0.0, 1.0],
                [0.786594, 0.600261, -0.144758, 0.124994, 0.171257, 0.013156, 0.985139, -0.002831, 0.593245, -0.799694, -0.092451, -1.2e-05, 0.0, 0.0, 0.0, 1.0],
                [0.786904, 0.600641, -0.14146, 0.124994, 0.170954, 0.008073, 0.985246, -0.002831, 0.592922, -0.799476, -0.09633, -1.2e-05, 0.0, 0.0, 0.0, 1.0],
                [0.787227, 0.601038, -0.137931, 0.124994, 0.170637, 0.002625, 0.985331, -0.002831, 0.592584, -0.799214, -0.100493, -1.2e-05, 0.0, 0.0, 0.0, 1.0],
                [0.787572, 0.601442, -0.13415, 0.124995, 0.170299, -0.003214, 0.985388, -0.002831, 0.592223, -0.798907, -0.104956, -1.2e-05, 0.0, 0.0, 0.0, 1.0],
                [0.787941, 0.601847, -0.130103, 0.124994, 0.169937, -0.009464, 0.98541, -0.00283, 0.591836, -0.798553, -0.109733, -1.2e-05, 0.0, 0.0, 0.0, 1.0],
                [0.788373, 0.602252, -0.125535, 0.124994, 0.169565, -0.016572, 0.98538, -0.00283, 0.591367, -0.798132, -0.115186, -1.2e-05, 0.0, 0.0, 0.0, 1.0],
                [0.788894, 0.602651, -0.120234, 0.124994, 0.169209, -0.024932, 0.985265, -0.002831, 0.590775, -0.797613, -0.121643, -1.2e-05, 0.0, 0.0, 0.0, 1.0],
                [0.789501, 0.603024, -0.114231, 0.124993, 0.168864, -0.034488, 0.985036, -0.002831, 0.590062, -0.796974, -0.129058, -1.2e-05, 0.0, 0.0, 0.0, 1.0],
                [0.790189, 0.60335, -0.107555, 0.124994, 0.16853, -0.045189, 0.98466, -0.002831, 0.589235, -0.796193, -0.137391, -1.2e-05, 0.0, 0.0, 0.0, 1.0],
                [0.790955, 0.603606, -0.100244, 0.124994, 0.168206, -0.056979, 0.984104, -0.002831, 0.5883, -0.795242, -0.146598, -1.2e-05, 0.0, 0.0, 0.0, 1.0],
                [0.791795, 0.603767, -0.092326, 0.124994, 0.167889, -0.069805, 0.983332, -0.002831, 0.587259, -0.794097, -0.156637, -1.1e-05, 0.0, 0.0, 0.0, 1.0],
                [0.792705, 0.603812, -0.083837, 0.124994, 0.167577, -0.08361, 0.982308, -0.002831, 0.58612, -0.792728, -0.167463, -1.2e-05, 0.0, 0.0, 0.0, 1.0],
                [0.793682, 0.603714, -0.074811, 0.124994, 0.167269, -0.09834, 0.980995, -0.002831, 0.584884, -0.79111, -0.179034, -1.2e-05, 0.0, 0.0, 0.0, 1.0],
                [0.794722, 0.60345, -0.065281, 0.124994, 0.166962, -0.113936, 0.979359, -0.002831, 0.583557, -0.789217, -0.191301, -1.2e-05, 0.0, 0.0, 0.0, 1.0],
                [0.795823, 0.602999, -0.055285, 0.124993, 0.166657, -0.130341, 0.977363, -0.002831, 0.582143, -0.78702, -0.204222, -1.2e-05, 0.0, 0.0, 0.0, 1.0],
                [0.796982, 0.602334, -0.044856, 0.124994, 0.166347, -0.147496, 0.974974, -0.00283, 0.580645, -0.784497, -0.217749, -1.2e-05, 0.0, 0.0, 0.0, 1.0],
                [0.798194, 0.601436, -0.034035, 0.124995, 0.166035, -0.165339, 0.972161, -0.00283, 0.579066, -0.781623, -0.231832, -1.1e-05, 0.0, 0.0, 0.0, 1.0],
                [0.799458, 0.600286, -0.022857, 0.124994, 0.165718, -0.183809, 0.968893, -0.002831, 0.577412, -0.778375, -0.246426, -1.2e-05, 0.0, 0.0, 0.0, 1.0],
                [0.800769, 0.598864, -0.011362, 0.124994, 0.165393, -0.202843, 0.965143, -0.002831, 0.575686, -0.774734, -0.261479, -1.2e-05, 0.0, 0.0, 0.0, 1.0],
                [0.802126, 0.597154, 0.000412, 0.124994, 0.16506, -0.222378, 0.960887, -0.002831, 0.57389, -0.770683, -0.276942, -1.2e-05, 0.0, 0.0, 0.0, 1.0],
                [0.803524, 0.59514, 0.012423, 0.124994, 0.164717, -0.242348, 0.956105, -0.002831, 0.572028, -0.766206, -0.292763, -1.3e-05, 0.0, 0.0, 0.0, 1.0],
                [0.804963, 0.592812, 0.02463, 0.124994, 0.164364, -0.262687, 0.950779, -0.002831, 0.570104, -0.761292, -0.308891, -1.2e-05, 0.0, 0.0, 0.0, 1.0],
                [0.806438, 0.590159, 0.036994, 0.124993, 0.163998, -0.283329, 0.944897, -0.002831, 0.568122, -0.755932, -0.325273, -1.2e-05, 0.0, 0.0, 0.0, 1.0],
                [0.807946, 0.587174, 0.049472, 0.124994, 0.16362, -0.304207, 0.938449, -0.00283, 0.566084, -0.75012, -0.341858, -1.2e-05, 0.0, 0.0, 0.0, 1.0],
                [0.809486, 0.583854, 0.062023, 0.124994, 0.163227, -0.325252, 0.931434, -0.002831, 0.563995, -0.743857, -0.358588, -1.1e-05, 0.0, 0.0, 0.0, 1.0],
                [0.811051, 0.580197, 0.074605, 0.124994, 0.162822, -0.3464, 0.923848, -0.002831, 0.561858, -0.737139, -0.375417, -1.2e-05, 0.0, 0.0, 0.0, 1.0],
                [0.812642, 0.576205, 0.087177, 0.124994, 0.162402, -0.36758, 0.915703, -0.002831, 0.559677, -0.729979, -0.392288, -1.2e-05, 0.0, 0.0, 0.0, 1.0],
                [0.814254, 0.571882, 0.099698, 0.124993, 0.161966, -0.388728, 0.907004, -0.002831, 0.557456, -0.722383, -0.40915, -1.2e-05, 0.0, 0.0, 0.0, 1.0],
                [0.815884, 0.567238, 0.112127, 0.124995, 0.161515, -0.409777, 0.897772, -0.00283, 0.555199, -0.714367, -0.425949, -1.1e-05, 0.0, 0.0, 0.0, 1.0],
                [0.817527, 0.562287, 0.124423, 0.124994, 0.161052, -0.430661, 0.888028, -0.002831, 0.552911, -0.705948, -0.442635, -1.2e-05, 0.0, 0.0, 0.0, 1.0],
                [0.819182, 0.55704, 0.136551, 0.124994, 0.160574, -0.451318, 0.877797, -0.002831, 0.550596, -0.697148, -0.459159, -1.2e-05, 0.0, 0.0, 0.0, 1.0],
                [0.820843, 0.551518, 0.148469, 0.124994, 0.160084, -0.471684, 0.867114, -0.00283, 0.548261, -0.687996, -0.475469, -1.3e-05, 0.0, 0.0, 0.0, 1.0],
                [0.822507, 0.545743, 0.160142, 0.124994, 0.159583, -0.491698, 0.856017, -0.002831, 0.545908, -0.678523, -0.491517, -1.3e-05, 0.0, 0.0, 0.0, 1.0],
                [0.824169, 0.53974, 0.171534, 0.124994, 0.159069, -0.5113, 0.844553, -0.002831, 0.543545, -0.668767, -0.507255, -1.1e-05, 0.0, 0.0, 0.0, 1.0],
                [0.825825, 0.533539, 0.182615, 0.124994, 0.158549, -0.530435, 0.832767, -0.002831, 0.541179, -0.658764, -0.52264, -1.2e-05, 0.0, 0.0, 0.0, 1.0],
                [0.827471, 0.527168, 0.193349, 0.124994, 0.158019, -0.549047, 0.820717, -0.002831, 0.538814, -0.648566, -0.537624, -1.1e-05, 0.0, 0.0, 0.0, 1.0],
                [0.8291, 0.520668, 0.203708, 0.124994, 0.157486, -0.567081, 0.808466, -0.002831, 0.536461, -0.638217, -0.552165, -1.2e-05, 0.0, 0.0, 0.0, 1.0],
                [0.830708, 0.514073, 0.213664, 0.124994, 0.156948, -0.58449, 0.796077, -0.002831, 0.534127, -0.627772, -0.566224, -1.2e-05, 0.0, 0.0, 0.0, 1.0],
                [0.832288, 0.507426, 0.223192, 0.124994, 0.156411, -0.601224, 0.783623, -0.002831, 0.531819, -0.617289, -0.57976, -1.2e-05, 0.0, 0.0, 0.0, 1.0],
                [0.833833, 0.500771, 0.232268, 0.124993, 0.155878, -0.617238, 0.77118, -0.002831, 0.52955, -0.606829, -0.592734, -1.2e-05, 0.0, 0.0, 0.0, 1.0],
                [0.83534, 0.494154, 0.240868, 0.124995, 0.155348, -0.632487, 0.758833, -0.002831, 0.527327, -0.596464, -0.605108, -1.2e-05, 0.0, 0.0, 0.0, 1.0],
                [0.836799, 0.487626, 0.248974, 0.124994, 0.154829, -0.646929, 0.746666, -0.002831, 0.525163, -0.58626, -0.616848, -1.2e-05, 0.0, 0.0, 0.0, 1.0],
                [0.838202, 0.481238, 0.256567, 0.124995, 0.154322, -0.660526, 0.734772, -0.002831, 0.52307, -0.576292, -0.627921, -1.2e-05, 0.0, 0.0, 0.0, 1.0],
                [0.839543, 0.475043, 0.26363, 0.124994, 0.153832, -0.673238, 0.723246, -0.002831, 0.521059, -0.56664, -0.63829, -1.2e-05, 0.0, 0.0, 0.0, 1.0],
                [0.840813, 0.469096, 0.27015, 0.124993, 0.153363, -0.685032, 0.712187, -0.002831, 0.519147, -0.557384, -0.647927, -1.2e-05, 0.0, 0.0, 0.0, 1.0],
                [0.842003, 0.463455, 0.276113, 0.124994, 0.152918, -0.695869, 0.701699, -0.002831, 0.517345, -0.548609, -0.656796, -1.2e-05, 0.0, 0.0, 0.0, 1.0],
                [0.843107, 0.458177, 0.281503, 0.124994, 0.152502, -0.705716, 0.691887, -0.002831, 0.515669, -0.540404, -0.664868, -1.2e-05, 0.0, 0.0, 0.0, 1.0],
                [0.844113, 0.453318, 0.286313, 0.124994, 0.152119, -0.714541, 0.682854, -0.002831, 0.514133, -0.532851, -0.672113, -1.1e-05, 0.0, 0.0, 0.0, 1.0],
                [0.845013, 0.44894, 0.290527, 0.124994, 0.151775, -0.722307, 0.674711, -0.002831, 0.512755, -0.526044, -0.678498, -1.2e-05, 0.0, 0.0, 0.0, 1.0],
                [0.845797, 0.445097, 0.294134, 0.124994, 0.151473, -0.728982, 0.667563, -0.002831, 0.511549, -0.520069, -0.683993, -1.2e-05, 0.0, 0.0, 0.0, 1.0],
                [0.846459, 0.441844, 0.297121, 0.124994, 0.151218, -0.73453, 0.661513, -0.002831, 0.510529, -0.515012, -0.688564, -1.2e-05, 0.0, 0.0, 0.0, 1.0],
                [0.846986, 0.439236, 0.299474, 0.124994, 0.151014, -0.738914, 0.656658, -0.002831, 0.509714, -0.510955, -0.692182, -1.2e-05, 0.0, 0.0, 0.0, 1.0],
                [0.847374, 0.43732, 0.301179, 0.124994, 0.150863, -0.742097, 0.653094, -0.00283, 0.509115, -0.507977, -0.69481, -1.2e-05, 0.0, 0.0, 0.0, 1.0],
                [0.847611, 0.436142, 0.302217, 0.124994, 0.150771, -0.744039, 0.650902, -0.002831, 0.508748, -0.506144, -0.696414, -1.2e-05, 0.0, 0.0, 0.0, 1.0],
                [0.847691, 0.435742, 0.302568, 0.124994, 0.150739, -0.744697, 0.650155, -0.002831, 0.508622, -0.505521, -0.696958, -1.2e-05, 0.0, 0.0, 0.0, 1.0]
            ]
        },
        {
            "name": "Leg_R",
            "time": [0.0, 0.0111, 0.0222, 0.0333, 0.0444, 0.0556, 0.0667, 0.0778, 0.0889, 0.1, 0.1111, 0.1222, 0.1333, 0.1444, 0.1556, 0.1667, 0.1778, 0.1889, 0.2, 0.2111, 0.2222, 0.2333, 0.2444, 0.2556, 0.2667, 0.2778, 0.2889, 0.3, 0.3111, 0.3222, 0.3333, 0.3444, 0.3556, 0.3667, 0.3778, 0.3889, 0.4, 0.4111, 0.4222, 0.4333, 0.4444, 0.4556, 0.4667, 0.4778, 0.4889, 0.5, 0.5111, 0.5222, 0.5333, 0.5444, 0.5556, 0.5667, 0.5778, 0.5889, 0.6, 0.6111, 0.6222, 0.6333, 0.6444, 0.6556, 0.6667, 0.6778, 0.6889, 0.7, 0.7111, 0.7222, 0.7333, 0.7444, 0.7556, 0.7667, 0.7778, 0.7889, 0.8, 0.8111, 0.8222, 0.8333, 0.8444, 0.8556, 0.8667, 0.8778, 0.8889, 0.9, 0.9111, 0.9222, 0.9333, 0.9444, 0.9556, 0.9667, 0.9778, 0.9889, 1.0, 1.0111, 1.0222, 1.0333, 1.0444, 1.0556, 1.0667, 1.0778, 1.0889, 1.1, 1.1111],
            "transform": [
                [1.0, -1e-06, 0.0, -0.0, -0.0, 0.252135, 0.967691, 0.374726, -1e-06, -0.967693, 0.252133, 0.0, 0.0, 0.0, 0.0, 1.0],
                [1.0, -1e-06, 0.0, -0.0, -0.0, 0.246881, 0.969045, 0.374726, -1e-06, -0.969047, 0.246879, 0.0, 0.0, 0.0, 0.0, 1.0],
                [1.0, -1e-06, 0.0, -0.0, -0.0, 0.231687, 0.972789, 0.374726, -1e-06, -0.972791, 0.231685, 0.0, 0.0, 0.0, 0.0, 1.0],
                [1.000001, -1e-06, 0.0, 0.0, -0.0, 0.207934, 0.978142, 0.374726, -1e-06, -0.978144, 0.207933, 0.0, 0.0, 0.0, 0.0, 1.0],
                [1.0, -1e-06, 0.0, -0.0, -0.0, 0.176911, 0.984226, 0.374726, -1e-06, -0.984227, 0.17691, 0.0, 0.0, 0.0, 0.0, 1.0],
                [1.0, -1e-06, 0.0, -0.0, -0.0, 0.139036, 0.990287, 0.374726, -1e-06, -0.990288, 0.139035, 0.0, 0.0, 0.0, 0.0, 1.0],
                [1.000001, -1e-06, 0.0, 0.0, -0.0, 0.093431, 0.995625, 0.374726, -1e-06, -0.995627, 0.093431, -0.0, 0.0, 0.0, 0.0, 1.0],
                [1.0, -1e-06, 0.0, -0.0, -0.0, 0.037941, 0.999279, 0.374726, -1e-06, -0.999281, 0.037941, -0.0, 0.0, 0.0, 0.0, 1.0],
                [1.0, -1e-06, 0.0, 0.0, -0.0, -0.030308, 0.99954, 0.374726, -1e-06, -0.999542, -0.030308, -0.0, 0.0, 0.0, 0.0, 1.0],
                [1.0, -1e-06, 0.0, 0.0, -0.0, -0.113681, 0.993517, 0.374726, -1e-06, -0.993518, -0.11368, 0.0, 0.0, 0.0, 0.0, 1.0],
                [1.0, -1e-06, 0.0, 0.0, -0.0, -0.212245, 0.977216, 0.374726, -1e-06, -0.977218, -0.212244, 0.0, 0.0, 0.0, 0.0, 1.0],
                [1.0, -1e-06, 0.0, 0.0, -0.0, -0.3191, 0.94772, 0.374726, -1e-06, -0.947722, -0.319099, 0.0, 0.0, 0.0, 0.0, 1.0],
                [1.0, -1e-06, -0.0, -0.0, -0.0, -0.415505, 0.90959, 0.374726, -1e-06, -0.909592, -0.415503, -0.0, 0.0, 0.0, 0.0, 1.0],
                [1.0, -1e-06, -0.0, 0.0, -0.0, -0.487268, 0.873251, 0.374726, -1e-06, -0.873254, -0.487265, 0.0, 0.0, 0.0, 0.0, 1.0],
                [1.0, -1e-06, -0.0, 0.0, -0.0, -0.529992, 0.848003, 0.374726, -1e-06, -0.848006, -0.529988, 0.0, 0.0, 0.0, 0.0, 1.0],
                [1.0, -1e-06, -0.0, -0.0, -0.0, -0.546604, 0.837391, 0.374726, -1e-06, -0.837394, -0.5466, 0.0, 0.0, 0.0, 0.0, 1.0],
                [1.0, -1e-06, -0.0, -0.0, -0.0, -0.533774, 0.845627, 0.374726, -1e-06, -0.84563, -0.53377, -0.0, 0.0, 0.0, 0.0, 1.0],
                [1.0, -1e-06, -0.0, -0.0, -0.0, -0.487281, 0.873245, 0.374726, -1e-06, -0.873247, -0.487278, -0.0, 0.0, 0.0, 0.0, 1.0],
                [1.0, -1e-06, -0.0, -0.0, -0.0, -0.405853, 0.913937, 0.374726, -1e-06, -0.913939, -0.40585, 0.0, 0.0, 0.0, 0.0, 1.0],
                [1.0, -1e-06, 0.0, 0.0, -0.0, -0.28616, 0.958181, 0.374726, -1e-06, -0.958183, -0.286159, 0.0, 0.0, 0.0, 0.0, 1.0],
                [1.0, -1e-06, 0.0, 0.0, -0.0, -0.126176, 0.992007, 0.374727, -1e-06, -0.992009, -0.126176, 0.0, 0.0, 0.0, 0.0, 1.0],
                [1.0, -1e-06, 0.0, 0.0, -0.0, 0.072903, 0.997339, 0.374726, -1e-06, -0.99734, 0.072902, -0.0, 0.0, 0.0, 0.0, 1.0],
                [1.0, -1e-06, 0.0, 0.0, -0.0, 0.304782, 0.952421, 0.374726, -1e-06, -0.952423, 0.30478, 0.0, 0.0, 0.0, 0.0, 1.0],
                [1.0, -1e-06, 1e-06, 0.0, -0.0, 0.55588, 0.831263, 0.374726, -1e-06, -0.831265, 0.555877, -0.0, 0.0, 0.0, 0.0, 1.0],
                [1.0, -0.0, 1e-06, -0.0, -0.0, 0.804022, 0.594603, 0.374726, -1e-06, -0.594606, 0.804015, 0.0, 0.0, 0.0, 0.0, 1.0],
                [1.0, 0.0, 1e-06, 0.0, 0.0, 0.999993, 0.004685, 0.374726, -1e-06, -0.004685, 0.999985, 0.0, 0.0, 0.0, 0.0, 1.0],
                [1.0, -0.0, 1e-06, 0.0, 0.0, 0.999994, 0.004722, 0.374727, -1e-06, -0.004722, 0.999983, 0.0, 0.0, 0.0, 0.0, 1.0],
                [1.0, -0.0, 1e-06, -0.0, 0.0, 0.999994, 0.004731, 0.374726, -1e-06, -0.004731, 0.999983, 0.0, 0.0, 0.0, 0.0, 1.0],
                [1.0, -0.0, 1e-06, 0.0, 0.0, 0.999994, 0.004716, 0.374726, -1e-06, -0.004716, 0.999984, -0.0, 0.0, 0.0, 0.0, 1.0],
                [1.0, -0.0, 1e-06, -0.0, -0.0, 0.979775, 0.200126, 0.374726, -1e-06, -0.200128, 0.979765, -0.0, 0.0, 0.0, 0.0, 1.0],
                [1.0, -0.0, 1e-06, 0.0, -0.0, 0.74617, 0.665758, 0.374726, -1e-06, -0.66576, 0.746164, -0.0, 0.0, 0.0, 0.0, 1.0],
                [1.0, -1e-06, 1e-06, -0.0, -0.0, 0.534772, 0.844996, 0.374726, -1e-06, -0.844999, 0.534768, -0.0, 0.0, 0.0, 0.0, 1.0],
                [1.0, -1e-06, 1e-06, -0.0, -0.0, 0.406661, 0.913579, 0.374726, -1e-06, -0.913581, 0.406658, 0.0, 0.0, 0.0, 0.0, 1.0],
                [1.0, -1e-06, 0.0, 0.0, -0.0, 0.33396, 0.942587, 0.374726, -1e-06, -0.942589, 0.333957, -0.0, 0.0, 0.0, 0.0, 1.0],
                [1.0, -1e-06, 0.0, -0.0, -0.0, 0.295974, 0.955195, 0.374726, -1e-06, -0.955197, 0.295971, 0.0, 0.0, 0.0, 0.0, 1.0],
                [1.0, -1e-06, 0.0, -0.0, -0.0, 0.275926, 0.961178, 0.374726, -1e-06, -0.96118, 0.275924, 0.0, 0.0, 0.0, 0.0, 1.0],
                [1.0, -1e-06, 0.0, -0.0, -0.0, 0.261388, 0.965234, 0.374726, -1e-06, -0.965235, 0.261386, 0.0, 0.0, 0.0, 0.0, 1.0],
