{
    "animation": [
        {
            "name": "Root",
            "time": [0.0, 0.0167, 0.0333, 0.05, 0.0667, 0.0833, 0.1, 0.1167, 0.1333, 0.15, 0.1667, 0.1833, 0.2, 0.2167, 0.2333, 0.25, 0.2667, 0.2833, 0.3, 0.3167, 0.3333, 0.35, 0.3667, 0.3833, 0.4, 0.4167, 0.4333, 0.45, 0.4667, 0.4833, 0.5, 0.5167, 0.5333, 0.55, 0.5667, 0.5833, 0.6, 0.6167, 0.6333, 0.65, 0.6667, 0.6833, 0.7, 0.7167, 0.7333, 0.75, 0.7667, 0.7833, 0.8, 0.8167, 0.8333, 0.85, 0.8667, 0.8833, 0.9, 0.9167, 0.9333, 0.95, 0.9667, 0.9833, 1.0, 1.0167, 1.0333, 1.05, 1.0667, 1.0833, 1.1, 1.1167, 1.1333, 1.15, 1.1667, 1.1833, 1.2, 1.2167, 1.2333, 1.25, 1.2667, 1.2833, 1.3, 1.3167, 1.3333, 1.35, 1.3667, 1.3833, 1.4, 1.4167, 1.4333, 1.45, 1.4667, 1.4833, 1.5, 1.5167, 1.5333, 1.55, 1.5667, 1.5833, 1.6, 1.6167, 1.6333, 1.65, 1.6667],
            "transform": [
                [0.434724, -0.116169, 0.89304, 0.031932, 0.85527, 0.363787, -0.369015, -0.066583, -0.282008, 0.92421, 0.257503, 0.615888, 0.0, 0.0, 0.0, 1.0],
                [0.428705, -0.11787, 0.895722, 0.031932, 0.858651, 0.361474, -0.363395, -0.06747, -0.280947, 0.924902, 0.256175, 0.616436, 0.0, 0.0, 0.0, 1.0],
                [0.411623, -0.12258, 0.903073, 0.031932, 0.867951, 0.354886, -0.347443, -0.069966, -0.277898, 0.926839, 0.252473, 0.617978, 0.0, 0.0, 0.0, 1.0],
                [0.384812, -0.129622, 0.913848, 0.031932, 0.881694, 0.34448, -0.322411, -0.073825, -0.273011, 0.929802, 0.246847, 0.620361, 0.0, 0.0, 0.0, 1.0],
                [0.349572, -0.138256, 0.926652, 0.031932, 0.898236, 0.330687, -0.289514, -0.078797, -0.266405, 0.933559, 0.239785, 0.623432, 0.0, 0.0, 0.0, 1.0],
                [0.307298, -0.147724, 0.940077, 0.031932, 0.91591, 0.313974, -0.25006, -0.084635, -0.25822, 0.937869, 0.231786, 0.627038, 0.0, 0.0, 0.0, 1.0],
                [0.259566, -0.157311, 0.952827, 0.031932, 0.933165, 0.294897, -0.205523, -0.091093, -0.248655, 0.942491, 0.223342, 0.631027, 0.0, 0.0, 0.0, 1.0],
                [0.208175, -0.166385, 0.963836, 0.031932, 0.948696, 0.274124, -0.157583, -0.097922, -0.237991, 0.947191, 0.214915, 0.635245, 0.0, 0.0, 0.0, 1.0],
                [0.155115, -0.174456, 0.972371, 0.031932, 0.961557, 0.252435, -0.1081, -0.104875, -0.226602, 0.951757, 0.206906, 0.639539, 0.0, 0.0, 0.0, 1.0],
                [0.102518, -0.181198, 0.978089, 0.031932, 0.971231, 0.230699, -0.05906, -0.111704, -0.214942, 0.956005, 0.199636, 0.643757, 0.0, 0.0, 0.0, 1.0],
                [0.052557, -0.186471, 0.981054, 0.031932, 0.977656, 0.209841, -0.01249, -0.118162, -0.203536, 0.959789, 0.193333, 0.647745, 0.0, 0.0, 0.0, 1.0],
                [0.007369, -0.190306, 0.981697, 0.031932, 0.981182, 0.190801, 0.029622, -0.124, -0.192946, 0.963005, 0.188131, 0.651352, 0.0, 0.0, 0.0, 1.0],
                [-0.031008, -0.19287, 0.980734, 0.031932, 0.982484, 0.174501, 0.065381, -0.128973, -0.18375, 0.965583, 0.184081, 0.654423, 0.0, 0.0, 0.0, 1.0],
                [-0.060661, -0.194416, 0.979042, 0.031932, 0.982427, 0.161826, 0.093006, -0.132831, -0.176516, 0.967478, 0.181183, 0.656806, 0.0, 0.0, 0.0, 1.0],
                [-0.079767, -0.195211, 0.977512, 0.031932, 0.981898, 0.153621, 0.110803, -0.135327, -0.171796, 0.968655, 0.179423, 0.658348, 0.0, 0.0, 0.0, 1.0],
                [-0.08654, -0.195455, 0.976887, 0.031932, 0.981618, 0.150706, 0.117112, -0.136214, -0.170113, 0.969064, 0.17882, 0.658896, 0.0, 0.0, 0.0, 1.0],
                [-0.039906, -0.192604, 0.980465, 0.031932, 0.980363, 0.182102, 0.075674, -0.135889, -0.19312, 0.964231, 0.181555, 0.658896, 0.0, 0.0, 0.0, 1.0],
                [0.079364, -0.178955, 0.980651, 0.031932, 0.965913, 0.256969, -0.031278, -0.133615, -0.246399, 0.949706, 0.193249, 0.658896, 0.0, 0.0, 0.0, 1.0],
                [0.236991, -0.147933, 0.960183, 0.031932, 0.922453, 0.344365, -0.174623, -0.127441, -0.304821, 0.927108, 0.218072, 0.658896, 0.0, 0.0, 0.0, 1.0],
                [0.39616, -0.103781, 0.912298, 0.031932, 0.851087, 0.414344, -0.322445, -0.115419, -0.344542, 0.904184, 0.252473, 0.658896, 0.0, 0.0, 0.0, 1.0],
                [0.527794, -0.063642, 0.846985, 0.031932, 0.774715, 0.444881, -0.44933, -0.095599, -0.348211, 0.893326, 0.28411, 0.658896, 0.0, 0.0, 0.0, 1.0],
                [0.621979, -0.037002, 0.782159, 0.034312, 0.709638, 0.448869, -0.543075, -0.064249, -0.330992, 0.892831, 0.305445, 0.65902, 0.0, 0.0, 0.0, 1.0],
                [0.68843, -0.017001, 0.725103, 0.040771, 0.65275, 0.450355, -0.609177, -0.024734, -0.316197, 0.892687, 0.321136, 0.659439, 0.0, 0.0, 0.0, 1.0],
                [0.736666, -0.002053, 0.676254, 0.050289, 0.604573, 0.450065, -0.657215, 0.014253, -0.303009, 0.892993, 0.332789, 0.660221, 0.0, 0.0, 0.0, 1.0],
                [0.774198, 0.009452, 0.632873, 0.061848, 0.562596, 0.447858, -0.694916, 0.044019, -0.290005, 0.894055, 0.341414, 0.661433, 0.0, 0.0, 0.0, 1.0],
                [0.806898, 0.019041, 0.590384, 0.074426, 0.522551, 0.443015, -0.728476, 0.055873, -0.27542, 0.896312, 0.347518, 0.663144, 0.0, 0.0, 0.0, 1.0],
                [0.839122, 0.028028, 0.543221, 0.087004, 0.479158, 0.434592, -0.762586, 0.041813, -0.257454, 0.900191, 0.351246, 0.665421, 0.0, 0.0, 0.0, 1.0],
                [0.873358, 0.037317, 0.485647, 0.098562, 0.42674, 0.422051, -0.799854, 0.004231, -0.234816, 0.905803, 0.352677, 0.668333, 0.0, 0.0, 0.0, 1.0],
                [0.910406, 0.047487, 0.410981, 0.10808, 0.358622, 0.404722, -0.841184, -0.049973, -0.206279, 0.913206, 0.351432, 0.671947, 0.0, 0.0, 0.0, 1.0],
                [0.94848, 0.058612, 0.311368, 0.114539, 0.266933, 0.381581, -0.884953, -0.1139, -0.170681, 0.922475, 0.346277, 0.676331, 0.0, 0.0, 0.0, 1.0],
                [0.981482, 0.069894, 0.178346, 0.116919, 0.143114, 0.35129, -0.925264, -0.180651, -0.127322, 0.933654, 0.334782, 0.681554, 0.0, 0.0, 0.0, 1.0],
                [0.996822, 0.079267, 0.007925, 0.111696, -0.017362, 0.313275, -0.949504, -0.24387, -0.077747, 0.946348, 0.313656, 0.687535, 0.0, 0.0, 0.0, 1.0],
                [0.978834, 0.084436, -0.186425, 0.09785, -0.202593, 0.270793, -0.941078, -0.299375, -0.028979, 0.958927, 0.282168, 0.693608, 0.0, 0.0, 0.0, 1.0],
                [0.920165, 0.08528, -0.382129, 0.078117, -0.391364, 0.228767, -0.891347, -0.343527, 0.011405, 0.969739, 0.243879, 0.698955, 0.0, 0.0, 0.0, 1.0],
                [0.826143, 0.084502, -0.557089, 0.055233, -0.562125, 0.19166, -0.804539, -0.372687, 0.038786, 0.977817, 0.205839, 0.702762, 0.0, 0.0, 0.0, 1.0],
                [0.711747, 0.086779, -0.697055, 0.031932, -0.700459, 0.162098, -0.695041, -0.383216, 0.052676, 0.982951, 0.176158, 0.704212, 0.0, 0.0, 0.0, 1.0],
                [0.592041, 0.093825, -0.800427, 0.010493, -0.803895, 0.138898, -0.578325, -0.383105, 0.056916, 0.985852, 0.157659, 0.704212, 0.0, 0.0, 0.0, 1.0],
                [0.473383, 0.103631, -0.87474, -0.00864, -0.879058, 0.119017, -0.46162, -0.382328, 0.056271, 0.987469, 0.147438, 0.704212, 0.0, 0.0, 0.0, 1.0],
                [0.358207, 0.115598, -0.926458, -0.025476, -0.932115, 0.101001, -0.347793, -0.380219, 0.053369, 0.988148, 0.14393, 0.704212, 0.0, 0.0, 0.0, 1.0],
                [0.246679, 0.128942, -0.960481, -0.04003, -0.967812, 0.083798, -0.237312, -0.376114, 0.049887, 0.988105, 0.145463, 0.704212, 0.0, 0.0, 0.0, 1.0],
                [0.137642, 0.142797, -0.980135, -0.052311, -0.989373, 0.066646, -0.12923, -0.369345, 0.046869, 0.987506, 0.150453, 0.704212, 0.0, 0.0, 0.0, 1.0],
                [0.029174, 0.156231, -0.98729, -0.062333, -0.998563, 0.048972, -0.021757, -0.359247, 0.04495, 0.986506, 0.157435, 0.704212, 0.0, 0.0, 0.0, 1.0],
                [-0.081149, 0.1682, -0.982407, -0.070107, -0.995708, 0.030336, 0.087441, -0.345154, 0.04451, 0.985286, 0.165016, 0.704212, 0.0, 0.0, 0.0, 1.0],
                [-0.196088, 0.177454, -0.964396, -0.075646, -0.979519, 0.010419, 0.20108, -0.326401, 0.04573, 0.984074, 0.171776, 0.704212, 0.0, 0.0, 0.0, 1.0],
                [-0.318584, 0.182381, -0.930184, -0.07896, -0.946649, -0.010924, 0.322081, -0.302322, 0.04858, 0.983167, 0.176131, 0.704212, 0.0, 0.0, 0.0, 1.0],
                [-0.451325, 0.180792, -0.873854, -0.080062, -0.890804, -0.033473, 0.453155, -0.27225, 0.052676, 0.982951, 0.176158, 0.704212, 0.0, 0.0, 0.0, 1.0],
                [-0.595354, 0.168545, -0.785586, -0.078635, -0.801627, -0.058533, 0.594952, -0.228434, 0.054294, 0.983954, 0.169958, 0.704187, 0.0, 0.0, 0.0, 1.0],
                [-0.744473, 0.141383, -0.652511, -0.07462, -0.665864, -0.085754, 0.741128, -0.165729, 0.048828, 0.986234, 0.157983, 0.704017, 0.0, 0.0, 0.0, 1.0],
                [-0.881844, 0.096503, -0.46156, -0.068415, -0.470331, -0.10996, 0.875612, -0.087383, 0.033746, 0.98924, 0.142356, 0.703556, 0.0, 0.0, 0.0, 1.0],
                [-0.977846, 0.033213, -0.206676, -0.060417, -0.209216, -0.12286, 0.970121, 0.003356, 0.006829, 0.991868, 0.127087, 0.702658, 0.0, 0.0, 0.0, 1.0],
                [-0.994115, -0.043763, 0.099098, -0.051027, 0.103526, -0.114361, 0.988031, 0.103242, -0.031906, 0.992475, 0.118218, 0.701178, 0.0, 0.0, 0.0, 1.0],
                [-0.901469, -0.122323, 0.415202, -0.04064, 0.425741, -0.077492, 0.901521, 0.209027, -0.078102, 0.989461, 0.121934, 0.698969, 0.0, 0.0, 0.0, 1.0],
                [-0.704287, -0.186668, 0.684935, -0.029656, 0.699101, -0.014598, 0.714875, 0.317464, -0.123445, 0.982315, 0.14078, 0.695886, 0.0, 0.0, 0.0, 1.0],
                [-0.445166, -0.226003, 0.866458, -0.018474, 0.88107, 0.062152, 0.468885, 0.425305, -0.159821, 0.972142, 0.171456, 0.691784, 0.0, 0.0, 0.0, 1.0],
                [-0.179539, -0.239879, 0.954057, -0.00749, 0.966467, 0.137988, 0.216569, 0.529304, -0.183598, 0.960946, 0.207061, 0.686517, 0.0, 0.0, 0.0, 1.0],
                [0.052822, -0.235427, 0.970456, 0.002897, 0.979186, 0.202925, -0.004069, 0.626211, -0.195972, 0.950471, 0.241246, 0.67994, 0.0, 0.0, 0.0, 1.0],
                [0.235681, -0.221471, 0.946259, 0.012287, 0.950935, 0.253382, -0.177541, 0.712782, -0.200445, 0.941673, 0.270322, 0.668754, 0.0, 0.0, 0.0, 1.0],
                [0.368734, -0.205001, 0.906648, 0.020285, 0.907641, 0.289855, -0.303599, 0.785767, -0.200558, 0.934858, 0.292946, 0.652611, 0.0, 0.0, 0.0, 1.0],
                [0.457958, -0.190531, 0.868316, 0.02649, 0.866422, 0.314278, -0.387999, 0.841919, -0.198967, 0.930015, 0.309006, 0.635787, 0.0, 0.0, 0.0, 1.0],
                [0.509505, -0.180736, 0.841272, 0.030505, 0.837524, 0.328432, -0.436676, 0.877992, -0.197378, 0.927074, 0.318708, 0.622557, 0.0, 0.0, 0.0, 1.0],
                [0.526668, -0.17722, 0.831393, 0.031932, 0.82699, 0.333177, -0.452859, 0.890738, -0.196745, 0.926059, 0.322033, 0.617197, 0.0, 0.0, 0.0, 1.0],
                [0.526668, -0.17722, 0.831393, 0.031932, 0.82699, 0.333177, -0.452859, 0.890738, -0.196745, 0.926059, 0.322033, 0.617197, 0.0, 0.0, 0.0, 1.0],
                [0.526668, -0.17722, 0.831392, 0.031932, 0.82699, 0.333177, -0.452859, 0.890738, -0.196745, 0.926059, 0.322033, 0.617197, 0.0, 0.0, 0.0, 1.0],
                [0.526669, -0.17722, 0.831392, 0.031932, 0.82699, 0.333177, -0.452859, 0.890738, -0.196745, 0.926059, 0.322033, 0.617197, 0.0, 0.0, 0.0, 1.0],
                [0.526669, -0.17722, 0.831392, 0.031932, 0.82699, 0.333177, -0.452859, 0.890738, -0.196745, 0.926059, 0.322033, 0.617197, 0.0, 0.0, 0.0, 1.0],
                [0.526669, -0.17722, 0.831392, 0.031932, 0.82699, 0.333177, -0.452859, 0.890738, -0.196745, 0.926059, 0.322033, 0.617197, 0.0, 0.0, 0.0, 1.0],
                [0.526669, -0.17722, 0.831392, 0.031932, 0.82699, 0.333177, -0.452859, 0.890738, -0.196745, 0.926059, 0.322033, 0.617197, 0.0, 0.0, 0.0, 1.0],
                [0.526669, -0.17722, 0.831392, 0.031932, 0.82699, 0.333177, -0.452859, 0.890738, -0.196745, 0.926059, 0.322033, 0.617197, 0.0, 0.0, 0.0, 1.0],
                [0.526669, -0.17722, 0.831392, 0.031932, 0.82699, 0.333177, -0.452859, 0.890738, -0.196745, 0.926059, 0.322033, 0.617197, 0.0, 0.0, 0.0, 1.0],
                [0.527814, -0.176384, 0.830844, 0.031701, 0.82641, 0.332506, -0.454408, 0.891388, -0.19611, 0.92646, 0.321267, 0.617644, 0.0, 0.0, 0.0, 1.0],
                [0.531131, -0.173965, 0.829238, 0.031032, 0.824716, 0.330552, -0.458889, 0.89327, -0.194276, 0.927616, 0.319038, 0.618941, 0.0, 0.0, 0.0, 1.0],
                [0.536442, -0.170098, 0.826617, 0.02996, 0.821958, 0.327388, -0.46605, 0.896286, -0.191351, 0.929453, 0.315438, 0.621019, 0.0, 0.0, 0.0, 1.0],
                [0.543563, -0.164927, 0.823006, 0.02852, 0.818169, 0.323079, -0.475625, 0.900337, -0.187452, 0.93189, 0.310552, 0.62381, 0.0, 0.0, 0.0, 1.0],
                [0.552306, -0.158599, 0.818416, 0.026747, 0.813375, 0.317679, -0.487342, 0.905326, -0.182701, 0.93484, 0.304456, 0.627247, 0.0, 0.0, 0.0, 1.0],
                [0.562483, -0.151263, 0.812854, 0.024676, 0.807592, 0.31124, -0.500924, 0.911152, -0.177222, 0.938216, 0.297226, 0.631261, 0.0, 0.0, 0.0, 1.0],
                [0.573901, -0.143072, 0.80633, 0.022343, 0.800842, 0.303819, -0.516086, 0.917719, -0.171141, 0.941926, 0.28894, 0.635785, 0.0, 0.0, 0.0, 1.0],
                [0.586362, -0.134178, 0.798859, 0.019781, 0.793152, 0.295475, -0.532545, 0.924926, -0.164587, 0.945881, 0.279679, 0.640751, 0.0, 0.0, 0.0, 1.0],
                [0.599671, -0.124737, 0.790466, 0.017027, 0.784558, 0.286275, -0.550014, 0.932676, -0.157683, 0.949993, 0.269534, 0.64609, 0.0, 0.0, 0.0, 1.0],
                [0.613627, -0.1149, 0.781192, 0.014114, 0.77511, 0.276297, -0.568211, 0.940869, -0.150553, 0.954179, 0.258604, 0.651735, 0.0, 0.0, 0.0, 1.0],
                [0.628034, -0.104816, 0.771095, 0.01108, 0.764875, 0.265633, -0.586861, 0.949408, -0.143315, 0.958359, 0.246998, 0.657617, 0.0, 0.0, 0.0, 1.0],
                [0.642697, -0.09463, 0.760254, 0.007957, 0.753938, 0.254385, -0.605694, 0.958193, -0.13608, 0.962462, 0.234838, 0.66367, 0.0, 0.0, 0.0, 1.0],
                [0.657426, -0.084479, 0.748769, 0.004782, 0.742403, 0.242672, -0.624458, 0.967126, -0.128952, 0.966423, 0.222256, 0.669824, 0.0, 0.0, 0.0, 1.0],
                [0.672037, -0.074492, 0.736761, 0.00159, 0.730395, 0.230624, -0.642912, 0.976108, -0.122023, 0.970187, 0.209396, 0.676013, 0.0, 0.0, 0.0, 1.0],
                [0.686356, -0.064789, 0.724374, -0.001585, 0.718056, 0.218385, -0.660836, 0.985041, -0.115378, 0.97371, 0.196412, 0.682167, 0.0, 0.0, 0.0, 1.0],
                [0.700217, -0.055479, 0.711771, -0.004708, 0.705547, 0.20611, -0.678028, 0.993827, -0.109087, 0.976955, 0.183465, 0.68822, 0.0, 0.0, 0.0, 1.0],
                [0.713468, -0.046658, 0.699133, -0.007743, 0.693045, 0.193965, -0.69431, 1.002365, -0.103212, 0.979898, 0.170724, 0.694102, 0.0, 0.0, 0.0, 1.0],
                [0.725967, -0.038414, 0.686656, -0.010655, 0.68074, 0.182121, -0.709524, 1.010559, -0.097799, 0.982525, 0.158364, 0.699747, 0.0, 0.0, 0.0, 1.0],
                [0.737586, -0.030819, 0.67455, -0.013409, 0.668835, 0.170757, -0.723534, 1.018309, -0.092885, 0.984831, 0.146561, 0.705086, 0.0, 0.0, 0.0, 1.0],
                [0.748206, -0.023938, 0.663034, -0.015971, 0.657537, 0.160056, -0.736225, 1.025516, -0.088499, 0.986818, 0.135495, 0.710052, 0.0, 0.0, 0.0, 1.0],
                [0.757722, -0.017824, 0.652334, -0.018305, 0.647063, 0.150202, -0.747495, 1.032082, -0.084658, 0.988495, 0.125344, 0.714576, 0.0, 0.0, 0.0, 1.0],
                [0.766034, -0.012526, 0.642677, -0.020376, 0.637628, 0.141378, -0.75726, 1.037909, -0.081375, 0.989877, 0.116287, 0.71859, 0.0, 0.0, 0.0, 1.0],
                [0.77305, -0.008085, 0.634293, -0.022149, 0.629449, 0.133767, -0.765441, 1.042897, -0.078659, 0.99098, 0.108498, 0.722027, 0.0, 0.0, 0.0, 1.0],
                [0.778679, -0.004545, 0.627407, -0.023589, 0.62274, 0.127549, -0.771963, 1.046949, -0.076517, 0.991822, 0.10215, 0.724818, 0.0, 0.0, 0.0, 1.0],
                [0.782827, -0.001948, 0.622236, -0.024661, 0.617707, 0.1229, -0.776745, 1.049965, -0.07496, 0.992417, 0.097413, 0.726896, 0.0, 0.0, 0.0, 1.0],
                [0.785398, -0.000344, 0.618991, -0.02533, 0.614551, 0.119991, -0.779698, 1.051847, -0.074005, 0.992775, 0.094452, 0.728192, 0.0, 0.0, 0.0, 1.0],
                [0.786282, 0.000206, 0.617868, -0.02556, 0.613459, 0.118986, -0.780711, 1.052496, -0.073679, 0.992896, 0.09343, 0.72864, 0.0, 0.0, 0.0, 1.0],
                [0.786282, 0.000206, 0.617868, -0.02556, 0.613459, 0.118986, -0.780711, 1.052496, -0.073679, 0.992896, 0.09343, 0.72864, 0.0, 0.0, 0.0, 1.0],
                [0.786282, 0.000206, 0.617868, -0.02556, 0.613459, 0.118986, -0.780711, 1.052496, -0.073679, 0.992896, 0.09343, 0.72864, 0.0, 0.0, 0.0, 1.0],
                [0.786282, 0.000206, 0.617868, -0.02556, 0.613459, 0.118986, -0.780711, 1.052496, -0.073679, 0.992896, 0.09343, 0.72864, 0.0, 0.0, 0.0, 1.0],
                [0.786282, 0.000206, 0.617868, -0.02556, 0.613459, 0.118986, -0.780711, 1.052496, -0.073679, 0.992896, 0.09343, 0.72864, 0.0, 0.0, 0.0, 1.0],
                [0.786282, 0.000206, 0.617868, -0.02556, 0.613459, 0.118986, -0.780711, 1.052496, -0.073679, 0.992896, 0.09343, 0.72864, 0.0, 0.0, 0.0, 1.0]
            ]
        },
        {
            "name": "Thigh_R",
            "time": [0.0, 0.0167, 0.0333, 0.05, 0.0667, 0.0833, 0.1, 0.1167, 0.1333, 0.15, 0.1667, 0.1833, 0.2, 0.2167, 0.2333, 0.25, 0.2667, 0.2833, 0.3, 0.3167, 0.3333, 0.35, 0.3667, 0.3833, 0.4, 0.4167, 0.4333, 0.45, 0.4667, 0.4833, 0.5, 0.5167, 0.5333, 0.55, 0.5667, 0.5833, 0.6, 0.6167, 0.6333, 0.65, 0.6667, 0.6833, 0.7, 0.7167, 0.7333, 0.75, 0.7667, 0.7833, 0.8, 0.8167, 0.8333, 0.85, 0.8667, 0.8833, 0.9, 0.9167, 0.9333, 0.95, 0.9667, 0.9833, 1.0, 1.0167, 1.0333, 1.05, 1.0667, 1.0833, 1.1, 1.1167, 1.1333, 1.15, 1.1667, 1.1833, 1.2, 1.2167, 1.2333, 1.25, 1.2667, 1.2833, 1.3, 1.3167, 1.3333, 1.35, 1.3667, 1.3833, 1.4, 1.4167, 1.4333, 1.45, 1.4667, 1.4833, 1.5, 1.5167, 1.5333, 1.55, 1.5667, 1.5833, 1.6, 1.6167, 1.6333, 1.65, 1.6667],
            "transform": [
                [0.557625, 0.828186, 0.056207, 0.124994, 0.051735, -0.102253, 0.993412, -0.002831, 0.828479, -0.551043, -0.099866, -1.2e-05, 0.0, 0.0, 0.0, 1.0],
                [0.558103, 0.827952, 0.054903, 0.124994, 0.061146, -0.107022, 0.992375, -0.002831, 0.827516, -0.550489, -0.110355, -1.2e-05, 0.0, 0.0, 0.0, 1.0],
                [0.559228, 0.82739, 0.051841, 0.124994, 0.087166, -0.120871, 0.988834, -0.002831, 0.824418, -0.548464, -0.139715, -1.2e-05, 0.0, 0.0, 0.0, 1.0],
                [0.560509, 0.826708, 0.048785, 0.124994, 0.126154, -0.143456, 0.981583, -0.002831, 0.818483, -0.544031, -0.184701, -1.2e-05, 0.0, 0.0, 0.0, 1.0],
                [0.561693, 0.825968, 0.047707, 0.124994, 0.174315, -0.174515, 0.969104, -0.002831, 0.808774, -0.536022, -0.242003, -1.2e-05, 0.0, 0.0, 0.0, 1.0],
                [0.562987, 0.824932, 0.050296, 0.124994, 0.228017, -0.213531, 0.949955, -0.002831, 0.794389, -0.523343, -0.308315, -1.2e-05, 0.0, 0.0, 0.0, 1.0],
                [0.565129, 0.822997, 0.057465, 0.124994, 0.284122, -0.259544, 0.922991, -0.002831, 0.774535, -0.505281, -0.380508, -1.2e-05, 0.0, 0.0, 0.0, 1.0],
                [0.56933, 0.81921, 0.068961, 0.124994, 0.340257, -0.311167, 0.887355, -0.002831, 0.74839, -0.481733, -0.4559, -1.2e-05, 0.0, 0.0, 0.0, 1.0],
                [0.577132, 0.812414, 0.083069, 0.124994, 0.394959, -0.366703, 0.84234, -0.002831, 0.714791, -0.453332, -0.532508, -1.2e-05, 0.0, 0.0, 0.0, 1.0],
                [0.591517, 0.802667, 0.07635, 0.124994, 0.443855, -0.403214, 0.800256, -0.002831, 0.673126, -0.439477, -0.594778, -1.2e-05, 0.0, 0.0, 0.0, 1.0],
                [0.616514, 0.7862, 0.042406, 0.124994, 0.481773, -0.419295, 0.769472, -0.00283, 0.622739, -0.453959, -0.637273, -1.2e-05, 0.0, 0.0, 0.0, 1.0],
                [0.655514, 0.755178, 0.002385, 0.124994, 0.506695, -0.44216, 0.740104, -0.00283, 0.559965, -0.483939, -0.672488, -1.2e-05, 0.0, 0.0, 0.0, 1.0],
                [0.711148, 0.702212, -0.03414, 0.124994, 0.516893, -0.489321, 0.702415, -0.002831, 0.476539, -0.517167, -0.710949, -1.2e-05, 0.0, 0.0, 0.0, 1.0],
                [0.782934, 0.618487, -0.066973, 0.124994, 0.509538, -0.575776, 0.639416, -0.002831, 0.356909, -0.534745, -0.76594, -1.2e-05, 0.0, 0.0, 0.0, 1.0],
                [0.854473, 0.498231, -0.147105, 0.124994, 0.492839, -0.687909, 0.532814, -0.002831, 0.16427, -0.527773, -0.833349, -1.2e-05, 0.0, 0.0, 0.0, 1.0],
                [0.884384, 0.424692, -0.193652, 0.124994, 0.464403, -0.758978, 0.456377, -0.002831, 0.046843, -0.493544, -0.868458, -1.2e-05, 0.0, 0.0, 0.0, 1.0],
                [0.875207, 0.460366, -0.148572, 0.124994, 0.469396, -0.733942, 0.490913, -0.00283, 0.116956, -0.499389, -0.858447, -1.2e-05, 0.0, 0.0, 0.0, 1.0],
                [0.829933, 0.547592, -0.106545, 0.124994, 0.489252, -0.622701, 0.610635, -0.002831, 0.268034, -0.558912, -0.784712, -1.2e-05, 0.0, 0.0, 0.0, 1.0],
                [0.78717, 0.608564, -0.100058, 0.124994, 0.467825, -0.483481, 0.739856, -0.002831, 0.401874, -0.6292, -0.665284, -1.2e-05, 0.0, 0.0, 0.0, 1.0],
                [0.785997, 0.605037, -0.127032, 0.124994, 0.421527, -0.374172, 0.826021, -0.002831, 0.452242, -0.702796, -0.549138, -1.2e-05, 0.0, 0.0, 0.0, 1.0],
                [0.823507, 0.549958, -0.139213, 0.124994, 0.368002, -0.331104, 0.868876, -0.002831, 0.431751, -0.766755, -0.475052, -1.2e-05, 0.0, 0.0, 0.0, 1.0],
                [0.872063, 0.471473, -0.131219, 0.124994, 0.316965, -0.339835, 0.885464, -0.002831, 0.37288, -0.813771, -0.445798, -1.2e-05, 0.0, 0.0, 0.0, 1.0],
                [0.914774, 0.380237, -0.136408, 0.124994, 0.285171, -0.36867, 0.884738, -0.002831, 0.286121, -0.848233, -0.445683, -1.2e-05, 0.0, 0.0, 0.0, 1.0],
                [0.945995, 0.290449, -0.143991, 0.124994, 0.258027, -0.405707, 0.876826, -0.002831, 0.196256, -0.866625, -0.458741, -1.2e-05, 0.0, 0.0, 0.0, 1.0],
                [0.965803, 0.22078, -0.135944, 0.124994, 0.222581, -0.437098, 0.871438, -0.002831, 0.132976, -0.871894, -0.471293, -1.2e-05, 0.0, 0.0, 0.0, 1.0],
                [0.977759, 0.173449, -0.117902, 0.124994, 0.185595, -0.453778, 0.871573, -0.002831, 0.097672, -0.874069, -0.475878, -1.2e-05, 0.0, 0.0, 0.0, 1.0],
                [0.984701, 0.14935, -0.089766, 0.124994, 0.148492, -0.449658, 0.880771, -0.002831, 0.091179, -0.880624, -0.464957, -1.2e-05, 0.0, 0.0, 0.0, 1.0],
                [0.989079, 0.141512, -0.0412, 0.124994, 0.099267, -0.432971, 0.895926, -0.002831, 0.108946, -0.890229, -0.442291, -1.2e-05, 0.0, 0.0, 0.0, 1.0],
                [0.989427, 0.137656, 0.045664, 0.124994, 0.017074, -0.423218, 0.905867, -0.002831, 0.144024, -0.895507, -0.421095, -1.2e-05, 0.0, 0.0, 0.0, 1.0],
                [0.974622, 0.11572, 0.191625, 0.124994, -0.120876, -0.448446, 0.8856, -0.002831, 0.188415, -0.886286, -0.423078, -1.2e-05, 0.0, 0.0, 0.0, 1.0],
                [0.918975, 0.00904, 0.394214, 0.124994, -0.320536, -0.565141, 0.76018, -0.002831, 0.229658, -0.824944, -0.516452, -1.2e-05, 0.0, 0.0, 0.0, 1.0],
                [0.813858, -0.135426, 0.565061, 0.124994, -0.519795, -0.604325, 0.603824, -0.002831, 0.259708, -0.785142, -0.56223, -1.2e-05, 0.0, 0.0, 0.0, 1.0],
                [0.708496, -0.039326, 0.70462, 0.124994, -0.649942, -0.425393, 0.629775, -0.002831, 0.274974, -0.904152, -0.326949, -1.2e-05, 0.0, 0.0, 0.0, 1.0],
                [0.641748, 0.046714, 0.765492, 0.124994, -0.715634, -0.322386, 0.619625, -0.002831, 0.275729, -0.945453, -0.173461, -1.2e-05, 0.0, 0.0, 0.0, 1.0],
                [0.619568, 0.122161, 0.775379, 0.124994, -0.737082, -0.249108, 0.628215, -0.002831, 0.269897, -0.960738, -0.064298, -1.2e-05, 0.0, 0.0, 0.0, 1.0],
                [0.64066, 0.176838, 0.747184, 0.124994, -0.719064, -0.203074, 0.664612, -0.002831, 0.269263, -0.963061, -0.002943, -1.2e-05, 0.0, 0.0, 0.0, 1.0],
                [0.681195, 0.218539, 0.698724, 0.124994, -0.675756, -0.179484, 0.714941, -0.002831, 0.281652, -0.959179, 0.025416, -1.2e-05, 0.0, 0.0, 0.0, 1.0],
                [0.714358, 0.26328, 0.648363, 0.124994, -0.630844, -0.15871, 0.759504, -0.002831, 0.302864, -0.951572, 0.052712, -1.2e-05, 0.0, 0.0, 0.0, 1.0],
                [0.738493, 0.306842, 0.600396, 0.124994, -0.588135, -0.142311, 0.796144, -0.002831, 0.329734, -0.941059, 0.075369, -1.2e-05, 0.0, 0.0, 0.0, 1.0],
                [0.755012, 0.347272, 0.556201, 0.124994, -0.547549, -0.13278, 0.826172, -0.002831, 0.360759, -0.928315, 0.089898, -1.2e-05, 0.0, 0.0, 0.0, 1.0],
                [0.767219, 0.386201, 0.512078, 0.124994, -0.50365, -0.13158, 0.853829, -0.002831, 0.397129, -0.91298, 0.093559, -1.2e-05, 0.0, 0.0, 0.0, 1.0],
                [0.778134, 0.427952, 0.459743, 0.124994, -0.445281, -0.140369, 0.88432, -0.002831, 0.44298, -0.892833, 0.081333, -1.2e-05, 0.0, 0.0, 0.0, 1.0],
                [0.785164, 0.478327, 0.393344, 0.124994, -0.365799, -0.154297, 0.917815, -0.002831, 0.499709, -0.864519, 0.053823, -1.2e-05, 0.0, 0.0, 0.0, 1.0],
                [0.78036, 0.540378, 0.314688, 0.124994, -0.27251, -0.159065, 0.948913, -0.002831, 0.562828, -0.826248, 0.023131, -1.2e-05, 0.0, 0.0, 0.0, 1.0],
                [0.758733, 0.607674, 0.234638, 0.124994, -0.190616, -0.137317, 0.972013, -0.002831, 0.622888, -0.782223, 0.011645, -1.2e-05, 0.0, 0.0, 0.0, 1.0],
                [0.72562, 0.665429, 0.175152, 0.124994, -0.160471, -0.083878, 0.98347, -0.002831, 0.669122, -0.741731, 0.045919, -1.2e-05, 0.0, 0.0, 0.0, 1.0],
                [0.692032, 0.70671, 0.14715, 0.124994, -0.207407, -0.000592, 0.978255, -0.002831, 0.691429, -0.707502, 0.146167, -1.2e-05, 0.0, 0.0, 0.0, 1.0],
                [0.683002, 0.711789, 0.163897, 0.124994, -0.308245, 0.077457, 0.948149, -0.002831, 0.662188, -0.698106, 0.272309, -1.2e-05, 0.0, 0.0, 0.0, 1.0],
                [0.724531, 0.650696, 0.227262, 0.124994, -0.396798, 0.124183, 0.909467, -0.002831, 0.563565, -0.749113, 0.348169, -1.2e-05, 0.0, 0.0, 0.0, 1.0],
                [0.821256, 0.495908, 0.282159, 0.124994, -0.402772, 0.153622, 0.902317, -0.002831, 0.404121, -0.854677, 0.325902, -1.2e-05, 0.0, 0.0, 0.0, 1.0],
                [0.948716, 0.230896, 0.215927, 0.124994, -0.255744, 0.159066, 0.953569, -0.002831, 0.185828, -0.959886, 0.20996, -1.2e-05, 0.0, 0.0, 0.0, 1.0],
                [0.951078, -0.060768, -0.302917, 0.124994, 0.308661, 0.144321, 0.94016, -0.002831, -0.013414, -0.987662, 0.156018, -1.2e-05, 0.0, 0.0, 0.0, 1.0],
                [0.635294, -0.260271, -0.727091, 0.124994, 0.758901, 0.035972, 0.650212, -0.002831, -0.143076, -0.964863, 0.220374, -1.2e-05, 0.0, 0.0, 0.0, 1.0],
                [0.474277, -0.434562, -0.765647, 0.124994, 0.821016, -0.095612, 0.562842, -0.002831, -0.317795, -0.89555, 0.311437, -1.2e-05, 0.0, 0.0, 0.0, 1.0],
                [0.38224, -0.450324, -0.806908, 0.124994, 0.78121, -0.308923, 0.542473, -0.002831, -0.493562, -0.837718, 0.233715, -1.2e-05, 0.0, 0.0, 0.0, 1.0],
                [0.388529, -0.132388, -0.911876, 0.124994, 0.786872, -0.467264, 0.403107, -0.002831, -0.479454, -0.874148, -0.077374, -1.2e-05, 0.0, 0.0, 0.0, 1.0],
                [0.5841, 0.446743, -0.677677, 0.124994, 0.802219, -0.444845, 0.398191, -0.002831, -0.123572, -0.776228, -0.618222, -1.2e-05, 0.0, 0.0, 0.0, 1.0],
                [0.707421, 0.678625, -0.197541, 0.124994, 0.657521, -0.529355, 0.536143, -0.002831, 0.259271, -0.509165, -0.820688, -1.2e-05, 0.0, 0.0, 0.0, 1.0],
                [0.753687, 0.636503, -0.163766, 0.124994, 0.477925, -0.35973, 0.801363, -0.002831, 0.451159, -0.682242, -0.575326, -1.2e-05, 0.0, 0.0, 0.0, 1.0],
                [0.734523, 0.678105, -0.025453, 0.124994, 0.259033, -0.24552, 0.934142, -0.002831, 0.627198, -0.692742, -0.355993, -1.2e-05, 0.0, 0.0, 0.0, 1.0],
                [0.64811, 0.752469, 0.117228, 0.124994, 0.058482, -0.202657, 0.977502, -0.002831, 0.759298, -0.626671, -0.17535, -1.2e-05, 0.0, 0.0, 0.0, 1.0],
                [0.581638, 0.791719, 0.186752, 0.124994, -0.039187, -0.202041, 0.978593, -0.002831, 0.812504, -0.576503, -0.08649, -1.2e-05, 0.0, 0.0, 0.0, 1.0],
                [0.553762, 0.805468, 0.211106, 0.124994, -0.076205, -0.203439, 0.976117, -0.002831, 0.829181, -0.556623, -0.051276, -1.2e-05, 0.0, 0.0, 0.0, 1.0],
                [0.549644, 0.807388, 0.214507, 0.124994, -0.081512, -0.203713, 0.975631, -0.002831, 0.831413, -0.553733, -0.046158, -1.2e-05, 0.0, 0.0, 0.0, 1.0],
                [0.551879, 0.80635, 0.212666, 0.124994, -0.078636, -0.203562, 0.975899, -0.002831, 0.830208, -0.555301, -0.048933, -1.2e-05, 0.0, 0.0, 0.0, 1.0],
                [0.556763, 0.804052, 0.208597, 0.124994, -0.072313, -0.203249, 0.976453, -0.002831, 0.827518, -0.558736, -0.055019, -1.2e-05, 0.0, 0.0, 0.0, 1.0],
                [0.561599, 0.801738, 0.204498, 0.124994, -0.065994, -0.202963, 0.97696, -0.002831, 0.824773, -0.562155, -0.061074, -1.2e-05, 0.0, 0.0, 0.0, 1.0],
                [0.563782, 0.800681, 0.202626, 0.124994, -0.063124, -0.202842, 0.977175, -0.002831, 0.823507, -0.563703, -0.063817, -1.2e-05, 0.0, 0.0, 0.0, 1.0],
                [0.563782, 0.800681, 0.202626, 0.124994, -0.063124, -0.202842, 0.977175, -0.002831, 0.823507, -0.563703, -0.063816, -1.2e-05, 0.0, 0.0, 0.0, 1.0],
                [0.56494, 0.799499, 0.204061, 0.124994, -0.062307, -0.205265, 0.976721, -0.002831, 0.822776, -0.564503, -0.066148, -1.2e-05, 0.0, 0.0, 0.0, 1.0],
                [0.568294, 0.796049, 0.208197, 0.124994, -0.059944, -0.2123, 0.975365, -0.002831, 0.820639, -0.566773, -0.07293, -1.2e-05, 0.0, 0.0, 0.0, 1.0],
                [0.573656, 0.790439, 0.21476, 0.124994, -0.056171, -0.22361, 0.973059, -0.002831, 0.817168, -0.570264, -0.083876, -1.2e-05, 0.0, 0.0, 0.0, 1.0],
                [0.580835, 0.782754, 0.223438, 0.124994, -0.05113, -0.238862, 0.969706, -0.002831, 0.812413, -0.574663, -0.098718, -1.2e-05, 0.0, 0.0, 0.0, 1.0],
                [0.589633, 0.773061, 0.233898, 0.124994, -0.044967, -0.257725, 0.965172, -0.002831, 0.806419, -0.579614, -0.117201, -1.2e-05, 0.0, 0.0, 0.0, 1.0],
                [0.599847, 0.761424, 0.245793, 0.124994, -0.037833, -0.279861, 0.959295, -0.002831, 0.799219, -0.584728, -0.139067, -1.2e-05, 0.0, 0.0, 0.0, 1.0],
                [0.611275, 0.747921, 0.258761, 0.124994, -0.029879, -0.304915, 0.951911, -0.002831, 0.790855, -0.589609, -0.164039, -1.2e-05, 0.0, 0.0, 0.0, 1.0],
                [0.623974, 0.732468, 0.272296, 0.124994, -0.021002, -0.332607, 0.942832, -0.002831, 0.781163, -0.594019, -0.192155, -1.2e-05, 0.0, 0.0, 0.0, 1.0],
                [0.637979, 0.715021, 0.285876, 0.124994, -0.011148, -0.362625, 0.931868, -0.002831, 0.769972, -0.597699, -0.223377, -1.2e-05, 0.0, 0.0, 0.0, 1.0],
                [0.653045, 0.69574, 0.299125, 0.124994, -0.000538, -0.394552, 0.918874, -0.00283, 0.757318, -0.600226, -0.257287, -1.2e-05, 0.0, 0.0, 0.0, 1.0],
                [0.66893, 0.674821, 0.311686, 0.124994, 0.010617, -0.427943, 0.903743, -0.002831, 0.743249, -0.60123, -0.293429, -1.2e-05, 0.0, 0.0, 0.0, 1.0],
                [0.685396, 0.652496, 0.323234, 0.124994, 0.022117, -0.462348, 0.886423, -0.002831, 0.727835, -0.600401, -0.331323, -1.2e-05, 0.0, 0.0, 0.0, 1.0],
                [0.702213, 0.629033, 0.333486, 0.124994, 0.033773, -0.497303, 0.866919, -0.002831, 0.711165, -0.597499, -0.370457, -1.2e-05, 0.0, 0.0, 0.0, 1.0],
                [0.719161, 0.604732, 0.342207, 0.124994, 0.045409, -0.532345, 0.845308, -0.002831, 0.693358, -0.592372, -0.410303, -1.2e-05, 0.0, 0.0, 0.0, 1.0],
                [0.736027, 0.579919, 0.349223, 0.124994, 0.056867, -0.567018, 0.821739, -0.002831, 0.674559, -0.584962, -0.45032, -1.2e-05, 0.0, 0.0, 0.0, 1.0],
                [0.752613, 0.554941, 0.354419, 0.124994, 0.068003, -0.60088, 0.796441, -0.002831, 0.654942, -0.575309, -0.489969, -1.2e-05, 0.0, 0.0, 0.0, 1.0],
                [0.768732, 0.530156, 0.357748, 0.124994, 0.078692, -0.633509, 0.769723, -0.002831, 0.634711, -0.563557, -0.528719, -1.2e-05, 0.0, 0.0, 0.0, 1.0],
                [0.784214, 0.505929, 0.359226, 0.124994, 0.088827, -0.664513, 0.741978, -0.00283, 0.614099, -0.54996, -0.566062, -1.2e-05, 0.0, 0.0, 0.0, 1.0],
                [0.798903, 0.482624, 0.358927, 0.124994, 0.098322, -0.693525, 0.713692, -0.002831, 0.593369, -0.534879, -0.601512, -1.2e-05, 0.0, 0.0, 0.0, 1.0],
                [0.812657, 0.460597, 0.356985, 0.124994, 0.107107, -0.720216, 0.685431, -0.002831, 0.572815, -0.518784, -0.634622, -1.2e-05, 0.0, 0.0, 0.0, 1.0],
                [0.825348, 0.440206, 0.353579, 0.124994, 0.115133, -0.744276, 0.657873, -0.002831, 0.55276, -0.502265, -0.66497, -1.2e-05, 0.0, 0.0, 0.0, 1.0],
                [0.836861, 0.421794, 0.34893, 0.124994, 0.122368, -0.765426, 0.631782, -0.002831, 0.533562, -0.486014, -0.692171, -1.2e-05, 0.0, 0.0, 0.0, 1.0],
                [0.847087, 0.405701, 0.34329, 0.124994, 0.128793, -0.783401, 0.608024, -0.002831, 0.51561, -0.470835, -0.715862, -1.2e-05, 0.0, 0.0, 0.0, 1.0],
                [0.855926, 0.392267, 0.336924, 0.124994, 0.134401, -0.797932, 0.587571, -0.002831, 0.499327, -0.457633, -0.735693, -1.2e-05, 0.0, 0.0, 0.0, 1.0],
                [0.863271, 0.381817, 0.330119, 0.124994, 0.139188, -0.808757, 0.571435, -0.002831, 0.485169, -0.447354, -0.751322, -1.2e-05, 0.0, 0.0, 0.0, 1.0],
                [0.869015, 0.374671, 0.323161, 0.124994, 0.143151, -0.815589, 0.560644, -0.002831, 0.473624, -0.440947, -0.762395, -1.2e-05, 0.0, 0.0, 0.0, 1.0],
                [0.873034, 0.371129, 0.316344, 0.124994, 0.146275, -0.818122, 0.556127, -0.002831, 0.465204, -0.439244, -0.768537, -1.2e-05, 0.0, 0.0, 0.0, 1.0],
                [0.875926, 0.369584, 0.310096, 0.124994, 0.148799, -0.818383, 0.555072, -0.002831, 0.458924, -0.44006, -0.771839, -1.2e-05, 0.0, 0.0, 0.0, 1.0],
                [0.878325, 0.36828, 0.304819, 0.124994, 0.150918, -0.818606, 0.554171, -0.002831, 0.453617, -0.440738, -0.774583, -1.2e-05, 0.0, 0.0, 0.0, 1.0],
                [0.88014, 0.367278, 0.300766, 0.124994, 0.152538, -0.818779, 0.553472, -0.002831, 0.449539, -0.441253, -0.776665, -1.2e-05, 0.0, 0.0, 0.0, 1.0],
                [0.881286, 0.366638, 0.298179, 0.124994, 0.153569, -0.81889, 0.553022, -0.002831, 0.446935, -0.441579, -0.777982, -1.2e-05, 0.0, 0.0, 0.0, 1.0],
                [0.881684, 0.366414, 0.297275, 0.124994, 0.153928, -0.818929, 0.552864, -0.002831, 0.446025, -0.441692, -0.77844, -1.2e-05, 0.0, 0.0, 0.0, 1.0]
            ]
        },
        {
            "name": "Leg_R",
            "time": [0.0, 0.0167, 0.0333, 0.05, 0.0667, 0.0833, 0.1, 0.1167, 0.1333, 0.15, 0.1667, 0.1833, 0.2, 0.2167, 0.2333, 0.25, 0.2667, 0.2833, 0.3, 0.3167, 0.3333, 0.35, 0.3667, 0.3833, 0.4, 0.4167, 0.4333, 0.45, 0.4667, 0.4833, 0.5, 0.5167, 0.5333, 0.55, 0.5667, 0.5833, 0.6, 0.6167, 0.6333, 0.65, 0.6667, 0.6833, 0.7, 0.7167, 0.7333, 0.75, 0.7667, 0.7833, 0.8, 0.8167, 0.8333, 0.85, 0.8667, 0.8833, 0.9, 0.9167, 0.9333, 0.95, 0.9667, 0.9833, 1.0, 1.0167, 1.0333, 1.05, 1.0667, 1.0833, 1.1, 1.1167, 1.1333, 1.15, 1.1667, 1.1833, 1.2, 1.2167, 1.2333, 1.25, 1.2667, 1.2833, 1.3, 1.3167, 1.3333, 1.35, 1.3667, 1.3833, 1.4, 1.4167, 1.4333, 1.45, 1.4667, 1.4833, 1.5, 1.5167, 1.5333, 1.55, 1.5667, 1.5833, 1.6, 1.6167, 1.6333, 1.65, 1.6667],
            "transform": [
                [1.0, -1e-06, 1e-06, 0.0, -0.0, 0.472521, 0.881319, 0.374726, -1e-06, -0.881321, 0.472518, 0.0, 0.0, 0.0, 0.0, 1.0],
                [1.0, -1e-06, 1e-06, -0.0, -0.0, 0.476234, 0.879318, 0.374726, -1e-06, -0.879321, 0.47623, -0.0, 0.0, 0.0, 0.0, 1.0],
                [1.0, -1e-06, 1e-06, 0.0, -0.0, 0.486821, 0.873502, 0.374726, -1e-06, -0.873504, 0.486817, 0.0, 0.0, 0.0, 0.0, 1.0],
                [1.0, -1e-06, 1e-06, 0.0, -0.0, 0.503597, 0.863938, 0.374726, -1e-06, -0.863941, 0.503594, 0.0, 0.0, 0.0, 0.0, 1.0],
                [1.0, -1e-06, 1e-06, 0.0, -0.0, 0.525982, 0.850496, 0.374726, -1e-06, -0.850499, 0.525978, -0.0, 0.0, 0.0, 0.0, 1.0],
                [1.0, -1e-06, 1e-06, 0.0, -0.0, 0.553414, 0.832906, 0.374726, -1e-06, -0.832909, 0.55341, 0.0, 0.0, 0.0, 0.0, 1.0],
                [1.000001, -1e-06, 1e-06, -0.0, -0.0, 0.585247, 0.810855, 0.374726, -1e-06, -0.810858, 0.585242, -0.0, 0.0, 0.0, 0.0, 1.0],
                [0.999999, -1e-06, 1e-06, -0.0, -0.0, 0.620682, 0.784062, 0.374726, -1e-06, -0.784066, 0.620677, 0.0, 0.0, 0.0, 0.0, 1.0],
                [1.0, -1e-06, 1e-06, 0.0, -0.0, 0.658688, 0.752417, 0.374726, -1e-06, -0.75242, 0.658683, -0.0, 0.0, 0.0, 0.0, 1.0],
                [1.0, -1e-06, 1e-06, -0.0, -0.0, 0.651688, 0.758487, 0.374726, -1e-06, -0.75849, 0.651684, 0.0, 0.0, 0.0, 0.0, 1.0],
                [1.0, -1e-06, 1e-06, 0.0, -0.0, 0.581188, 0.813769, 0.374726, -1e-06, -0.813772, 0.581184, -0.0, 0.0, 0.0, 0.0, 1.0],
                [1.0, -1e-06, 1e-06, 0.0, -0.0, 0.490696, 0.871331, 0.374726, -1e-06, -0.871333, 0.490692, -0.0, 0.0, 0.0, 0.0, 1.0],
                [1.0, -1e-06, 0.0, 0.0, -0.0, 0.421725, 0.906723, 0.374726, -1e-06, -0.906725, 0.421723, -0.0, 0.0, 0.0, 0.0, 1.0],
                [1.0, -1e-06, 1e-06, -0.0, -0.0, 0.426845, 0.904324, 0.374726, -1e-06, -0.904327, 0.426841, -0.0, 0.0, 0.0, 0.0, 1.0],
                [1.0, -1e-06, 1e-06, 0.0, -0.0, 0.500946, 0.865479, 0.374726, -1e-06, -0.865481, 0.500943, 0.0, 0.0, 0.0, 0.0, 1.0],
                [1.0, -1e-06, 1e-06, -0.0, -0.0, 0.589588, 0.807704, 0.374726, -1e-06, -0.807707, 0.589584, 0.0, 0.0, 0.0, 0.0, 1.0],
                [1.0, -1e-06, 1e-06, 0.0, -0.0, 0.61702, 0.786947, 0.374726, -1e-06, -0.78695, 0.617016, 0.0, 0.0, 0.0, 0.0, 1.0],
                [1.0, -1e-06, 1e-06, 0.0, -0.0, 0.58191, 0.813254, 0.374726, -1e-06, -0.813256, 0.581906, 0.0, 0.0, 0.0, 0.0, 1.0],
                [1.0, -1e-06, 1e-06, -0.0, -0.0, 0.544891, 0.838508, 0.374726, -1e-06, -0.83851, 0.544887, -0.0, 0.0, 0.0, 0.0, 1.0],
                [1.0, -1e-06, 1e-06, -0.0, -0.0, 0.517823, 0.855487, 0.374726, -1e-06, -0.85549, 0.517819, 0.0, 0.0, 0.0, 0.0, 1.0],
                [1.0, -1e-06, 1e-06, 0.0, -0.0, 0.502847, 0.864375, 0.374726, -1e-06, -0.864378, 0.502844, -0.0, 0.0, 0.0, 0.0, 1.0],
                [1.0, -1e-06, 0.0, -0.0, -0.0, 0.485747, 0.8741, 0.374726, -1e-06, -0.874102, 0.485743, -0.0, 0.0, 0.0, 0.0, 1.0],
                [1.0, -1e-06, 1e-06, 0.0, -0.0, 0.464897, 0.885364, 0.374726, -1e-06, -0.885366, 0.464895, 0.0, 0.0, 0.0, 0.0, 1.0],
                [1.0, -0.0, 1e-06, 0.0, -0.0, 0.453748, 0.89113, 0.374726, -1e-06, -0.891132, 0.453745, 0.0, 0.0, 0.0, 0.0, 1.0],
                [1.0, -1e-06, 1e-06, -0.0, -0.0, 0.45876, 0.888559, 0.374726, -1e-06, -0.888562, 0.458757, -0.0, 0.0, 0.0, 0.0, 1.0],
                [1.000001, -1e-06, 1e-06, -0.0, -0.0, 0.481283, 0.876565, 0.374726, -1e-06, -0.876568, 0.48128, -0.0, 0.0, 0.0, 0.0, 1.0],
                [1.000001, -1e-06, 0.0, -0.0, -0.0, 0.52393, 0.851762, 0.374726, -1e-06, -0.851764, 0.523926, 0.0, 0.0, 0.0, 0.0, 1.0],
                [1.000001, -1e-06, 1e-06, -0.0, -0.0, 0.589977, 0.80742, 0.374726, -1e-06, -0.807423, 0.589973, 0.0, 0.0, 0.0, 0.0, 1.0],
                [1.0, -1e-06, 1e-06, -0.0, -0.0, 0.685948, 0.727652, 0.374726, -1e-06, -0.727655, 0.685942, 0.0, 0.0, 0.0, 0.0, 1.0],
                [1.0, -0.0, 1e-06, 0.0, -0.0, 0.816314, 0.577613, 0.374726, -1e-06, -0.577616, 0.816306, 0.0, 0.0, 0.0, 0.0, 1.0],
                [1.0, -0.0, 1e-06, 0.0, -0.0, 0.976915, 0.213647, 0.374726, -1e-06, -0.213649, 0.976906, 0.0, 0.0, 0.0, 0.0, 1.0],
                [1.0, 0.0, 1e-06, 0.0, 0.0, 0.999994, 0.004684, 0.374726, -1e-06, -0.004684, 0.999984, -0.0, 0.0, 0.0, 0.0, 1.0],
                [1.0, -0.0, 1e-06, -0.0, -0.0, 0.84401, 0.536331, 0.374726, -1e-06, -0.536334, 0.844003, 0.0, 0.0, 0.0, 0.0, 1.0],
                [1.000001, -1e-06, 1e-06, 0.0, -0.0, 0.567533, 0.823351, 0.374726, -1e-06, -0.823354, 0.567529, -0.0, 0.0, 0.0, 0.0, 1.0],
                [1.0, -1e-06, 0.0, 0.0, -0.0, 0.279945, 0.960015, 0.374726, -1e-06, -0.960017, 0.279943, -0.0, 0.0, 0.0, 0.0, 1.0],
                [1.0, -0.0, 0.0, -0.0, -0.0, 0.042518, 0.999094, 0.374726, -1e-06, -0.999097, 0.042517, 0.0, 0.0, 0.0, 0.0, 1.0],
                [1.0, -1e-06, 0.0, -0.0, -0.0, -0.119955, 0.992778, 0.374726, -1e-06, -0.992781, -0.119954, -0.0, 0.0, 0.0, 0.0, 1.0],
