{
    "animation": [
        {
            "name": "Root",
            "time": [0.0, 0.0167, 0.0333, 0.05, 0.0667, 0.0833, 0.1, 0.1167, 0.1333, 0.15, 0.1667, 0.1833, 0.2, 0.2167, 0.2333, 0.25, 0.2667, 0.2833, 0.3, 0.3167, 0.3333, 0.35, 0.3667, 0.3833, 0.4, 0.4167, 0.4333, 0.45, 0.4667, 0.4833, 0.5, 0.5167, 0.5333, 0.55, 0.5667, 0.5833, 0.6, 0.6167, 0.6333, 0.65, 0.6667, 0.6833, 0.7, 0.7167, 0.7333, 0.75, 0.7667, 0.7833, 0.8, 0.8167, 0.8333, 0.85, 0.8667, 0.8833, 0.9, 0.9167, 0.9333, 0.95, 0.9667, 0.9833, 1.0, 1.0167, 1.0333, 1.05, 1.0667, 1.0833, 1.1, 1.1167, 1.1333, 1.15, 1.1667, 1.1833, 1.2, 1.2167, 1.2333, 1.25, 1.2667, 1.2833, 1.3, 1.3167, 1.3333, 1.35, 1.3667, 1.3833, 1.4, 1.4167, 1.4333, 1.45, 1.4667, 1.4833, 1.5, 1.5167, 1.5333, 1.55, 1.5667, 1.5833, 1.6, 1.6167, 1.6333, 1.65, 1.6667, 1.6833, 1.7, 1.7167, 1.7333, 1.75, 1.7667, 1.7833, 1.8, 1.8167, 1.8333],
            "transform": [
                [0.78635, 0.0, 0.617782, 0.047787, 0.613358, 0.119463, -0.780718, -0.081316, -0.073802, 0.992839, 0.09394, 0.728846, 0.0, 0.0, 0.0, 1.0],
                [0.780761, -0.001068, 0.624829, 0.056561, 0.620455, 0.119452, -0.775092, -0.077533, -0.073809, 0.992839, 0.093926, 0.728846, 0.0, 0.0, 0.0, 1.0],
                [0.764277, -0.004151, 0.644874, 0.081817, 0.640648, 0.119366, -0.7585, -0.066231, -0.073828, 0.992842, 0.093888, 0.728846, 0.0, 0.0, 0.0, 1.0],
                [0.736822, -0.009079, 0.676026, 0.121961, 0.672041, 0.119063, -0.73088, -0.047477, -0.073854, 0.992845, 0.093829, 0.728846, 0.0, 0.0, 0.0, 1.0],
                [0.697894, -0.015678, 0.716029, 0.175395, 0.71238, 0.118333, -0.691746, -0.021339, -0.073884, 0.99285, 0.093753, 0.728846, 0.0, 0.0, 0.0, 1.0],
                [0.64687, -0.02375, 0.762231, 0.240525, 0.75901, 0.116926, -0.640494, 0.012116, -0.073913, 0.992857, 0.093662, 0.728846, 0.0, 0.0, 0.0, 1.0],
                [0.583316, -0.033041, 0.811573, 0.315753, 0.808873, 0.11458, -0.576711, 0.052821, -0.073935, 0.992864, 0.093562, 0.728846, 0.0, 0.0, 0.0, 1.0],
                [0.5073, -0.043232, 0.860684, 0.399484, 0.858591, 0.111057, -0.500488, 0.100707, -0.073948, 0.992873, 0.093458, 0.728846, 0.0, 0.0, 0.0, 1.0],
                [0.419652, -0.05394, 0.906081, 0.490122, 0.904668, 0.106179, -0.412677, 0.155706, -0.073947, 0.992883, 0.093357, 0.728846, 0.0, 0.0, 0.0, 1.0],
                [0.322129, -0.064731, 0.94448, 0.586071, 0.943805, 0.099871, -0.315053, 0.217752, -0.073933, 0.992893, 0.093265, 0.728846, 0.0, 0.0, 0.0, 1.0],
                [0.217403, -0.07516, 0.973184, 0.685735, 0.97328, 0.092183, -0.210305, 0.286777, -0.073905, 0.992901, 0.093192, 0.728846, 0.0, 0.0, 0.0, 1.0],
                [0.108874, -0.084813, 0.990431, 0.787518, 0.991307, 0.083301, -0.101837, 0.362713, -0.073867, 0.992909, 0.093145, 0.728846, 0.0, 0.0, 0.0, 1.0],
                [0.000306, -0.093363, 0.995632, 0.889823, 0.997271, 0.07353, 0.006589, 0.445492, -0.073824, 0.992913, 0.09313, 0.728846, 0.0, 0.0, 0.0, 1.0],
                [-0.104599, -0.100598, 0.989413, 0.991055, 0.991774, 0.063257, 0.11128, 0.535047, -0.073782, 0.992914, 0.093153, 0.728846, 0.0, 0.0, 0.0, 1.0],
                [-0.202594, -0.10644, 0.973461, 1.089618, 0.976482, 0.052905, 0.209007, 0.63131, -0.073747, 0.992911, 0.093218, 0.728846, 0.0, 0.0, 0.0, 1.0],
                [-0.29115, -0.110935, 0.950224, 1.183915, 0.953832, 0.042885, 0.297262, 0.734214, -0.073727, 0.992902, 0.093327, 0.728846, 0.0, 0.0, 0.0, 1.0],
                [-0.36855, -0.114228, 0.922563, 1.272351, 0.92668, 0.033565, 0.37435, 0.843691, -0.073727, 0.992887, 0.093482, 0.728846, 0.0, 0.0, 0.0, 1.0],
                [-0.433817, -0.116528, 0.893434, 1.35333, 0.897978, 0.025249, 0.439316, 0.959673, -0.073751, 0.992866, 0.093686, 0.728846, 0.0, 0.0, 0.0, 1.0],
                [-0.486528, -0.118071, 0.865649, 1.425254, 0.870542, 0.018182, 0.491758, 1.082092, -0.073802, 0.992839, 0.09394, 0.728846, 0.0, 0.0, 0.0, 1.0],
                [-0.527364, -0.119098, 0.841251, 1.487033, 0.846421, 0.012453, 0.532368, 1.210673, -0.07388, 0.992804, 0.09424, 0.728846, 0.0, 0.0, 0.0, 1.0],
                [-0.560003, -0.119799, 0.819784, 1.539583, 0.825182, 0.007694, 0.564815, 1.344303, -0.073972, 0.992768, 0.094548, 0.728846, 0.0, 0.0, 0.0, 1.0],
                [-0.588364, -0.120265, 0.799603, 1.584328, 0.805197, 0.003435, 0.592997, 1.481661, -0.074063, 0.992736, 0.094816, 0.728846, 0.0, 0.0, 0.0, 1.0],
                [-0.6159, -0.120502, 0.778555, 1.622687, 0.784329, -0.000789, 0.620345, 1.621427, -0.074138, 0.992713, 0.094999, 0.728846, 0.0, 0.0, 0.0, 1.0],
                [-0.645668, -0.120445, 0.75406, 1.656083, 0.760007, -0.005435, 0.649892, 1.762279, -0.074178, 0.992705, 0.095049, 0.728846, 0.0, 0.0, 0.0, 1.0],
                [-0.680278, -0.119954, 0.723072, 1.685937, 0.729193, -0.010948, 0.684221, 1.902897, -0.074159, 0.992719, 0.094917, 0.728846, 0.0, 0.0, 0.0, 1.0],
                [-0.72166, -0.118786, 0.681979, 1.713671, 0.688275, -0.01774, 0.725233, 2.04196, -0.074049, 0.992761, 0.09456, 0.728846, 0.0, 0.0, 0.0, 1.0],
                [-0.770628, -0.116565, 0.626534, 1.740706, 0.632997, -0.026153, 0.773712, 2.178146, -0.073802, 0.992839, 0.09394, 0.728846, 0.0, 0.0, 0.0, 1.0],
                [-0.825375, -0.112893, 0.553183, 1.767601, 0.559794, -0.036263, 0.827838, 2.311573, -0.073397, 0.992945, 0.093127, 0.728846, 0.0, 0.0, 0.0, 1.0],
                [-0.879595, -0.107867, 0.463334, 1.791462, 0.470087, -0.047582, 0.881337, 2.448102, -0.07302, 0.993026, 0.09256, 0.728846, 0.0, 0.0, 0.0, 1.0],
                [-0.927338, -0.101794, 0.360113, 1.808534, 0.367034, -0.059677, 0.928291, 2.595032, -0.073004, 0.993014, 0.092702, 0.728846, 0.0, 0.0, 0.0, 1.0],
                [-0.964437, -0.095027, 0.246641, 1.815059, 0.253801, -0.072396, 0.964544, 2.759663, -0.073802, 0.992839, 0.09394, 0.728846, 0.0, 0.0, 0.0, 1.0],
                [-0.988461, -0.087127, 0.123908, 1.788896, 0.131334, -0.085393, 0.987653, 2.946618, -0.075471, 0.992531, 0.09585, 0.728846, 0.0, 0.0, 0.0, 1.0],
                [-0.997002, -0.07697, -0.007863, 1.712876, -0.000304, -0.097733, 0.995213, 3.149817, -0.07737, 0.992232, 0.097416, 0.728846, 0.0, 0.0, 0.0, 1.0],
                [-0.987087, -0.063982, -0.146852, 1.590704, -0.139401, -0.108496, 0.984274, 3.360505, -0.078909, 0.992036, 0.098175, 0.728846, 0.0, 0.0, 0.0, 1.0],
                [-0.955619, -0.047789, -0.290705, 1.426086, -0.283713, -0.116573, 0.951797, 3.569924, -0.079374, 0.992032, 0.097841, 0.728846, 0.0, 0.0, 0.0, 1.0],
                [-0.899361, -0.028292, -0.43629, 1.222725, -0.4302, -0.12067, 0.894632, 3.76932, -0.077958, 0.992289, 0.096355, 0.728846, 0.0, 0.0, 0.0, 1.0],
                [-0.815062, -0.005771, -0.579345, 0.984328, -0.574654, -0.119323, 0.809651, 3.949937, -0.073802, 0.992839, 0.09394, 0.728846, 0.0, 0.0, 0.0, 1.0],
                [-0.690463, 0.0199, -0.723094, 0.715588, -0.720151, -0.113086, 0.68454, 4.104834, -0.068149, 0.993386, 0.092413, 0.728846, 0.0, 0.0, 0.0, 1.0],
                [-0.503044, 0.049048, -0.862868, 0.425159, -0.861964, -0.101206, 0.496764, 4.234336, -0.062962, 0.993656, 0.093189, 0.728846, 0.0, 0.0, 0.0, 1.0],
                [-0.237745, 0.07964, -0.968057, 0.122686, -0.969545, -0.079805, 0.231545, 4.340584, -0.058815, 0.993624, 0.096188, 0.728846, 0.0, 0.0, 0.0, 1.0],
                [0.101457, 0.106354, -0.989139, -0.182189, -0.993222, -0.045858, -0.106806, 4.42572, -0.056719, 0.99327, 0.100981, 0.728846, 0.0, 0.0, 0.0, 1.0],
                [0.46939, 0.120897, -0.874676, -0.479821, -0.881106, -0.00056, -0.472918, 4.491885, -0.057664, 0.992665, 0.10626, 0.728846, 0.0, 0.0, 0.0, 1.0],
                [0.780567, 0.116543, -0.614112, -0.760568, -0.622027, 0.04796, -0.781525, 4.541218, -0.061629, 0.992027, 0.109929, 0.728846, 0.0, 0.0, 0.0, 1.0],
                [0.959545, 0.094368, -0.265269, -1.014785, -0.273457, 0.088033, -0.957847, 4.575861, -0.067038, 0.991637, 0.110277, 0.728846, 0.0, 0.0, 0.0, 1.0],
                [0.994593, 0.062992, 0.082568, -1.232829, 0.075133, 0.112438, -0.990814, 4.597955, -0.071697, 0.99166, 0.107097, 0.728846, 0.0, 0.0, 0.0, 1.0],
                [0.929047, 0.03177, 0.368596, -1.405057, 0.36246, 0.121455, -0.924052, 4.609643, -0.074125, 0.992088, 0.101322, 0.728846, 0.0, 0.0, 0.0, 1.0],
                [0.816824, 0.006138, 0.576854, -1.521824, 0.572147, 0.119305, -0.811427, 4.613063, -0.073802, 0.992839, 0.09394, 0.728846, 0.0, 0.0, 0.0, 1.0],
                [0.690092, -0.013839, 0.723589, -1.602052, 0.720163, 0.112159, -0.68468, 4.610561, -0.071682, 0.993594, 0.087366, 0.728846, 0.0, 0.0, 0.0, 1.0],
                [0.55946, -0.030327, 0.828302, -1.671599, 0.825955, 0.103961, -0.554068, 4.603522, -0.069307, 0.994119, 0.083211, 0.728846, 0.0, 0.0, 0.0, 1.0],
                [0.431314, -0.044187, 0.901119, -1.73123, 0.899698, 0.095421, -0.425955, 4.592642, -0.067163, 0.994456, 0.080912, 0.728846, 0.0, 0.0, 0.0, 1.0],
                [0.308444, -0.056079, 0.949588, -1.781706, 0.948986, 0.086868, -0.303118, 4.578622, -0.065491, 0.99464, 0.080012, 0.728846, 0.0, 0.0, 0.0, 1.0],
                [0.192004, -0.06647, 0.979141, -1.823791, 0.979279, 0.078443, -0.186706, 4.562158, -0.064397, 0.9947, 0.080154, 0.728846, 0.0, 0.0, 0.0, 1.0],
                [0.082533, -0.075675, 0.993711, -1.858247, 0.994537, 0.070204, -0.077256, 4.543948, -0.063916, 0.994658, 0.081056, 0.728846, 0.0, 0.0, 0.0, 1.0],
                [-0.019535, -0.08389, 0.996284, -1.885837, 0.997756, 0.062187, 0.0248, 4.524691, -0.064036, 0.994533, 0.082487, 0.728846, 0.0, 0.0, 0.0, 1.0],
                [-0.113645, -0.091223, 0.989324, -1.907325, 0.991412, 0.054444, 0.118905, 4.505085, -0.06471, 0.994341, 0.084253, 0.728846, 0.0, 0.0, 0.0, 1.0],
                [-0.199033, -0.097722, 0.975109, -1.923472, 0.977778, 0.047064, 0.204295, 4.485828, -0.065857, 0.9941, 0.086183, 0.728846, 0.0, 0.0, 0.0, 1.0],
                [-0.274727, -0.10339, 0.955948, -1.935042, 0.95916, 0.040182, 0.279996, 4.467619, -0.067361, 0.993829, 0.088129, 0.728846, 0.0, 0.0, 0.0, 1.0],
                [-0.339591, -0.108203, 0.934329, -1.942798, 0.938034, 0.033984, 0.344873, 4.451155, -0.069069, 0.993548, 0.089957, 0.728846, 0.0, 0.0, 0.0, 1.0],
                [-0.392382, -0.112112, 0.912944, -1.947502, 0.917074, 0.028706, 0.397682, 4.437134, -0.070792, 0.993281, 0.091552, 0.728846, 0.0, 0.0, 0.0, 1.0],
                [-0.431795, -0.115052, 0.894604, -1.949918, 0.899069, 0.024616, 0.437115, 4.426255, -0.072313, 0.993054, 0.09281, 0.728846, 0.0, 0.0, 0.0, 1.0],
                [-0.456477, -0.116925, 0.882019, -1.950808, 0.886703, 0.021991, 0.461817, 4.419215, -0.073394, 0.992897, 0.093639, 0.728846, 0.0, 0.0, 0.0, 1.0],
                [-0.465026, -0.11759, 0.877453, -1.950935, 0.882216, 0.021073, 0.470374, 4.416713, -0.073802, 0.992839, 0.09394, 0.728846, 0.0, 0.0, 0.0, 1.0],
                [-0.465026, -0.11759, 0.877453, -1.950935, 0.882216, 0.021073, 0.470374, 4.416713, -0.073802, 0.992839, 0.09394, 0.728846, 0.0, 0.0, 0.0, 1.0],
                [-0.465026, -0.11759, 0.877453, -1.950935, 0.882216, 0.021073, 0.470374, 4.416713, -0.073802, 0.992839, 0.09394, 0.728846, 0.0, 0.0, 0.0, 1.0],
                [-0.465026, -0.11759, 0.877453, -1.950935, 0.882216, 0.021073, 0.470374, 4.416713, -0.073802, 0.992839, 0.09394, 0.728846, 0.0, 0.0, 0.0, 1.0],
                [-0.465026, -0.11759, 0.877453, -1.950935, 0.882216, 0.021073, 0.470374, 4.416713, -0.073802, 0.992839, 0.09394, 0.728846, 0.0, 0.0, 0.0, 1.0],
                [-0.465398, -0.117598, 0.877255, -1.951035, 0.88202, 0.021024, 0.470744, 4.416912, -0.073802, 0.992839, 0.09394, 0.728846, 0.0, 0.0, 0.0, 1.0],
                [-0.466488, -0.117624, 0.876672, -1.951329, 0.881444, 0.020878, 0.471828, 4.417496, -0.073802, 0.992839, 0.09394, 0.728846, 0.0, 0.0, 0.0, 1.0],
                [-0.468258, -0.117666, 0.875723, -1.951805, 0.880505, 0.020642, 0.473588, 4.418444, -0.073802, 0.992839, 0.09394, 0.728846, 0.0, 0.0, 0.0, 1.0],
                [-0.470666, -0.117722, 0.874423, -1.952455, 0.87922, 0.02032, 0.475983, 4.419735, -0.073802, 0.992839, 0.09394, 0.728846, 0.0, 0.0, 0.0, 1.0],
                [-0.473674, -0.117791, 0.872788, -1.953268, 0.877603, 0.019917, 0.478975, 4.421351, -0.073802, 0.992839, 0.09394, 0.728846, 0.0, 0.0, 0.0, 1.0],
                [-0.47724, -0.117871, 0.870832, -1.954233, 0.875668, 0.019437, 0.482522, 4.42327, -0.073802, 0.992839, 0.09394, 0.728846, 0.0, 0.0, 0.0, 1.0],
                [-0.481325, -0.117961, 0.868569, -1.955341, 0.87343, 0.018887, 0.486583, 4.425473, -0.073802, 0.992839, 0.09394, 0.728846, 0.0, 0.0, 0.0, 1.0],
                [-0.485885, -0.118058, 0.866013, -1.956581, 0.870901, 0.01827, 0.491119, 4.427938, -0.073802, 0.992839, 0.09394, 0.728846, 0.0, 0.0, 0.0, 1.0],
                [-0.490881, -0.118161, 0.863177, -1.957944, 0.868095, 0.017591, 0.496087, 4.430646, -0.073802, 0.992839, 0.09394, 0.728846, 0.0, 0.0, 0.0, 1.0],
                [-0.496271, -0.118268, 0.860074, -1.959418, 0.865025, 0.016856, 0.501446, 4.433578, -0.073802, 0.992839, 0.09394, 0.728846, 0.0, 0.0, 0.0, 1.0],
                [-0.502013, -0.118377, 0.85672, -1.960994, 0.861705, 0.016069, 0.507154, 4.43671, -0.073802, 0.992839, 0.09394, 0.728846, 0.0, 0.0, 0.0, 1.0],
                [-0.508066, -0.118488, 0.853129, -1.962662, 0.85815, 0.015235, 0.513172, 4.440026, -0.073802, 0.992839, 0.09394, 0.728846, 0.0, 0.0, 0.0, 1.0],
                [-0.514389, -0.118597, 0.849316, -1.964411, 0.854375, 0.01436, 0.519458, 4.443504, -0.073802, 0.992839, 0.09394, 0.728846, 0.0, 0.0, 0.0, 1.0],
                [-0.520942, -0.118704, 0.845298, -1.966232, 0.850396, 0.013448, 0.525972, 4.447123, -0.073802, 0.992839, 0.09394, 0.728846, 0.0, 0.0, 0.0, 1.0],
                [-0.527683, -0.118807, 0.841092, -1.968113, 0.846229, 0.012504, 0.532672, 4.450863, -0.073802, 0.992839, 0.09394, 0.728846, 0.0, 0.0, 0.0, 1.0],
                [-0.534573, -0.118905, 0.836716, -1.970046, 0.841894, 0.011534, 0.53952, 4.454705, -0.073802, 0.992839, 0.09394, 0.728846, 0.0, 0.0, 0.0, 1.0],
                [-0.541573, -0.118997, 0.832189, -1.972019, 0.837408, 0.010542, 0.546476, 4.458628, -0.073802, 0.992839, 0.09394, 0.728846, 0.0, 0.0, 0.0, 1.0],
                [-0.548643, -0.119082, 0.827533, -1.974023, 0.832793, 0.009534, 0.553502, 4.462611, -0.073802, 0.992839, 0.09394, 0.728846, 0.0, 0.0, 0.0, 1.0],
                [-0.555745, -0.119159, 0.822769, -1.976046, 0.828071, 0.008516, 0.560559, 4.466635, -0.073802, 0.992839, 0.09394, 0.728846, 0.0, 0.0, 0.0, 1.0],
                [-0.562843, -0.119228, 0.81792, -1.978081, 0.823263, 0.007491, 0.567611, 4.470678, -0.073802, 0.992839, 0.09394, 0.728846, 0.0, 0.0, 0.0, 1.0],
                [-0.569898, -0.119288, 0.813011, -1.980115, 0.818394, 0.006466, 0.57462, 4.474723, -0.073802, 0.992839, 0.09394, 0.728846, 0.0, 0.0, 0.0, 1.0],
                [-0.576877, -0.119339, 0.808067, -1.982139, 0.81349, 0.005445, 0.581553, 4.478746, -0.073802, 0.992839, 0.09394, 0.728846, 0.0, 0.0, 0.0, 1.0],
                [-0.583743, -0.119381, 0.803114, -1.984143, 0.808577, 0.004435, 0.588373, 4.48273, -0.073802, 0.992839, 0.09394, 0.728846, 0.0, 0.0, 0.0, 1.0],
                [-0.590463, -0.119413, 0.798182, -1.986116, 0.803683, 0.00344, 0.595048, 4.486652, -0.073802, 0.992839, 0.09394, 0.728846, 0.0, 0.0, 0.0, 1.0],
                [-0.597004, -0.119438, 0.793298, -1.988048, 0.798837, 0.002465, 0.601543, 4.490494, -0.073802, 0.992839, 0.09394, 0.728846, 0.0, 0.0, 0.0, 1.0],
                [-0.603333, -0.119453, 0.788493, -1.98993, 0.794067, 0.001515, 0.607828, 4.494235, -0.073802, 0.992839, 0.09394, 0.728846, 0.0, 0.0, 0.0, 1.0],
                [-0.609419, -0.119461, 0.783797, -1.99175, 0.789406, 0.000597, 0.613871, 4.497853, -0.073802, 0.992839, 0.09394, 0.728846, 0.0, 0.0, 0.0, 1.0],
                [-0.615232, -0.119463, 0.779242, -1.9935, 0.784884, -0.000285, 0.619642, 4.501331, -0.073802, 0.992839, 0.09394, 0.728846, 0.0, 0.0, 0.0, 1.0],
                [-0.620741, -0.119458, 0.774861, -1.995167, 0.780534, -0.001126, 0.625112, 4.504646, -0.073802, 0.992839, 0.09394, 0.728846, 0.0, 0.0, 0.0, 1.0],
                [-0.625919, -0.119448, 0.770687, -1.996743, 0.776389, -0.00192, 0.630252, 4.50778, -0.073802, 0.992839, 0.09394, 0.728846, 0.0, 0.0, 0.0, 1.0],
                [-0.630735, -0.119433, 0.766752, -1.998218, 0.77248, -0.002663, 0.635033, 4.510711, -0.073802, 0.992839, 0.09394, 0.728846, 0.0, 0.0, 0.0, 1.0],
                [-0.635164, -0.119416, 0.76309, -1.99958, 0.768844, -0.003349, 0.639428, 4.513419, -0.073802, 0.992839, 0.09394, 0.728846, 0.0, 0.0, 0.0, 1.0],
                [-0.639176, -0.119397, 0.759737, -2.00082, 0.765512, -0.003974, 0.64341, 4.515884, -0.073802, 0.992839, 0.09394, 0.728846, 0.0, 0.0, 0.0, 1.0],
                [-0.642744, -0.119377, 0.756723, -2.001928, 0.762518, -0.004531, 0.646951, 4.518087, -0.073802, 0.992839, 0.09394, 0.728846, 0.0, 0.0, 0.0, 1.0],
                [-0.645841, -0.119358, 0.754085, -2.002893, 0.759897, -0.005017, 0.650024, 4.520006, -0.073802, 0.992839, 0.09394, 0.728846, 0.0, 0.0, 0.0, 1.0],
                [-0.648439, -0.11934, 0.751855, -2.003706, 0.757681, -0.005426, 0.652603, 4.521622, -0.073802, 0.992839, 0.09394, 0.728846, 0.0, 0.0, 0.0, 1.0],
                [-0.650511, -0.119324, 0.750065, -2.004356, 0.755903, -0.005752, 0.654659, 4.522913, -0.073802, 0.992839, 0.09394, 0.728846, 0.0, 0.0, 0.0, 1.0],
                [-0.652028, -0.119313, 0.748749, -2.004833, 0.754595, -0.005992, 0.656164, 4.523861, -0.073802, 0.992839, 0.09394, 0.728846, 0.0, 0.0, 0.0, 1.0],
                [-0.65296, -0.119305, 0.747937, -2.005126, 0.753788, -0.00614, 0.657089, 4.524445, -0.073802, 0.992839, 0.09394, 0.728846, 0.0, 0.0, 0.0, 1.0],
                [-0.653278, -0.119302, 0.74766, -2.005226, 0.753513, -0.00619, 0.657404, 4.524644, -0.073802, 0.992839, 0.09394, 0.728846, 0.0, 0.0, 0.0, 1.0],
                [-0.653278, -0.119302, 0.74766, -2.005226, 0.753513, -0.00619, 0.657404, 4.524644, -0.073802, 0.992839, 0.09394, 0.728846, 0.0, 0.0, 0.0, 1.0],
                [-0.653278, -0.119302, 0.74766, -2.005226, 0.753513, -0.00619, 0.657404, 4.524644, -0.073802, 0.992839, 0.09394, 0.728846, 0.0, 0.0, 0.0, 1.0],
                [-0.653278, -0.119302, 0.74766, -2.005226, 0.753513, -0.00619, 0.657404, 4.524644, -0.073802, 0.992839, 0.09394, 0.728846, 0.0, 0.0, 0.0, 1.0],
                [-0.653278, -0.119302, 0.74766, -2.005226, 0.753513, -0.00619, 0.657404, 4.524644, -0.073802, 0.992839, 0.09394, 0.728846, 0.0, 0.0, 0.0, 1.0],
                [-0.653278, -0.119302, 0.74766, -2.005226, 0.753513, -0.00619, 0.657404, 4.524644, -0.073802, 0.992839, 0.09394, 0.728846, 0.0, 0.0, 0.0, 1.0]
            ]
        },
        {
            "name": "Thigh_R",
            "time": [0.0, 0.0167, 0.0333, 0.05, 0.0667, 0.0833, 0.1, 0.1167, 0.1333, 0.15, 0.1667, 0.1833, 0.2, 0.2167, 0.2333, 0.25, 0.2667, 0.2833, 0.3, 0.3167, 0.3333, 0.35, 0.3667, 0.3833, 0.4, 0.4167, 0.4333, 0.45, 0.4667, 0.4833, 0.5, 0.5167, 0.5333, 0.55, 0.5667, 0.5833, 0.6, 0.6167, 0.6333, 0.65, 0.6667, 0.6833, 0.7, 0.7167, 0.7333, 0.75, 0.7667, 0.7833, 0.8, 0.8167, 0.8333, 0.85, 0.8667, 0.8833, 0.9, 0.9167, 0.9333, 0.95, 0.9667, 0.9833, 1.0, 1.0167, 1.0333, 1.05, 1.0667, 1.0833, 1.1, 1.1167, 1.1333, 1.15, 1.1667, 1.1833, 1.2, 1.2167, 1.2333, 1.25, 1.2667, 1.2833, 1.3, 1.3167, 1.3333, 1.35, 1.3667, 1.3833, 1.4, 1.4167, 1.4333, 1.45, 1.4667, 1.4833, 1.5, 1.5167, 1.5333, 1.55, 1.5667, 1.5833, 1.6, 1.6167, 1.6333, 1.65, 1.6667, 1.6833, 1.7, 1.7167, 1.7333, 1.75, 1.7667, 1.7833, 1.8, 1.8167, 1.8333],
            "transform": [
                [0.87078, 0.4899, -0.041693, 0.124994, 0.405285, -0.667191, 0.624979, -0.002831, 0.278361, -0.561116, -0.779527, -1.2e-05, 0.0, 0.0, 0.0, 1.0],
                [0.859246, 0.511227, 0.018482, 0.124994, 0.391938, -0.681107, 0.618448, -0.002831, 0.328756, -0.524154, -0.785609, -1.2e-05, 0.0, 0.0, 0.0, 1.0],
                [0.819435, 0.546303, 0.173425, 0.124994, 0.353922, -0.720267, 0.596619, -0.002831, 0.450847, -0.427511, -0.783563, -1.2e-05, 0.0, 0.0, 0.0, 1.0],
                [0.749758, 0.548531, 0.370102, 0.124994, 0.300744, -0.78068, 0.547805, -0.002831, 0.58942, -0.299415, -0.75029, -1.2e-05, 0.0, 0.0, 0.0, 1.0],
                [0.677288, 0.506755, 0.533366, 0.124994, 0.249768, -0.840278, 0.481193, -0.002831, 0.692023, -0.192688, -0.695683, -1.2e-05, 0.0, 0.0, 0.0, 1.0],
                [0.642131, 0.489117, 0.590281, 0.124994, 0.207198, -0.852079, 0.480653, -0.002831, 0.738063, -0.186338, -0.648492, -1.2e-05, 0.0, 0.0, 0.0, 1.0],
                [0.665995, 0.470264, 0.579053, 0.124994, 0.154651, -0.846433, 0.509542, -0.002831, 0.729749, -0.249801, -0.636448, -1.2e-05, 0.0, 0.0, 0.0, 1.0],
                [0.713848, 0.402622, 0.572989, 0.124994, 0.065238, -0.852877, 0.518018, -0.002831, 0.697256, -0.332405, -0.635092, -1.2e-05, 0.0, 0.0, 0.0, 1.0],
                [0.744272, 0.297759, 0.597829, 0.124994, -0.063587, -0.859459, 0.507233, -0.002831, 0.664843, -0.415532, -0.620738, -1.2e-05, 0.0, 0.0, 0.0, 1.0],
                [0.73869, 0.168624, 0.652612, 0.124994, -0.212562, -0.860522, 0.462944, -0.002831, 0.639651, -0.480692, -0.599817, -1.2e-05, 0.0, 0.0, 0.0, 1.0],
                [0.69768, 0.00989, 0.716341, 0.124994, -0.356764, -0.862303, 0.359375, -0.002831, 0.621258, -0.506293, -0.598085, -1.2e-05, 0.0, 0.0, 0.0, 1.0],
                [0.632739, -0.274438, 0.724102, 0.124994, -0.478323, -0.873887, 0.086762, -0.002831, 0.608973, -0.401252, -0.684214, -1.2e-05, 0.0, 0.0, 0.0, 1.0],
                [0.599403, -0.297962, 0.742923, 0.124994, -0.551354, -0.826535, 0.113345, -0.002831, 0.58028, -0.477552, -0.659711, -1.2e-05, 0.0, 0.0, 0.0, 1.0],
                [0.652632, -0.262552, 0.710731, 0.124994, -0.55786, -0.801263, 0.216261, -0.002831, 0.512703, -0.537626, -0.669398, -1.2e-05, 0.0, 0.0, 0.0, 1.0],
                [0.795322, -0.18893, 0.575993, 0.124994, -0.467161, -0.796538, 0.383777, -0.002831, 0.386294, -0.574307, -0.721767, -1.2e-05, 0.0, 0.0, 0.0, 1.0],
                [0.94192, -0.090748, 0.323346, 0.124994, -0.259147, -0.808793, 0.527915, -0.002831, 0.213613, -0.581046, -0.785336, -1.2e-05, 0.0, 0.0, 0.0, 1.0],
                [0.990714, 0.020875, 0.13435, 0.124994, -0.057045, -0.833139, 0.550112, -0.002831, 0.123416, -0.552667, -0.824213, -1.2e-05, 0.0, 0.0, 0.0, 1.0],
                [0.989051, 0.143646, 0.033812, 0.124994, 0.085284, -0.74337, 0.663421, -0.002831, 0.120433, -0.653272, -0.747483, -1.1e-05, 0.0, 0.0, 0.0, 1.0],
                [0.971793, 0.231376, -0.04564, 0.124994, 0.203395, -0.724324, 0.658775, -0.002831, 0.119367, -0.649474, -0.750955, -1.2e-05, 0.0, 0.0, 0.0, 1.0],
                [0.950046, 0.300549, -0.084154, 0.124993, 0.290211, -0.751458, 0.592527, -0.002831, 0.114845, -0.587349, -0.801143, -1.2e-05, 0.0, 0.0, 0.0, 1.0],
                [0.932032, 0.35166, -0.087472, 0.124994, 0.346721, -0.795214, 0.497411, -0.002831, 0.105361, -0.493931, -0.863094, -1.2e-05, 0.0, 0.0, 0.0, 1.0],
                [0.922389, 0.379227, -0.073375, 0.124994, 0.375664, -0.836554, 0.398812, -0.002831, 0.089858, -0.395424, -0.914093, -1.2e-05, 0.0, 0.0, 0.0, 1.0],
                [0.922671, 0.379486, -0.068318, 0.124993, 0.380572, -0.867778, 0.319567, -0.002831, 0.061986, -0.320855, -0.945098, -1.2e-05, 0.0, 0.0, 0.0, 1.0],
                [0.929371, 0.358608, -0.087571, 0.124994, 0.368752, -0.890924, 0.265088, -0.002831, 0.017043, -0.278657, -0.960239, -1.2e-05, 0.0, 0.0, 0.0, 1.0],
                [0.936368, 0.325439, -0.131545, 0.124994, 0.348206, -0.908529, 0.230921, -0.002831, -0.044362, -0.262031, -0.96404, -1.1e-05, 0.0, 0.0, 0.0, 1.0],
                [0.937232, 0.289668, -0.194132, 0.124994, 0.327729, -0.921898, 0.206629, -0.002831, -0.119117, -0.257281, -0.958967, -1.2e-05, 0.0, 0.0, 0.0, 1.0],
                [0.927791, 0.264912, -0.262727, 0.124994, 0.316222, -0.932044, 0.176903, -0.002831, -0.198009, -0.247208, -0.948515, -1.1e-05, 0.0, 0.0, 0.0, 1.0],
                [0.912665, 0.257409, -0.317464, 0.124994, 0.310034, -0.942152, 0.127379, -0.002831, -0.266311, -0.214679, -0.939676, -1.2e-05, 0.0, 0.0, 0.0, 1.0],
                [0.901062, 0.252482, -0.352619, 0.124994, 0.295211, -0.952697, 0.072215, -0.002831, -0.317707, -0.169167, -0.932976, -1.3e-05, 0.0, 0.0, 0.0, 1.0],
                [0.897353, 0.235369, -0.373309, 0.124994, 0.269079, -0.962281, 0.040093, -0.002831, -0.349792, -0.136427, -0.926841, -1.1e-05, 0.0, 0.0, 0.0, 1.0],
                [0.902395, 0.194483, -0.384524, 0.124994, 0.235046, -0.970069, 0.060964, -0.002831, -0.361159, -0.145394, -0.9211, -1.2e-05, 0.0, 0.0, 0.0, 1.0],
                [0.907334, 0.146859, -0.393925, 0.124994, 0.213497, -0.968144, 0.130814, -0.002831, -0.362165, -0.202794, -0.909786, -1.1e-05, 0.0, 0.0, 0.0, 1.0],
                [0.907429, 0.11843, -0.403171, 0.124994, 0.21795, -0.952962, 0.210616, -0.002831, -0.359264, -0.278989, -0.890559, -1.1e-05, 0.0, 0.0, 0.0, 1.0],
                [0.90638, 0.109901, -0.407917, 0.124994, 0.238673, -0.929922, 0.279784, -0.002831, -0.348583, -0.350949, -0.869094, -1.2e-05, 0.0, 0.0, 0.0, 1.0],
                [0.907304, 0.111521, -0.405418, 0.124994, 0.26038, -0.906088, 0.333473, -0.00283, -0.330155, -0.408122, -0.851137, -1.2e-05, 0.0, 0.0, 0.0, 1.0],
                [0.913555, 0.105819, -0.392707, 0.124995, 0.266435, -0.885236, 0.381271, -0.002831, -0.307293, -0.452942, -0.836908, -1.1e-05, 0.0, 0.0, 0.0, 1.0],
                [0.927456, 0.072938, -0.366748, 0.124994, 0.242049, -0.864687, 0.440142, -0.002831, -0.285019, -0.496983, -0.819617, -1.2e-05, 0.0, 0.0, 0.0, 1.0],
                [0.953744, 0.019723, -0.299973, 0.124994, 0.18131, -0.83367, 0.52165, -0.002831, -0.239789, -0.551908, -0.798685, -1.3e-05, 0.0, 0.0, 0.0, 1.0],
                [0.982641, -0.01404, -0.184982, 0.124995, 0.102396, -0.790432, 0.603929, -0.002831, -0.154695, -0.612386, -0.775275, -1.2e-05, 0.0, 0.0, 0.0, 1.0],
                [0.99835, -0.001677, -0.057398, 0.124993, 0.036817, -0.748394, 0.662231, -0.002831, -0.044067, -0.66325, -0.747098, -1.2e-05, 0.0, 0.0, 0.0, 1.0],
                [0.996621, 0.069228, 0.044206, 0.124992, 0.019815, -0.724926, 0.68854, -0.002831, 0.079712, -0.685336, -0.72385, -1.2e-05, 0.0, 0.0, 0.0, 1.0],
                [0.973096, 0.19716, 0.11922, 0.124994, 0.064936, -0.731147, 0.679122, -0.002831, 0.221064, -0.653107, -0.72428, -1.2e-05, 0.0, 0.0, 0.0, 1.0],
                [0.907083, 0.351951, 0.230934, 0.124994, 0.133944, -0.761402, 0.634291, -0.002831, 0.399073, -0.544421, -0.737798, -1.3e-05, 0.0, 0.0, 0.0, 1.0],
                [0.782895, 0.47393, 0.403069, 0.124994, 0.182609, -0.794368, 0.579336, -0.002831, 0.594751, -0.379954, -0.708453, -1.4e-05, 0.0, 0.0, 0.0, 1.0],
                [0.619048, 0.561366, 0.549223, 0.124994, 0.199899, -0.788928, 0.581061, -0.002831, 0.759486, -0.249915, -0.600602, -1.1e-05, 0.0, 0.0, 0.0, 1.0],
                [0.456118, 0.622787, 0.635682, 0.124994, 0.186866, -0.765414, 0.61581, -0.002831, 0.870079, -0.162094, -0.465498, -1.2e-05, 0.0, 0.0, 0.0, 1.0],
                [0.332349, 0.640395, 0.692413, 0.124995, 0.141798, -0.759726, 0.634593, -0.002831, 0.932436, -0.112724, -0.343302, -1.1e-05, 0.0, 0.0, 0.0, 1.0],
                [0.281239, 0.609886, 0.740907, 0.124994, 0.079953, -0.784275, 0.615239, -0.002831, 0.956301, -0.113792, -0.269331, -1.1e-05, 0.0, 0.0, 0.0, 1.0],
                [0.310673, 0.56093, 0.767358, 0.124993, 0.01618, -0.810308, 0.585778, -0.002831, 0.950378, -0.16957, -0.260817, -1.2e-05, 0.0, 0.0, 0.0, 1.0],
                [0.399501, 0.508583, 0.76272, 0.124995, -0.047439, -0.819413, 0.571236, -0.002831, 0.915504, -0.264392, -0.30323, -1.2e-05, 0.0, 0.0, 0.0, 1.0],
                [0.505121, 0.461029, 0.729593, 0.124994, -0.099191, -0.808752, 0.579724, -0.002831, 0.857329, -0.3652, -0.362788, -1.2e-05, 0.0, 0.0, 0.0, 1.0],
                [0.589721, 0.427772, 0.685011, 0.124994, -0.130164, -0.786762, 0.603374, -0.002831, 0.797048, -0.444985, -0.40829, -1.2e-05, 0.0, 0.0, 0.0, 1.0],
                [0.655816, 0.409156, 0.634426, 0.124993, -0.136296, -0.762401, 0.632585, -0.002831, 0.742515, -0.501328, -0.44423, -1.2e-05, 0.0, 0.0, 0.0, 1.0],
                [0.721314, 0.397296, 0.567328, 0.124994, -0.112968, -0.740661, 0.662312, -0.002831, 0.683333, -0.541824, -0.489369, -1.2e-05, 0.0, 0.0, 0.0, 1.0],
                [0.786429, 0.388288, 0.480376, 0.124994, -0.060711, -0.725353, 0.685694, -0.002831, 0.614689, -0.568413, -0.546866, -1.2e-05, 0.0, 0.0, 0.0, 1.0],
                [0.845172, 0.380655, 0.375214, 0.124993, 0.015147, -0.718771, 0.695081, -0.002831, 0.53428, -0.581778, -0.613253, -1.2e-05, 0.0, 0.0, 0.0, 1.0],
                [0.889225, 0.375438, 0.261391, 0.124994, 0.103013, -0.721038, 0.685194, -0.002831, 0.445721, -0.582364, -0.679841, -1.2e-05, 0.0, 0.0, 0.0, 1.0],
                [0.914408, 0.374388, 0.153918, 0.124996, 0.188109, -0.729699, 0.657383, -0.002831, 0.358431, -0.572162, -0.73767, -1.2e-05, 0.0, 0.0, 0.0, 1.0],
                [0.923638, 0.377589, 0.065724, 0.124993, 0.258768, -0.740866, 0.619803, -0.002831, 0.282724, -0.555465, -0.782002, -1.2e-05, 0.0, 0.0, 0.0, 1.0],
                [0.923778, 0.382918, 0.002588, 0.124994, 0.309682, -0.751038, 0.583127, -0.00283, 0.225233, -0.537878, -0.812377, -1.2e-05, 0.0, 0.0, 0.0, 1.0],
                [0.921203, 0.387475, -0.035323, 0.124995, 0.340164, -0.757982, 0.556552, -0.002831, 0.188876, -0.524712, -0.830062, -1.2e-05, 0.0, 0.0, 0.0, 1.0],
                [0.919891, 0.389172, -0.048446, 0.124996, 0.35052, -0.760476, 0.546636, -0.002831, 0.175894, -0.519824, -0.835968, -1.2e-05, 0.0, 0.0, 0.0, 1.0],
                [0.919891, 0.389172, -0.048445, 0.124995, 0.350519, -0.760476, 0.546635, -0.002831, 0.175894, -0.519825, -0.835969, -1.2e-05, 0.0, 0.0, 0.0, 1.0],
                [0.919891, 0.389172, -0.048445, 0.124996, 0.350519, -0.760476, 0.546636, -0.002831, 0.175894, -0.519825, -0.835968, -1.2e-05, 0.0, 0.0, 0.0, 1.0],
                [0.919891, 0.389172, -0.048446, 0.124996, 0.350519, -0.760476, 0.546637, -0.002831, 0.175894, -0.519825, -0.835968, -1.2e-05, 0.0, 0.0, 0.0, 1.0],
                [0.919891, 0.389172, -0.048445, 0.124996, 0.35052, -0.760476, 0.546635, -0.002831, 0.175894, -0.519824, -0.835969, -1.2e-05, 0.0, 0.0, 0.0, 1.0],
                [0.91993, 0.389142, -0.047914, 0.124993, 0.350186, -0.760509, 0.546802, -0.002831, 0.176344, -0.519798, -0.83589, -1.2e-05, 0.0, 0.0, 0.0, 1.0],
                [0.920047, 0.389055, -0.046353, 0.124993, 0.349209, -0.760611, 0.547285, -0.002831, 0.177667, -0.519714, -0.835662, -1.2e-05, 0.0, 0.0, 0.0, 1.0],
                [0.92023, 0.388918, -0.04381, 0.124994, 0.347622, -0.76078, 0.54806, -0.002831, 0.179821, -0.51957, -0.835291, -1.2e-05, 0.0, 0.0, 0.0, 1.0],
                [0.920466, 0.388736, -0.040328, 0.124994, 0.345456, -0.761019, 0.549097, -0.002831, 0.182764, -0.519355, -0.834786, -1.2e-05, 0.0, 0.0, 0.0, 1.0],
                [0.92074, 0.388515, -0.035947, 0.124994, 0.34274, -0.761334, 0.550361, -0.002831, 0.186456, -0.519059, -0.834154, -1.1e-05, 0.0, 0.0, 0.0, 1.0],
                [0.921035, 0.388266, -0.030708, 0.124995, 0.339508, -0.761728, 0.551817, -0.002831, 0.190861, -0.518668, -0.8334, -1.2e-05, 0.0, 0.0, 0.0, 1.0],
                [0.921333, 0.38799, -0.02465, 0.124996, 0.335786, -0.762204, 0.553436, -0.002831, 0.195939, -0.518176, -0.832527, -1.2e-05, 0.0, 0.0, 0.0, 1.0],
                [0.921613, 0.3877, -0.017813, 0.124995, 0.331611, -0.762769, 0.555173, -0.002831, 0.201653, -0.51756, -0.831545, -1.2e-05, 0.0, 0.0, 0.0, 1.0],
                [0.921855, 0.3874, -0.010235, 0.124994, 0.327007, -0.763426, 0.556997, -0.002831, 0.207967, -0.516816, -0.830452, -1.2e-05, 0.0, 0.0, 0.0, 1.0],
                [0.922038, 0.387092, -0.001958, 0.124994, 0.322006, -0.764177, 0.558876, -0.002831, 0.21484, -0.515935, -0.829249, -1.1e-05, 0.0, 0.0, 0.0, 1.0],
                [0.922142, 0.386785, 0.00698, 0.124994, 0.316642, -0.765029, 0.560773, -0.002831, 0.222239, -0.514901, -0.82794, -1.2e-05, 0.0, 0.0, 0.0, 1.0],
                [0.92215, 0.386479, 0.016537, 0.124996, 0.310938, -0.765982, 0.562661, -0.002831, 0.230124, -0.513715, -0.826522, -1.2e-05, 0.0, 0.0, 0.0, 1.0],
                [0.922038, 0.386179, 0.02667, 0.124994, 0.304932, -0.767037, 0.564508, -0.002831, 0.238459, -0.512364, -0.824997, -1.2e-05, 0.0, 0.0, 0.0, 1.0],
                [0.921789, 0.385887, 0.037338, 0.124993, 0.298651, -0.768197, 0.566286, -0.002831, 0.247205, -0.510844, -0.823363, -1.2e-05, 0.0, 0.0, 0.0, 1.0],
                [0.921389, 0.385601, 0.048494, 0.124993, 0.292126, -0.769459, 0.567974, -0.002831, 0.256325, -0.509158, -0.821617, -1.2e-05, 0.0, 0.0, 0.0, 1.0],
                [0.920823, 0.385322, 0.060091, 0.124995, 0.285387, -0.770822, 0.56955, -0.002831, 0.26578, -0.507304, -0.819758, -1.2e-05, 0.0, 0.0, 0.0, 1.0],
                [0.920073, 0.385055, 0.072087, 0.124994, 0.278471, -0.772286, 0.570987, -0.002831, 0.275534, -0.505275, -0.817788, -1.2e-05, 0.0, 0.0, 0.0, 1.0],
                [0.919133, 0.384793, 0.084431, 0.124995, 0.271401, -0.773846, 0.572278, -0.002831, 0.285545, -0.503084, -0.815702, -1.2e-05, 0.0, 0.0, 0.0, 1.0],
                [0.917992, 0.384536, 0.097072, 0.124993, 0.264213, -0.775496, 0.573408, -0.00283, 0.295776, -0.500735, -0.8135, -1.1e-05, 0.0, 0.0, 0.0, 1.0],
                [0.916642, 0.384285, 0.109963, 0.124994, 0.256939, -0.777233, 0.57436, -0.002831, 0.306185, -0.498228, -0.811184, -1.2e-05, 0.0, 0.0, 0.0, 1.0],
                [0.915082, 0.384036, 0.123051, 0.124996, 0.24961, -0.77905, 0.57513, -0.00283, 0.316734, -0.495575, -0.808754, -1.2e-05, 0.0, 0.0, 0.0, 1.0],
                [0.913307, 0.383791, 0.136284, 0.124994, 0.242259, -0.780938, 0.575712, -0.002831, 0.327383, -0.492785, -0.806215, -1.2e-05, 0.0, 0.0, 0.0, 1.0],
                [0.911321, 0.383547, 0.149609, 0.124994, 0.234918, -0.78289, 0.576103, -0.002831, 0.33809, -0.489869, -0.803568, -1.2e-05, 0.0, 0.0, 0.0, 1.0],
                [0.909129, 0.383305, 0.162972, 0.124995, 0.227619, -0.784897, 0.576302, -0.002831, 0.348816, -0.486838, -0.800822, -1.2e-05, 0.0, 0.0, 0.0, 1.0],
                [0.906738, 0.383066, 0.176314, 0.124994, 0.220396, -0.786948, 0.576314, -0.002831, 0.359517, -0.483706, -0.797983, -1.2e-05, 0.0, 0.0, 0.0, 1.0],
                [0.904158, 0.382826, 0.189584, 0.124994, 0.213279, -0.789036, 0.576136, -0.002831, 0.370149, -0.480482, -0.795063, -1.2e-05, 0.0, 0.0, 0.0, 1.0],
                [0.901404, 0.38259, 0.202718, 0.124996, 0.206304, -0.791144, 0.575784, -0.002831, 0.380669, -0.477192, -0.792072, -1.3e-05, 0.0, 0.0, 0.0, 1.0],
                [0.898493, 0.382361, 0.21566, 0.124994, 0.199506, -0.793266, 0.57526, -0.002831, 0.391033, -0.47384, -0.789029, -1.1e-05, 0.0, 0.0, 0.0, 1.0],
                [0.895447, 0.38214, 0.228349, 0.124994, 0.192918, -0.79539, 0.574575, -0.002831, 0.401195, -0.470447, -0.785952, -1.3e-05, 0.0, 0.0, 0.0, 1.0],
                [0.892292, 0.381927, 0.240718, 0.124995, 0.186574, -0.797501, 0.573743, -0.002831, 0.411101, -0.467034, -0.782863, -1.2e-05, 0.0, 0.0, 0.0, 1.0],
                [0.889056, 0.381732, 0.252702, 0.124994, 0.180515, -0.799587, 0.572777, -0.002831, 0.420705, -0.463614, -0.779788, -1.2e-05, 0.0, 0.0, 0.0, 1.0],
                [0.885775, 0.381554, 0.264231, 0.124994, 0.174773, -0.801635, 0.571694, -0.002831, 0.429949, -0.460211, -0.776755, -1.2e-05, 0.0, 0.0, 0.0, 1.0],
                [0.882486, 0.3814, 0.275231, 0.124993, 0.16939, -0.803631, 0.57051, -0.002831, 0.438777, -0.456845, -0.7738, -1.2e-05, 0.0, 0.0, 0.0, 1.0],
                [0.879232, 0.381271, 0.285631, 0.124994, 0.164404, -0.805568, 0.569237, -0.002831, 0.447128, -0.453531, -0.770965, -1.2e-05, 0.0, 0.0, 0.0, 1.0],
                [0.876058, 0.381171, 0.295346, 0.124996, 0.159857, -0.807427, 0.567895, -0.002831, 0.454936, -0.450295, -0.768288, -1.2e-05, 0.0, 0.0, 0.0, 1.0],
                [0.873018, 0.381109, 0.304294, 0.124996, 0.155795, -0.809199, 0.5665, -0.002831, 0.462133, -0.447156, -0.765823, -1.1e-05, 0.0, 0.0, 0.0, 1.0],
                [0.870164, 0.381088, 0.312387, 0.124995, 0.152263, -0.81087, 0.565069, -0.002831, 0.468647, -0.444137, -0.763618, -1.2e-05, 0.0, 0.0, 0.0, 1.0],
                [0.867556, 0.38111, 0.319533, 0.124993, 0.149309, -0.812431, 0.563613, -0.002831, 0.474398, -0.441256, -0.761735, -1.2e-05, 0.0, 0.0, 0.0, 1.0],
                [0.865254, 0.381175, 0.325637, 0.124995, 0.146977, -0.81387, 0.562147, -0.002831, 0.479303, -0.438539, -0.760231, -1.2e-05, 0.0, 0.0, 0.0, 1.0],
                [0.863319, 0.381288, 0.330602, 0.124996, 0.145321, -0.815181, 0.560678, -0.002831, 0.483281, -0.436001, -0.759172, -1.2e-05, 0.0, 0.0, 0.0, 1.0],
                [0.861717, 0.381411, 0.334615, 0.124996, 0.14412, -0.816315, 0.559336, -0.002831, 0.486489, -0.433764, -0.758404, -1.2e-05, 0.0, 0.0, 0.0, 1.0],
                [0.860404, 0.381505, 0.337872, 0.124996, 0.143138, -0.817226, 0.558258, -0.002831, 0.489096, -0.431964, -0.757754, -1.2e-05, 0.0, 0.0, 0.0, 1.0],
                [0.859422, 0.38157, 0.340289, 0.124996, 0.142405, -0.817894, 0.557465, -0.002831, 0.491033, -0.430638, -0.757256, -1.2e-05, 0.0, 0.0, 0.0, 1.0],
                [0.85881, 0.381609, 0.341787, 0.124996, 0.141948, -0.818307, 0.556977, -0.002831, 0.492234, -0.429821, -0.756941, -1.2e-05, 0.0, 0.0, 0.0, 1.0],
                [0.858601, 0.381622, 0.342299, 0.124996, 0.141792, -0.818447, 0.55681, -0.002831, 0.492645, -0.429542, -0.756832, -1.2e-05, 0.0, 0.0, 0.0, 1.0]
            ]
        },
        {
            "name": "Leg_R",
            "time": [0.0, 0.0167, 0.0333, 0.05, 0.0667, 0.0833, 0.1, 0.1167, 0.1333, 0.15, 0.1667, 0.1833, 0.2, 0.2167, 0.2333, 0.25, 0.2667, 0.2833, 0.3, 0.3167, 0.3333, 0.35, 0.3667, 0.3833, 0.4, 0.4167, 0.4333, 0.45, 0.4667, 0.4833, 0.5, 0.5167, 0.5333, 0.55, 0.5667, 0.5833, 0.6, 0.6167, 0.6333, 0.65, 0.6667, 0.6833, 0.7, 0.7167, 0.7333, 0.75, 0.7667, 0.7833, 0.8, 0.8167, 0.8333, 0.85, 0.8667, 0.8833, 0.9, 0.9167, 0.9333, 0.95, 0.9667, 0.9833, 1.0, 1.0167, 1.0333, 1.05, 1.0667, 1.0833, 1.1, 1.1167, 1.1333, 1.15, 1.1667, 1.1833, 1.2, 1.2167, 1.2333, 1.25, 1.2667, 1.2833, 1.3, 1.3167, 1.3333, 1.35, 1.3667, 1.3833, 1.4, 1.4167, 1.4333, 1.45, 1.4667, 1.4833, 1.5, 1.5167, 1.5333, 1.55, 1.5667, 1.5833, 1.6, 1.6167, 1.6333, 1.65, 1.6667, 1.6833, 1.7, 1.7167, 1.7333, 1.75, 1.7667, 1.7833, 1.8, 1.8167, 1.8333],
            "transform": [
                [1.000001, -0.0, 1e-06, -0.0, -0.0, 0.654086, 0.756421, 0.374726, -1e-06, -0.756423, 0.654082, 0.0, 0.0, 0.0, 0.0, 1.0],
                [1.0, -1e-06, 1e-06, 0.0, -0.0, 0.695884, 0.718155, 0.374726, -1e-06, -0.718158, 0.695879, 0.0, 0.0, 0.0, 0.0, 1.0],
                [1.000001, -1e-06, 1e-06, 0.0, -0.0, 0.791006, 0.611812, 0.374726, -1e-06, -0.611814, 0.791, -0.0, 0.0, 0.0, 0.0, 1.0],
                [1.0, -0.0, 1e-06, -0.0, -0.0, 0.892877, 0.450308, 0.374726, -1e-06, -0.45031, 0.892868, -0.0, 0.0, 0.0, 0.0, 1.0],
                [1.0, -0.0, 1e-06, -0.0, -0.0, 0.951945, 0.30628, 0.374726, -1e-06, -0.306282, 0.951937, -0.0, 0.0, 0.0, 0.0, 1.0],
                [0.999999, -0.0, 1e-06, 0.0, -0.0, 0.921962, 0.38729, 0.374726, -1e-06, -0.387293, 0.921952, 0.0, 0.0, 0.0, 0.0, 1.0],
                [1.0, -0.0, 1e-06, 0.0, -0.0, 0.822174, 0.569239, 0.374726, -1e-06, -0.569242, 0.822167, -0.0, 0.0, 0.0, 0.0, 1.0],
                [1.0, -0.0, 1e-06, 0.0, -0.0, 0.72748, 0.686131, 0.374726, -1e-06, -0.686134, 0.727473, -0.0, 0.0, 0.0, 0.0, 1.0],
                [1.0, -1e-06, 1e-06, 0.0, -0.0, 0.680224, 0.733005, 0.374726, -1e-06, -0.733008, 0.680219, -0.0, 0.0, 0.0, 0.0, 1.0],
                [1.000001, -0.0, 1e-06, -0.0, -0.0, 0.710286, 0.703915, 0.374726, -1e-06, -0.703918, 0.71028, 0.0, 0.0, 0.0, 0.0, 1.0],
                [1.0, -0.0, 1e-06, 0.0, -0.0, 0.831149, 0.556055, 0.374726, -1e-06, -0.556058, 0.831141, 0.0, 0.0, 0.0, 0.0, 1.0],
