{
    "animation": [
        {
            "name": "Root",
            "time": [0.0, 0.0111, 0.0222, 0.0333, 0.0444, 0.0556, 0.0667, 0.0778, 0.0889, 0.1, 0.1111, 0.1222, 0.1333, 0.1444, 0.1556, 0.1667, 0.1778, 0.1889, 0.2, 0.2111, 0.2222, 0.2333, 0.2444, 0.2556, 0.2667, 0.2778, 0.2889, 0.3, 0.3111, 0.3222, 0.3333, 0.3444, 0.3556, 0.3667, 0.3778, 0.3889, 0.4, 0.4111, 0.4222, 0.4333, 0.4444, 0.4556, 0.4667, 0.4778, 0.4889, 0.5, 0.5111, 0.5222, 0.5333, 0.5444, 0.5556, 0.5667, 0.5778, 0.5889, 0.6, 0.6111, 0.6222, 0.6333, 0.6444, 0.6556, 0.6667, 0.6778, 0.6889, 0.7, 0.7111, 0.7222, 0.7333, 0.7444, 0.7556, 0.7667, 0.7778, 0.7889, 0.8, 0.8111, 0.8222, 0.8333, 0.8444, 0.8556, 0.8667, 0.8778, 0.8889, 0.9, 0.9111, 0.9222, 0.9333, 0.9444, 0.9556, 0.9667, 0.9778, 0.9889, 1.0, 1.0111, 1.0222, 1.0333, 1.0444, 1.0556, 1.0667, 1.0778, 1.0889, 1.1, 1.1111],
            "transform": [
                [0.884215, 0.0, 0.467081, -5e-06, 0.467081, 0.0, -0.884215, 0.000946, 0.0, 1.0, 0.0, 0.725456, 0.0, 0.0, 0.0, 1.0],
                [0.884215, 0.0, 0.467081, -5e-06, 0.467081, 0.0, -0.884215, 0.000946, 0.0, 1.0, 0.0, 0.725456, 0.0, 0.0, 0.0, 1.0],
                [0.884215, 0.0, 0.467081, -5e-06, 0.467081, 0.0, -0.884215, 0.000946, 0.0, 1.0, 0.0, 0.725456, 0.0, 0.0, 0.0, 1.0],
                [0.884215, 0.0, 0.467081, -5e-06, 0.467081, 0.0, -0.884215, 0.000946, 0.0, 1.0, 0.0, 0.725456, 0.0, 0.0, 0.0, 1.0],
                [0.878345, 0.0, 0.478028, -5e-06, 0.478028, 0.0, -0.878345, 0.01459, 0.0, 1.0, 0.0, 0.737573, 0.0, 0.0, 0.0, 1.0],
                [0.862199, 0.0, 0.50657, -5e-06, 0.50657, 0.0, -0.862199, 0.052505, 0.0, 1.0, 0.0, 0.769518, 0.0, 0.0, 0.0, 1.0],
                [0.837746, 0.0, 0.54606, -5e-06, 0.54606, 0.0, -0.837746, 0.110163, 0.0, 1.0, 0.0, 0.814681, 0.0, 0.0, 0.0, 1.0],
                [0.807455, 0.0, 0.589929, -5e-06, 0.589929, 0.0, -0.807455, 0.183038, 0.0, 1.0, 0.0, 0.866454, 0.0, 0.0, 0.0, 1.0],
                [0.774869, 0.0, 0.632122, -5e-06, 0.632122, 0.0, -0.774869, 0.266603, 0.0, 1.0, 0.0, 0.918226, 0.0, 0.0, 0.0, 1.0],
                [0.74468, 0.0, 0.667422, -5e-06, 0.667422, 0.0, -0.74468, 0.356331, 0.0, 1.0, 0.0, 0.963389, 0.0, 0.0, 0.0, 1.0],
                [0.722396, 0.0, 0.69148, -5e-06, 0.69148, 0.0, -0.722396, 0.447697, 0.0, 1.0, 0.0, 0.995334, 0.0, 0.0, 0.0, 1.0],
                [0.713751, 0.0, 0.700399, -5e-06, 0.700399, 0.0, -0.713751, 0.536172, 0.0, 1.0, 0.0, 1.007451, 0.0, 0.0, 0.0, 1.0],
                [0.713751, 0.0, 0.700399, -5e-06, 0.700399, 0.0, -0.713751, 0.618536, 0.0, 1.0, 0.0, 0.999307, 0.0, 0.0, 0.0, 1.0],
                [0.713751, 0.0, 0.700399, -5e-06, 0.700399, 0.0, -0.713751, 0.696793, 0.0, 1.0, 0.0, 0.979885, 0.0, 0.0, 0.0, 1.0],
                [0.713751, 0.0, 0.700399, -5e-06, 0.700399, 0.0, -0.713751, 0.77425, 0.0, 1.0, 0.0, 0.956704, 0.0, 0.0, 0.0, 1.0],
                [0.713751, 0.0, 0.700399, -5e-06, 0.700399, 0.0, -0.713751, 0.854216, 0.0, 1.0, 0.0, 0.937283, 0.0, 0.0, 0.0, 1.0],
                [0.713751, 0.0, 0.700399, -5e-06, 0.700399, 0.0, -0.713751, 0.939999, 0.0, 1.0, 0.0, 0.929138, 0.0, 0.0, 0.0, 1.0],
                [0.713751, 0.0, 0.700399, -5e-06, 0.700399, 0.0, -0.713751, 1.034074, 0.0, 1.0, 0.0, 0.945443, 0.0, 0.0, 0.0, 1.0],
                [0.713751, 0.0, 0.700399, -5e-06, 0.700399, 0.0, -0.713751, 1.135579, 0.0, 1.0, 0.0, 0.981315, 0.0, 0.0, 0.0, 1.0],
                [0.713751, 0.0, 0.700399, -5e-06, 0.700399, 0.0, -0.713751, 1.24282, 0.0, 1.0, 0.0, 1.017186, 0.0, 0.0, 0.0, 1.0],
                [0.713751, 0.0, 0.700399, -5e-06, 0.700399, 0.0, -0.713751, 1.354098, 0.0, 1.0, 0.0, 1.033491, 0.0, 0.0, 0.0, 1.0],
                [0.713751, 0.0, 0.700399, -5e-06, 0.700399, 0.0, -0.713751, 1.467318, 0.0, 1.0, 0.0, 1.020206, 0.0, 0.0, 0.0, 1.0],
                [0.713751, 0.0, 0.700399, -5e-06, 0.700399, 0.0, -0.713751, 1.578773, 0.0, 1.0, 0.0, 0.984613, 0.0, 0.0, 0.0, 1.0],
                [0.713751, 0.0, 0.700399, -5e-06, 0.700399, 0.0, -0.713751, 1.684353, 0.0, 1.0, 0.0, 0.933102, 0.0, 0.0, 0.0, 1.0],
                [0.713751, 0.0, 0.700399, -5e-06, 0.700399, 0.0, -0.713751, 1.77995, 0.0, 1.0, 0.0, 0.872065, 0.0, 0.0, 0.0, 1.0],
                [0.713751, 0.0, 0.700399, -5e-06, 0.700399, 0.0, -0.713751, 1.861455, 0.0, 1.0, 0.0, 0.807893, 0.0, 0.0, 0.0, 1.0],
                [0.713751, 0.0, 0.700399, -5e-06, 0.700399, 0.0, -0.713751, 1.92476, 0.0, 1.0, 0.0, 0.746977, 0.0, 0.0, 0.0, 1.0],
                [0.713751, 0.0, 0.700399, -5e-06, 0.700399, 0.0, -0.713751, 1.965756, 0.0, 1.0, 0.0, 0.695709, 0.0, 0.0, 0.0, 1.0],
                [0.713751, 0.0, 0.700399, -5e-06, 0.700399, 0.0, -0.713751, 1.980334, 0.0, 1.0, 0.0, 0.660479, 0.0, 0.0, 0.0, 1.0],
                [0.713751, 0.0, 0.700399, -5e-06, 0.700399, 0.0, -0.713751, 1.980334, 0.0, 1.0, 0.0, 0.642672, 0.0, 0.0, 0.0, 1.0],
                [0.713751, 0.0, 0.700399, -5e-06, 0.700399, 0.0, -0.713751, 1.980334, 0.0, 1.0, 0.0, 0.623643, 0.0, 0.0, 0.0, 1.0],
                [0.713751, 0.0, 0.700399, -5e-06, 0.700399, 0.0, -0.713751, 1.980334, 0.0, 1.0, 0.0, 0.590122, 0.0, 0.0, 0.0, 1.0],
                [0.713751, 0.0, 0.700399, -5e-06, 0.700399, 0.0, -0.713751, 1.980334, 0.0, 1.0, 0.0, 0.570363, 0.0, 0.0, 0.0, 1.0],
                [0.713751, 0.0, 0.700399, -5e-06, 0.700399, 0.0, -0.713751, 1.980334, 0.0, 1.0, 0.0, 0.606686, 0.0, 0.0, 0.0, 1.0],
                [0.713751, 0.0, 0.700399, -5e-06, 0.700399, 0.0, -0.713751, 1.980334, 0.0, 1.0, 0.0, 0.606686, 0.0, 0.0, 0.0, 1.0],
                [0.713751, 0.0, 0.700399, -5e-06, 0.700399, 0.0, -0.713751, 1.980334, 0.0, 1.0, 0.0, 0.606686, 0.0, 0.0, 0.0, 1.0],
                [0.713751, 0.0, 0.700399, -5e-06, 0.700399, 0.0, -0.713751, 1.980334, 0.0, 1.0, 0.0, 0.606686, 0.0, 0.0, 0.0, 1.0],
                [0.713751, 0.0, 0.700399, -5e-06, 0.700399, 0.0, -0.713751, 1.980334, 0.0, 1.0, 0.0, 0.606686, 0.0, 0.0, 0.0, 1.0],
                [0.713751, 0.0, 0.700399, -5e-06, 0.700399, 0.0, -0.713751, 1.980334, 0.0, 1.0, 0.0, 0.606686, 0.0, 0.0, 0.0, 1.0],
                [0.713751, 0.0, 0.700399, -5e-06, 0.700399, 0.0, -0.713751, 1.980334, 0.0, 1.0, 0.0, 0.606686, 0.0, 0.0, 0.0, 1.0],
                [0.713751, 0.0, 0.700399, -5e-06, 0.700399, 0.0, -0.713751, 1.980334, 0.0, 1.0, 0.0, 0.606686, 0.0, 0.0, 0.0, 1.0],
                [0.713751, 0.0, 0.700399, -5e-06, 0.700399, 0.0, -0.713751, 1.980334, 0.0, 1.0, 0.0, 0.606686, 0.0, 0.0, 0.0, 1.0],
                [0.713751, 0.0, 0.700399, -5e-06, 0.700399, 0.0, -0.713751, 1.980334, 0.0, 1.0, 0.0, 0.606686, 0.0, 0.0, 0.0, 1.0],
                [0.713751, 0.0, 0.700399, -5e-06, 0.700399, 0.0, -0.713751, 1.980334, 0.0, 1.0, 0.0, 0.606686, 0.0, 0.0, 0.0, 1.0],
                [0.713751, 0.0, 0.700399, -5e-06, 0.700399, 0.0, -0.713751, 1.980334, 0.0, 1.0, 0.0, 0.606686, 0.0, 0.0, 0.0, 1.0],
                [0.713751, 0.0, 0.700399, -5e-06, 0.700399, 0.0, -0.713751, 1.980334, 0.0, 1.0, 0.0, 0.606686, 0.0, 0.0, 0.0, 1.0],
                [0.713751, 0.0, 0.700399, -5e-06, 0.700399, 0.0, -0.713751, 1.980334, 0.0, 1.0, 0.0, 0.606686, 0.0, 0.0, 0.0, 1.0],
                [0.713751, 0.0, 0.700399, -5e-06, 0.700399, 0.0, -0.713751, 1.980334, 0.0, 1.0, 0.0, 0.606686, 0.0, 0.0, 0.0, 1.0],
                [0.713751, 0.0, 0.700399, -5e-06, 0.700399, 0.0, -0.713751, 1.980334, 0.0, 1.0, 0.0, 0.606686, 0.0, 0.0, 0.0, 1.0],
                [0.713751, 0.0, 0.700399, -5e-06, 0.700399, 0.0, -0.713751, 1.980334, 0.0, 1.0, 0.0, 0.606686, 0.0, 0.0, 0.0, 1.0],
                [0.713751, 0.0, 0.700399, -5e-06, 0.700399, 0.0, -0.713751, 1.980334, 0.0, 1.0, 0.0, 0.606686, 0.0, 0.0, 0.0, 1.0],
                [0.713751, 0.0, 0.700399, -5e-06, 0.700399, 0.0, -0.713751, 1.980334, 0.0, 1.0, 0.0, 0.606686, 0.0, 0.0, 0.0, 1.0],
                [0.713751, 0.0, 0.700399, -5e-06, 0.700399, 0.0, -0.713751, 1.980334, 0.0, 1.0, 0.0, 0.606686, 0.0, 0.0, 0.0, 1.0],
                [0.713751, 0.0, 0.700399, -5e-06, 0.700399, 0.0, -0.713751, 1.980334, 0.0, 1.0, 0.0, 0.606686, 0.0, 0.0, 0.0, 1.0],
                [0.713751, 0.0, 0.700399, -5e-06, 0.700399, 0.0, -0.713751, 1.980334, 0.0, 1.0, 0.0, 0.606686, 0.0, 0.0, 0.0, 1.0],
                [0.713751, 0.0, 0.700399, -5e-06, 0.700399, 0.0, -0.713751, 1.980334, 0.0, 1.0, 0.0, 0.606686, 0.0, 0.0, 0.0, 1.0],
                [0.714714, 0.0, 0.699417, -5e-06, 0.699417, 0.0, -0.714714, 1.981276, 0.0, 1.0, 0.0, 0.606885, 0.0, 0.0, 0.0, 1.0],
                [0.717536, 0.0, 0.696521, -5e-06, 0.696521, 0.0, -0.717536, 1.984045, 0.0, 1.0, 0.0, 0.60747, 0.0, 0.0, 0.0, 1.0],
                [0.722116, 0.0, 0.691772, -5e-06, 0.691772, 0.0, -0.722116, 1.988556, 0.0, 1.0, 0.0, 0.608424, 0.0, 0.0, 0.0, 1.0],
                [0.728339, 0.0, 0.685217, -5e-06, 0.685217, 0.0, -0.728339, 1.994725, 0.0, 1.0, 0.0, 0.609727, 0.0, 0.0, 0.0, 1.0],
                [0.736082, 0.0, 0.676892, -5e-06, 0.676892, 0.0, -0.736082, 2.002465, 0.0, 1.0, 0.0, 0.611362, 0.0, 0.0, 0.0, 1.0],
                [0.745215, 0.0, 0.666825, -5e-06, 0.666825, 0.0, -0.745215, 2.011693, 0.0, 1.0, 0.0, 0.613312, 0.0, 0.0, 0.0, 1.0],
                [0.755599, 0.0, 0.655035, -5e-06, 0.655035, 0.0, -0.755599, 2.022323, 0.0, 1.0, 0.0, 0.615558, 0.0, 0.0, 0.0, 1.0],
                [0.767088, 0.0, 0.641542, -5e-06, 0.641542, 0.0, -0.767088, 2.03427, 0.0, 1.0, 0.0, 0.618083, 0.0, 0.0, 0.0, 1.0],
                [0.77953, 0.0, 0.626365, -5e-06, 0.626365, 0.0, -0.77953, 2.047449, 0.0, 1.0, 0.0, 0.620867, 0.0, 0.0, 0.0, 1.0],
                [0.792767, 0.0, 0.609524, -5e-06, 0.609524, 0.0, -0.792767, 2.061775, 0.0, 1.0, 0.0, 0.623894, 0.0, 0.0, 0.0, 1.0],
                [0.806638, 0.0, 0.591046, -5e-06, 0.591046, 0.0, -0.806638, 2.077164, 0.0, 1.0, 0.0, 0.627146, 0.0, 0.0, 0.0, 1.0],
                [0.820975, 0.0, 0.570965, -5e-06, 0.570965, 0.0, -0.820975, 2.09353, 0.0, 1.0, 0.0, 0.630604, 0.0, 0.0, 0.0, 1.0],
                [0.835611, 0.0, 0.549322, -5e-06, 0.549322, 0.0, -0.835611, 2.110789, 0.0, 1.0, 0.0, 0.634251, 0.0, 0.0, 0.0, 1.0],
                [0.850378, 0.0, 0.526172, -5e-06, 0.526172, 0.0, -0.850378, 2.128854, 0.0, 1.0, 0.0, 0.638068, 0.0, 0.0, 0.0, 1.0],
                [0.86511, 0.0, 0.501583, -5e-06, 0.501583, 0.0, -0.86511, 2.147643, 0.0, 1.0, 0.0, 0.642038, 0.0, 0.0, 0.0, 1.0],
                [0.879643, 0.0, 0.475634, -5e-06, 0.475634, 0.0, -0.879643, 2.167068, 0.0, 1.0, 0.0, 0.646142, 0.0, 0.0, 0.0, 1.0],
                [0.893822, 0.0, 0.448422, -5e-06, 0.448422, 0.0, -0.893822, 2.187046, 0.0, 1.0, 0.0, 0.650363, 0.0, 0.0, 0.0, 1.0],
                [0.907498, 0.0, 0.420057, -5e-06, 0.420057, 0.0, -0.907498, 2.207491, 0.0, 1.0, 0.0, 0.654683, 0.0, 0.0, 0.0, 1.0],
                [0.920534, 0.0, 0.390663, -5e-06, 0.390663, 0.0, -0.920534, 2.228318, 0.0, 1.0, 0.0, 0.659084, 0.0, 0.0, 0.0, 1.0],
                [0.932805, 0.0, 0.36038, -5e-06, 0.36038, 0.0, -0.932805, 2.249444, 0.0, 1.0, 0.0, 0.663548, 0.0, 0.0, 0.0, 1.0],
                [0.944204, 0.0, 0.32936, -5e-06, 0.32936, 0.0, -0.944204, 2.270781, 0.0, 1.0, 0.0, 0.668056, 0.0, 0.0, 0.0, 1.0],
                [0.954639, 0.0, 0.297765, -5e-06, 0.297765, 0.0, -0.954639, 2.292246, 0.0, 1.0, 0.0, 0.672592, 0.0, 0.0, 0.0, 1.0],
                [0.964037, 0.0, 0.265768, -5e-06, 0.265768, 0.0, -0.964037, 2.313754, 0.0, 1.0, 0.0, 0.677136, 0.0, 0.0, 0.0, 1.0],
                [0.972345, 0.0, 0.233549, -5e-06, 0.233549, 0.0, -0.972345, 2.335219, 0.0, 1.0, 0.0, 0.681671, 0.0, 0.0, 0.0, 1.0],
                [0.979531, 0.0, 0.201292, -5e-06, 0.201292, 0.0, -0.979531, 2.356556, 0.0, 1.0, 0.0, 0.68618, 0.0, 0.0, 0.0, 1.0],
                [0.985585, 0.0, 0.169182, -5e-06, 0.169182, 0.0, -0.985585, 2.377681, 0.0, 1.0, 0.0, 0.690643, 0.0, 0.0, 0.0, 1.0],
                [0.990515, 0.0, 0.137408, -5e-06, 0.137408, 0.0, -0.990515, 2.398509, 0.0, 1.0, 0.0, 0.695044, 0.0, 0.0, 0.0, 1.0],
                [0.99435, 0.0, 0.106153, -5e-06, 0.106153, 0.0, -0.99435, 2.418954, 0.0, 1.0, 0.0, 0.699364, 0.0, 0.0, 0.0, 1.0],
                [0.997139, 0.0, 0.075595, -5e-06, 0.075595, 0.0, -0.997139, 2.438932, 0.0, 1.0, 0.0, 0.703585, 0.0, 0.0, 0.0, 1.0],
                [0.998946, 0.0, 0.045909, -5e-06, 0.045909, 0.0, -0.998946, 2.458357, 0.0, 1.0, 0.0, 0.70769, 0.0, 0.0, 0.0, 1.0],
                [0.999851, 0.0, 0.017258, -5e-06, 0.017258, 0.0, -0.999851, 2.477145, 0.0, 1.0, 0.0, 0.71166, 0.0, 0.0, 0.0, 1.0],
                [0.999948, 0.0, -0.0102, -5e-06, -0.0102, 0.0, -0.999948, 2.495211, 0.0, 1.0, 0.0, 0.715477, 0.0, 0.0, 0.0, 1.0],
                [0.99934, 0.0, -0.03632, -5e-06, -0.03632, 0.0, -0.99934, 2.51247, 0.0, 1.0, 0.0, 0.719123, 0.0, 0.0, 0.0, 1.0],
                [0.99814, 0.0, -0.060965, -5e-06, -0.060965, 0.0, -0.99814, 2.528836, 0.0, 1.0, 0.0, 0.722581, 0.0, 0.0, 0.0, 1.0],
                [0.996465, 0.0, -0.084009, -5e-06, -0.084009, 0.0, -0.996465, 2.544224, 0.0, 1.0, 0.0, 0.725833, 0.0, 0.0, 0.0, 1.0],
                [0.994437, 0.0, -0.105333, -5e-06, -0.105333, 0.0, -0.994437, 2.558551, 0.0, 1.0, 0.0, 0.72886, 0.0, 0.0, 0.0, 1.0],
                [0.992178, 0.0, -0.124828, -5e-06, -0.124828, 0.0, -0.992178, 2.57173, 0.0, 1.0, 0.0, 0.731645, 0.0, 0.0, 0.0, 1.0],
                [0.98981, 0.0, -0.142391, -5e-06, -0.142391, 0.0, -0.98981, 2.583677, 0.0, 1.0, 0.0, 0.734169, 0.0, 0.0, 0.0, 1.0],
                [0.987451, 0.0, -0.157924, -5e-06, -0.157924, 0.0, -0.987451, 2.594307, 0.0, 1.0, 0.0, 0.736415, 0.0, 0.0, 0.0, 1.0],
                [0.985214, 0.0, -0.171331, -5e-06, -0.171331, 0.0, -0.985214, 2.603535, 0.0, 1.0, 0.0, 0.738365, 0.0, 0.0, 0.0, 1.0],
                [0.983202, 0.0, -0.182521, -5e-06, -0.182521, 0.0, -0.983202, 2.611275, 0.0, 1.0, 0.0, 0.74, 0.0, 0.0, 0.0, 1.0],
                [0.981512, 0.0, -0.1914, -5e-06, -0.1914, 0.0, -0.981512, 2.617443, 0.0, 1.0, 0.0, 0.741304, 0.0, 0.0, 0.0, 1.0],
                [0.980228, 0.0, -0.197871, -5e-06, -0.197871, 0.0, -0.980228, 2.621954, 0.0, 1.0, 0.0, 0.742257, 0.0, 0.0, 0.0, 1.0],
                [0.97942, 0.0, -0.201834, -5e-06, -0.201834, 0.0, -0.97942, 2.624723, 0.0, 1.0, 0.0, 0.742842, 0.0, 0.0, 0.0, 1.0],
                [0.979141, 0.0, -0.20318, -5e-06, -0.20318, 0.0, -0.979141, 2.625665, 0.0, 1.0, 0.0, 0.743041, 0.0, 0.0, 0.0, 1.0]
            ]
        },
        {
            "name": "Thigh_R",
            "time": [0.0, 0.0111, 0.0222, 0.0333, 0.0444, 0.0556, 0.0667, 0.0778, 0.0889, 0.1, 0.1111, 0.1222, 0.1333, 0.1444, 0.1556, 0.1667, 0.1778, 0.1889, 0.2, 0.2111, 0.2222, 0.2333, 0.2444, 0.2556, 0.2667, 0.2778, 0.2889, 0.3, 0.3111, 0.3222, 0.3333, 0.3444, 0.3556, 0.3667, 0.3778, 0.3889, 0.4, 0.4111, 0.4222, 0.4333, 0.4444, 0.4556, 0.4667, 0.4778, 0.4889, 0.5, 0.5111, 0.5222, 0.5333, 0.5444, 0.5556, 0.5667, 0.5778, 0.5889, 0.6, 0.6111, 0.6222, 0.6333, 0.6444, 0.6556, 0.6667, 0.6778, 0.6889, 0.7, 0.7111, 0.7222, 0.7333, 0.7444, 0.7556, 0.7667, 0.7778, 0.7889, 0.8, 0.8111, 0.8222, 0.8333, 0.8444, 0.8556, 0.8667, 0.8778, 0.8889, 0.9, 0.9111, 0.9222, 0.9333, 0.9444, 0.9556, 0.9667, 0.9778, 0.9889, 1.0, 1.0111, 1.0222, 1.0333, 1.0444, 1.0556, 1.0667, 1.0778, 1.0889, 1.1, 1.1111],
            "transform": [
                [0.63056, 0.160613, 0.75934, 0.124994, 0.163737, -0.983861, 0.072135, -0.002831, 0.758672, 0.078846, -0.646684, -1.2e-05, 0.0, 0.0, 0.0, 1.0],
                [0.63056, 0.160613, 0.75934, 0.124994, 0.163737, -0.983861, 0.072135, -0.002831, 0.758672, 0.078846, -0.646684, -1.2e-05, 0.0, 0.0, 0.0, 1.0],
                [0.63056, 0.160613, 0.75934, 0.124994, 0.163737, -0.983861, 0.072135, -0.002831, 0.758672, 0.078846, -0.646684, -1.2e-05, 0.0, 0.0, 0.0, 1.0],
                [0.63056, 0.160613, 0.75934, 0.124994, 0.163737, -0.983861, 0.072135, -0.002831, 0.758672, 0.078846, -0.646684, -1.2e-05, 0.0, 0.0, 0.0, 1.0],
                [0.626671, 0.168058, 0.760947, 0.124994, 0.164439, -0.982998, 0.081678, -0.002831, 0.761737, 0.073944, -0.643653, -1.2e-05, 0.0, 0.0, 0.0, 1.0],
                [0.615157, 0.19214, 0.764633, 0.124994, 0.167154, -0.979584, 0.111677, -0.002831, 0.770481, 0.059112, -0.634716, -1.2e-05, 0.0, 0.0, 0.0, 1.0],
                [0.595962, 0.234384, 0.768045, 0.124994, 0.172967, -0.97147, 0.162251, -0.002831, 0.784163, 0.036151, -0.619501, -1.2e-05, 0.0, 0.0, 0.0, 1.0],
                [0.570766, 0.294504, 0.766481, 0.124994, 0.182192, -0.955619, 0.231507, -0.002831, 0.800644, 0.00751, -0.599093, -1.2e-05, 0.0, 0.0, 0.0, 1.0],
                [0.543567, 0.370261, 0.753288, 0.124994, 0.194221, -0.928573, 0.316272, -0.002831, 0.816586, -0.025611, -0.576655, -1.2e-05, 0.0, 0.0, 0.0, 1.0],
                [0.520045, 0.457403, 0.721343, 0.124994, 0.207903, -0.886912, 0.412506, -0.002831, 0.82845, -0.064553, -0.556331, -1.2e-05, 0.0, 0.0, 0.0, 1.0],
                [0.506733, 0.549478, 0.6643, 0.124994, 0.221854, -0.827719, 0.515422, -0.002831, 0.833068, -0.113804, -0.541338, -1.2e-05, 0.0, 0.0, 0.0, 1.0],
                [0.510298, 0.637316, 0.577428, 0.124994, 0.234504, -0.749102, 0.619558, -0.002831, 0.827408, -0.18075, -0.53172, -1.2e-05, 0.0, 0.0, 0.0, 1.0],
                [0.52883, 0.704243, 0.473687, 0.124994, 0.24039, -0.659543, 0.71219, -0.002831, 0.813973, -0.262757, -0.51808, -1.2e-05, 0.0, 0.0, 0.0, 1.0],
                [0.552129, 0.745273, 0.373791, 0.124994, 0.235793, -0.569592, 0.787379, -0.002831, 0.799722, -0.346597, -0.49022, -1.2e-05, 0.0, 0.0, 0.0, 1.0],
                [0.574504, 0.768494, 0.28171, 0.124994, 0.222418, -0.477803, 0.849844, -0.002831, 0.787703, -0.425581, -0.445427, -1.2e-05, 0.0, 0.0, 0.0, 1.0],
                [0.590141, 0.783156, 0.195954, 0.124994, 0.20452, -0.379843, 0.902159, -0.002831, 0.780964, -0.492324, -0.384333, -1.2e-05, 0.0, 0.0, 0.0, 1.0],
                [0.592528, 0.797237, 0.11542, 0.124994, 0.188268, -0.276366, 0.942432, -0.002831, 0.78324, -0.536686, -0.31385, -1.2e-05, 0.0, 0.0, 0.0, 1.0],
                [0.580194, 0.810809, 0.077206, 0.124994, 0.158409, -0.205316, 0.965791, -0.002831, 0.798925, -0.548115, -0.247563, -1.2e-05, 0.0, 0.0, 0.0, 1.0],
                [0.557875, 0.822816, 0.108379, 0.124994, 0.104922, -0.199466, 0.974272, -0.002831, 0.823266, -0.53215, -0.197609, -1.2e-05, 0.0, 0.0, 0.0, 1.0],
                [0.528684, 0.829107, 0.181858, 0.124994, 0.042192, -0.239652, 0.969942, -0.002831, 0.847769, -0.505119, -0.161683, -1.2e-05, 0.0, 0.0, 0.0, 1.0],
                [0.495598, 0.831379, 0.251377, 0.124994, -0.020193, -0.278312, 0.960279, -0.002831, 0.868317, -0.480987, -0.121144, -1.2e-05, 0.0, 0.0, 0.0, 1.0],
                [0.459619, 0.842883, 0.279815, 0.124994, -0.080113, -0.274432, 0.958264, -0.002831, 0.884496, -0.462852, -0.058608, -1.2e-05, 0.0, 0.0, 0.0, 1.0],
                [0.427702, 0.857609, 0.285615, 0.124994, -0.128549, -0.255053, 0.958344, -0.002831, 0.894732, -0.446601, 0.001158, -1.2e-05, 0.0, 0.0, 0.0, 1.0],
                [0.417984, 0.858581, 0.296859, 0.124994, -0.139184, -0.262391, 0.954872, -0.002831, 0.897729, -0.440438, 0.009825, -1.2e-05, 0.0, 0.0, 0.0, 1.0],
                [0.437538, 0.825244, 0.357113, 0.124994, -0.101284, -0.349387, 0.931489, -0.002831, 0.893477, -0.443731, -0.069286, -1.2e-05, 0.0, 0.0, 0.0, 1.0],
                [0.4513, 0.724104, 0.521536, 0.124994, -0.07668, -0.550808, 0.831102, -0.002831, 0.889071, -0.415067, -0.193056, -1.2e-05, 0.0, 0.0, 0.0, 1.0],
                [0.456465, 0.550705, 0.69883, 0.124994, -0.074327, -0.759081, 0.646738, -0.002831, 0.886631, -0.347155, -0.305562, -1.2e-05, 0.0, 0.0, 0.0, 1.0],
                [0.468554, 0.567634, 0.676941, 0.124994, -0.0652, -0.741949, 0.667277, -0.002831, 0.881026, -0.356791, -0.310634, -1.2e-05, 0.0, 0.0, 0.0, 1.0],
                [0.487868, 0.666947, 0.563175, 0.124994, -0.047656, -0.62385, 0.780089, -0.002831, 0.871616, -0.407418, -0.272573, -1.2e-05, 0.0, 0.0, 0.0, 1.0],
                [0.504308, 0.69807, 0.508302, 0.124994, -0.031429, -0.573408, 0.818667, -0.002831, 0.862952, -0.428835, -0.267235, -1.2e-05, 0.0, 0.0, 0.0, 1.0],
                [0.514714, 0.727645, 0.453431, 0.124994, -0.014767, -0.521264, 0.853268, -0.002831, 0.857234, -0.445884, -0.257557, -1.2e-05, 0.0, 0.0, 0.0, 1.0],
                [0.512034, 0.773681, 0.373144, 0.124994, -0.004263, -0.432116, 0.901808, -0.002831, 0.858954, -0.463346, -0.217961, -1.2e-05, 0.0, 0.0, 0.0, 1.0],
                [0.497412, 0.802102, 0.330471, 0.124994, -0.001266, -0.380267, 0.924876, -0.002831, 0.867513, -0.460462, -0.188134, -1.2e-05, 0.0, 0.0, 0.0, 1.0],
                [0.481932, 0.77057, 0.417087, 0.124994, -0.000412, -0.475813, 0.879547, -0.002831, 0.876209, -0.424053, -0.228992, -1.2e-05, 0.0, 0.0, 0.0, 1.0],
                [0.476148, 0.774264, 0.416889, 0.124994, 0.003643, -0.475811, 0.87954, -0.002831, 0.879357, -0.417272, -0.229378, -1.2e-05, 0.0, 0.0, 0.0, 1.0],
                [0.508968, 0.763774, 0.396986, 0.124994, 0.029172, -0.47623, 0.878837, -0.002831, 0.86029, -0.435719, -0.264667, -1.2e-05, 0.0, 0.0, 0.0, 1.0],
                [0.508969, 0.763774, 0.396986, 0.124994, 0.029172, -0.47623, 0.878837, -0.002831, 0.86029, -0.435719, -0.264667, -1.2e-05, 0.0, 0.0, 0.0, 1.0],
                [0.508969, 0.763774, 0.396986, 0.124994, 0.029172, -0.47623, 0.878837, -0.002831, 0.86029, -0.435719, -0.264667, -1.2e-05, 0.0, 0.0, 0.0, 1.0],
                [0.508969, 0.763774, 0.396986, 0.124994, 0.029172, -0.47623, 0.878837, -0.002831, 0.86029, -0.435719, -0.264667, -1.2e-05, 0.0, 0.0, 0.0, 1.0],
                [0.508969, 0.763774, 0.396986, 0.124994, 0.029172, -0.47623, 0.878837, -0.002831, 0.86029, -0.435719, -0.264667, -1.2e-05, 0.0, 0.0, 0.0, 1.0],
                [0.508969, 0.763774, 0.396986, 0.124994, 0.029172, -0.47623, 0.878837, -0.002831, 0.86029, -0.435719, -0.264667, -1.2e-05, 0.0, 0.0, 0.0, 1.0],
                [0.508969, 0.763774, 0.396986, 0.124994, 0.029172, -0.47623, 0.878837, -0.002831, 0.86029, -0.435719, -0.264667, -1.2e-05, 0.0, 0.0, 0.0, 1.0],
                [0.508969, 0.763774, 0.396986, 0.124994, 0.029172, -0.47623, 0.878837, -0.002831, 0.86029, -0.435719, -0.264667, -1.2e-05, 0.0, 0.0, 0.0, 1.0],
                [0.508969, 0.763774, 0.396986, 0.124994, 0.029172, -0.47623, 0.878837, -0.002831, 0.86029, -0.435719, -0.264667, -1.2e-05, 0.0, 0.0, 0.0, 1.0],
                [0.508969, 0.763774, 0.396986, 0.124994, 0.029172, -0.47623, 0.878837, -0.002831, 0.86029, -0.435719, -0.264667, -1.2e-05, 0.0, 0.0, 0.0, 1.0],
                [0.508969, 0.763774, 0.396986, 0.124994, 0.029172, -0.47623, 0.878837, -0.002831, 0.86029, -0.435719, -0.264667, -1.2e-05, 0.0, 0.0, 0.0, 1.0],
                [0.508969, 0.763774, 0.396986, 0.124994, 0.029172, -0.47623, 0.878837, -0.002831, 0.86029, -0.435719, -0.264667, -1.2e-05, 0.0, 0.0, 0.0, 1.0],
                [0.508969, 0.763774, 0.396986, 0.124994, 0.029172, -0.47623, 0.878837, -0.002831, 0.86029, -0.435719, -0.264667, -1.2e-05, 0.0, 0.0, 0.0, 1.0],
                [0.508969, 0.763774, 0.396986, 0.124994, 0.029172, -0.47623, 0.878837, -0.002831, 0.86029, -0.435719, -0.264667, -1.2e-05, 0.0, 0.0, 0.0, 1.0],
                [0.508969, 0.763774, 0.396986, 0.124994, 0.029172, -0.47623, 0.878837, -0.002831, 0.86029, -0.435719, -0.264667, -1.2e-05, 0.0, 0.0, 0.0, 1.0],
                [0.508969, 0.763774, 0.396986, 0.124994, 0.029172, -0.47623, 0.878837, -0.002831, 0.86029, -0.435719, -0.264667, -1.2e-05, 0.0, 0.0, 0.0, 1.0],
                [0.508969, 0.763774, 0.396986, 0.124994, 0.029172, -0.47623, 0.878837, -0.002831, 0.86029, -0.435719, -0.264667, -1.2e-05, 0.0, 0.0, 0.0, 1.0],
                [0.508969, 0.763774, 0.396986, 0.124994, 0.029172, -0.47623, 0.878837, -0.002831, 0.86029, -0.435719, -0.264667, -1.2e-05, 0.0, 0.0, 0.0, 1.0],
                [0.508969, 0.763774, 0.396986, 0.124994, 0.029172, -0.47623, 0.878837, -0.002831, 0.86029, -0.435719, -0.264667, -1.2e-05, 0.0, 0.0, 0.0, 1.0],
                [0.508969, 0.763774, 0.396986, 0.124994, 0.029172, -0.47623, 0.878837, -0.002831, 0.86029, -0.435719, -0.264667, -1.2e-05, 0.0, 0.0, 0.0, 1.0],
                [0.508969, 0.763774, 0.396986, 0.124994, 0.029172, -0.47623, 0.878837, -0.002831, 0.86029, -0.435719, -0.264667, -1.2e-05, 0.0, 0.0, 0.0, 1.0],
                [0.509677, 0.76304, 0.397489, 0.124994, 0.028882, -0.476912, 0.878476, -0.002831, 0.859881, -0.436258, -0.26511, -1.2e-05, 0.0, 0.0, 0.0, 1.0],
                [0.511758, 0.76087, 0.398972, 0.124994, 0.028038, -0.478934, 0.877403, -0.002831, 0.858672, -0.437831, -0.266432, -1.2e-05, 0.0, 0.0, 0.0, 1.0],
                [0.515143, 0.757297, 0.401406, 0.124994, 0.026694, -0.482276, 0.875612, -0.002831, 0.856688, -0.440349, -0.268657, -1.2e-05, 0.0, 0.0, 0.0, 1.0],
                [0.519759, 0.752338, 0.404766, 0.124994, 0.024918, -0.486939, 0.87308, -0.002831, 0.853949, -0.443705, -0.271838, -1.2e-05, 0.0, 0.0, 0.0, 1.0],
                [0.525533, 0.745996, 0.409027, 0.124994, 0.022789, -0.492941, 0.869764, -0.002831, 0.850467, -0.447768, -0.276058, -1.2e-05, 0.0, 0.0, 0.0, 1.0],
                [0.532388, 0.738265, 0.414158, 0.124994, 0.020398, -0.500304, 0.865609, -0.002831, 0.846255, -0.452391, -0.281415, -1.2e-05, 0.0, 0.0, 0.0, 1.0],
                [0.540244, 0.729136, 0.420115, 0.124994, 0.017839, -0.50905, 0.860552, -0.002831, 0.841319, -0.457413, -0.288019, -1.2e-05, 0.0, 0.0, 0.0, 1.0],
                [0.549021, 0.718598, 0.426839, 0.124994, 0.015212, -0.519195, 0.85452, -0.002831, 0.83567, -0.462655, -0.295981, -1.2e-05, 0.0, 0.0, 0.0, 1.0],
                [0.558635, 0.706647, 0.434252, 0.124994, 0.012619, -0.530745, 0.847438, -0.002831, 0.829317, -0.467928, -0.30541, -1.2e-05, 0.0, 0.0, 0.0, 1.0],
                [0.569001, 0.693288, 0.442253, 0.124994, 0.010161, -0.543685, 0.839227, -0.002831, 0.822274, -0.473026, -0.316402, -1.2e-05, 0.0, 0.0, 0.0, 1.0],
                [0.580032, 0.678537, 0.45072, 0.124994, 0.007937, -0.557986, 0.829812, -0.002831, 0.814555, -0.47774, -0.329036, -1.2e-05, 0.0, 0.0, 0.0, 1.0],
                [0.591641, 0.662429, 0.459508, 0.124994, 0.006042, -0.573593, 0.819118, -0.002831, 0.806179, -0.481846, -0.343364, -1.2e-05, 0.0, 0.0, 0.0, 1.0],
                [0.603739, 0.645017, 0.468457, 0.124994, 0.004565, -0.590427, 0.807078, -0.002831, 0.797169, -0.485125, -0.359409, -1.2e-05, 0.0, 0.0, 0.0, 1.0],
                [0.616235, 0.626381, 0.477389, 0.124994, 0.003588, -0.608386, 0.793633, -0.002831, 0.787554, -0.487351, -0.377157, -1.2e-05, 0.0, 0.0, 0.0, 1.0],
                [0.62904, 0.606622, 0.486123, 0.124994, 0.003186, -0.627347, 0.778733, -0.002831, 0.777365, -0.488305, -0.39656, -1.2e-05, 0.0, 0.0, 0.0, 1.0],
                [0.642066, 0.585871, 0.494475, 0.124994, 0.00342, -0.647163, 0.762343, -0.002831, 0.766642, -0.487783, -0.417526, -1.2e-05, 0.0, 0.0, 0.0, 1.0],
                [0.655221, 0.564281, 0.502265, 0.124994, 0.004346, -0.667671, 0.744443, -0.002831, 0.755423, -0.485592, -0.439925, -1.2e-05, 0.0, 0.0, 0.0, 1.0],
                [0.668421, 0.542027, 0.509331, 0.124994, 0.006005, -0.688694, 0.725027, -0.002831, 0.743758, -0.481564, -0.463593, -1.2e-05, 0.0, 0.0, 0.0, 1.0],
                [0.681578, 0.519306, 0.515531, 0.124994, 0.008426, -0.710044, 0.704106, -0.002831, 0.731696, -0.475559, -0.488327, -1.2e-05, 0.0, 0.0, 0.0, 1.0],
                [0.69461, 0.496323, 0.520749, 0.124994, 0.011626, -0.731528, 0.681711, -0.002831, 0.719292, -0.467468, -0.513898, -1.2e-05, 0.0, 0.0, 0.0, 1.0],
                [0.707437, 0.473295, 0.524902, 0.124994, 0.015611, -0.752953, 0.657888, -0.002831, 0.706603, -0.45722, -0.540056, -1.2e-05, 0.0, 0.0, 0.0, 1.0],
                [0.719984, 0.450438, 0.527947, 0.124994, 0.020368, -0.774127, 0.632702, -0.002831, 0.693691, -0.444781, -0.566535, -1.2e-05, 0.0, 0.0, 0.0, 1.0],
                [0.732181, 0.427955, 0.529872, 0.124994, 0.025877, -0.794869, 0.606227, -0.002831, 0.680618, -0.430155, -0.593063, -1.1e-05, 0.0, 0.0, 0.0, 1.0],
                [0.743962, 0.406041, 0.530708, 0.124994, 0.032102, -0.815008, 0.578558, -0.002831, 0.66745, -0.413388, -0.619371, -1.1e-05, 0.0, 0.0, 0.0, 1.0],
                [0.755269, 0.384863, 0.530518, 0.124994, 0.038994, -0.834388, 0.549794, -0.002831, 0.654254, -0.394554, -0.645196, -1.2e-05, 0.0, 0.0, 0.0, 1.0],
                [0.76605, 0.364562, 0.529397, 0.124994, 0.046491, -0.85287, 0.520046, -0.002831, 0.641097, -0.373768, -0.670292, -1.2e-05, 0.0, 0.0, 0.0, 1.0],
                [0.776261, 0.345249, 0.527467, 0.124994, 0.054523, -0.870334, 0.489432, -0.002831, 0.628049, -0.351167, -0.694432, -1.2e-05, 0.0, 0.0, 0.0, 1.0],
                [0.785866, 0.326994, 0.52487, 0.124994, 0.063007, -0.88668, 0.458067, -0.002831, 0.615178, -0.326909, -0.717416, -1.2e-05, 0.0, 0.0, 0.0, 1.0],
                [0.794839, 0.309835, 0.52176, 0.124994, 0.071852, -0.901829, 0.426075, -0.002831, 0.602551, -0.301171, -0.739073, -1.2e-05, 0.0, 0.0, 0.0, 1.0],
                [0.803159, 0.293771, 0.518299, 0.124994, 0.080959, -0.915719, 0.393575, -0.002831, 0.590238, -0.274142, -0.759253, -1.1e-05, 0.0, 0.0, 0.0, 1.0],
                [0.810818, 0.278765, 0.51465, 0.124994, 0.090224, -0.928312, 0.360685, -0.002831, 0.578303, -0.246015, -0.777845, -1.2e-05, 0.0, 0.0, 0.0, 1.0],
                [0.817812, 0.264752, 0.51097, 0.124994, 0.099539, -0.939584, 0.327522, -0.002831, 0.566812, -0.216989, -0.794758, -1.2e-05, 0.0, 0.0, 0.0, 1.0],
                [0.824147, 0.251637, 0.507405, 0.124994, 0.108794, -0.949531, 0.294196, -0.002831, 0.555828, -0.187258, -0.809932, -1.2e-05, 0.0, 0.0, 0.0, 1.0],
                [0.829837, 0.239306, 0.504086, 0.124994, 0.117874, -0.958161, 0.260825, -0.002831, 0.545413, -0.157024, -0.823327, -1.2e-05, 0.0, 0.0, 0.0, 1.0],
                [0.834901, 0.227627, 0.501125, 0.124994, 0.12667, -0.965497, 0.227523, -0.002831, 0.535626, -0.126481, -0.83493, -1.2e-05, 0.0, 0.0, 0.0, 1.0],
                [0.839361, 0.216463, 0.498614, 0.124994, 0.135071, -0.971574, 0.194415, -0.002831, 0.526525, -0.095836, -0.844741, -1.2e-05, 0.0, 0.0, 0.0, 1.0],
                [0.843246, 0.205679, 0.49662, 0.124994, 0.142971, -0.976437, 0.16164, -0.002831, 0.518164, -0.0653, -0.852785, -1.2e-05, 0.0, 0.0, 0.0, 1.0],
                [0.846587, 0.195156, 0.495182, 0.124994, 0.150267, -0.980142, 0.129379, -0.002831, 0.510598, -0.035121, -0.859102, -1.2e-05, 0.0, 0.0, 0.0, 1.0],
                [0.849412, 0.184803, 0.494314, 0.124994, 0.156861, -0.982758, 0.097867, -0.002831, 0.503878, -0.005591, -0.863757, -1.2e-05, 0.0, 0.0, 0.0, 1.0],
                [0.851753, 0.174596, 0.493997, 0.124994, 0.16266, -0.984372, 0.067455, -0.002831, 0.498055, 0.022898, -0.866843, -1.2e-05, 0.0, 0.0, 0.0, 1.0],
                [0.853635, 0.164637, 0.494168, 0.124994, 0.167574, -0.985097, 0.038725, -0.002831, 0.493179, 0.049752, -0.868504, -1.2e-05, 0.0, 0.0, 0.0, 1.0],
                [0.855082, 0.15512, 0.494745, 0.124994, 0.171522, -0.9851, 0.012417, -0.002831, 0.4893, 0.074241, -0.86895, -1.3e-05, 0.0, 0.0, 0.0, 1.0],
                [0.856111, 0.146719, 0.495528, 0.124994, 0.174427, -0.98462, -0.009819, -0.002831, 0.486466, 0.094839, -0.868537, -1.2e-05, 0.0, 0.0, 0.0, 1.0],
                [0.856729, 0.140576, 0.496238, 0.124994, 0.176216, -0.98402, -0.025472, -0.002831, 0.484728, 0.109268, -0.867813, -1.2e-05, 0.0, 0.0, 0.0, 1.0],
                [0.856938, 0.138252, 0.496531, 0.124994, 0.176827, -0.983744, -0.031266, -0.002831, 0.484138, 0.114593, -0.867456, -1.2e-05, 0.0, 0.0, 0.0, 1.0]
            ]
        },
        {
            "name": "Leg_R",
            "time": [0.0, 0.0111, 0.0222, 0.0333, 0.0444, 0.0556, 0.0667, 0.0778, 0.0889, 0.1, 0.1111, 0.1222, 0.1333, 0.1444, 0.1556, 0.1667, 0.1778, 0.1889, 0.2, 0.2111, 0.2222, 0.2333, 0.2444, 0.2556, 0.2667, 0.2778, 0.2889, 0.3, 0.3111, 0.3222, 0.3333, 0.3444, 0.3556, 0.3667, 0.3778, 0.3889, 0.4, 0.4111, 0.4222, 0.4333, 0.4444, 0.4556, 0.4667, 0.4778, 0.4889, 0.5, 0.5111, 0.5222, 0.5333, 0.5444, 0.5556, 0.5667, 0.5778, 0.5889, 0.6, 0.6111, 0.6222, 0.6333, 0.6444, 0.6556, 0.6667, 0.6778, 0.6889, 0.7, 0.7111, 0.7222, 0.7333, 0.7444, 0.7556, 0.7667, 0.7778, 0.7889, 0.8, 0.8111, 0.8222, 0.8333, 0.8444, 0.8556, 0.8667, 0.8778, 0.8889, 0.9, 0.9111, 0.9222, 0.9333, 0.9444, 0.9556, 0.9667, 0.9778, 0.9889, 1.0, 1.0111, 1.0222, 1.0333, 1.0444, 1.0556, 1.0667, 1.0778, 1.0889, 1.1, 1.1111],
            "transform": [
                [1.0, -0.0, 1e-06, 0.0, -0.0, 0.895777, 0.444507, 0.374726, -1e-06, -0.444509, 0.895773, -0.0, 0.0, 0.0, 0.0, 1.0],
                [1.0, -0.0, 1e-06, -0.0, -0.0, 0.895777, 0.444507, 0.374726, -1e-06, -0.444509, 0.895773, 0.0, 0.0, 0.0, 0.0, 1.0],
                [1.0, -0.0, 1e-06, -0.0, -0.0, 0.895777, 0.444507, 0.374726, -1e-06, -0.444509, 0.895773, 0.0, 0.0, 0.0, 0.0, 1.0],
                [1.0, -0.0, 1e-06, -0.0, -0.0, 0.895777, 0.444507, 0.374726, -1e-06, -0.444509, 0.895773, -0.0, 0.0, 0.0, 0.0, 1.0],
                [1.0, -0.0, 1e-06, 0.0, -0.0, 0.894247, 0.447576, 0.374726, -1e-06, -0.447579, 0.894243, 0.0, 0.0, 0.0, 0.0, 1.0],
                [1.0, -0.0, 1e-06, 0.0, -0.0, 0.886161, 0.463381, 0.374726, -1e-06, -0.463383, 0.886157, 0.0, 0.0, 0.0, 0.0, 1.0],
                [1.0, -0.0, 1e-06, -0.0, -0.0, 0.867278, 0.497827, 0.374726, -1e-06, -0.49783, 0.867273, 0.0, 0.0, 0.0, 0.0, 1.0],
                [1.0, -0.0, 1e-06, 0.0, -0.0, 0.833179, 0.553004, 0.374726, -1e-06, -0.553007, 0.833175, -0.0, 0.0, 0.0, 0.0, 1.0],
                [1.0, -0.0, 1e-06, 0.0, -0.0, 0.778039, 0.628217, 0.374726, -1e-06, -0.62822, 0.778035, -0.0, 0.0, 0.0, 0.0, 1.0],
                [1.0, -0.0, 1e-06, 0.0, -0.0, 0.694239, 0.719744, 0.374726, -1e-06, -0.719747, 0.694236, -0.0, 0.0, 0.0, 0.0, 1.0],
                [1.0, -1e-06, 1e-06, 0.0, -0.0, 0.572973, 0.819573, 0.374726, -1e-06, -0.819576, 0.572971, -0.0, 0.0, 0.0, 0.0, 1.0],
                [1.0, -1e-06, 1e-06, 0.0, -0.0, 0.406029, 0.913859, 0.374726, -1e-06, -0.913861, 0.406029, -0.0, 0.0, 0.0, 0.0, 1.0],
                [1.0, -1e-06, 0.0, 0.0, -0.0, 0.207109, 0.978317, 0.374726, -1e-06, -0.978319, 0.207108, -0.0, 0.0, 0.0, 0.0, 1.0],
                [1.0, -1e-06, 0.0, 0.0, -0.0, 0.013463, 0.999908, 0.374726, -1e-06, -0.99991, 0.013463, 0.0, 0.0, 0.0, 0.0, 1.0],
                [1.0, -1e-06, 0.0, -0.0, -0.0, -0.148886, 0.988853, 0.374726, -1e-06, -0.988855, -0.148886, 0.0, 0.0, 0.0, 0.0, 1.0],
                [1.0, -1e-06, 0.0, 0.0, -0.0, -0.258997, 0.965877, 0.374726, -1e-06, -0.965879, -0.258996, 0.0, 0.0, 0.0, 0.0, 1.0],
                [1.0, -1e-06, 0.0, 0.0, -0.0, -0.296405, 0.955061, 0.374726, -1e-06, -0.955063, -0.296405, -0.0, 0.0, 0.0, 0.0, 1.0],
                [1.0, -1e-06, 0.0, 0.0, -0.0, -0.220876, 0.975301, 0.374726, -1e-06, -0.975303, -0.220876, -0.0, 0.0, 0.0, 0.0, 1.0],
                [1.0, -1e-06, 0.0, -0.0, -0.0, -0.03917, 0.999231, 0.374726, -1e-06, -0.999233, -0.03917, 0.0, 0.0, 0.0, 0.0, 1.0],
                [1.0, -1e-06, 0.0, 0.0, -0.0, 0.190963, 0.981596, 0.374726, -1e-06, -0.981598, 0.190962, -0.0, 0.0, 0.0, 0.0, 1.0],
                [1.0, -1e-06, 1e-06, 0.0, -0.0, 0.382316, 0.924031, 0.374726, -1e-06, -0.924033, 0.382315, 0.0, 0.0, 0.0, 0.0, 1.0],
                [1.0, -1e-06, 1e-06, 0.0, -0.0, 0.468468, 0.883479, 0.374726, -1e-06, -0.883482, 0.468466, 0.0, 0.0, 0.0, 0.0, 1.0],
                [1.0, -1e-06, 1e-06, -0.0, -0.0, 0.489171, 0.872187, 0.374726, -1e-06, -0.872189, 0.489169, -0.0, 0.0, 0.0, 0.0, 1.0],
                [1.0, -1e-06, 1e-06, -0.0, -0.0, 0.500447, 0.865766, 0.374726, -1e-06, -0.865768, 0.500446, -0.0, 0.0, 0.0, 0.0, 1.0],
                [1.0, -1e-06, 1e-06, 0.0, -0.0, 0.569877, 0.821729, 0.374726, -1e-06, -0.821732, 0.569875, 0.0, 0.0, 0.0, 0.0, 1.0],
                [1.0, -1e-06, 1e-06, 0.0, -0.0, 0.752858, 0.658183, 0.374726, -1e-06, -0.658186, 0.752855, 0.0, 0.0, 0.0, 0.0, 1.0],
                [1.0, -0.0, 1e-06, 0.0, -0.0, 0.936492, 0.350693, 0.374726, -1e-06, -0.350695, 0.936487, -0.0, 0.0, 0.0, 0.0, 1.0],
                [1.0, -0.0, 1e-06, -0.0, -0.0, 0.876734, 0.480978, 0.374726, -1e-06, -0.48098, 0.87673, 0.0, 0.0, 0.0, 0.0, 1.0],
                [1.0, -1e-06, 1e-06, -0.0, -0.0, 0.686452, 0.727175, 0.374726, -1e-06, -0.727177, 0.68645, -0.0, 0.0, 0.0, 0.0, 1.0],
                [1.0, -1e-06, 1e-06, 0.0, -0.0, 0.611163, 0.791504, 0.374726, -1e-06, -0.791507, 0.611161, 0.0, 0.0, 0.0, 0.0, 1.0],
                [1.0, -1e-06, 1e-06, -0.0, -0.0, 0.53362, 0.845723, 0.374726, -1e-06, -0.845725, 0.533619, 0.0, 0.0, 0.0, 0.0, 1.0],
                [1.0, -1e-06, 0.0, -0.0, -0.0, 0.403042, 0.915181, 0.374726, -1e-06, -0.915183, 0.403041, 0.0, 0.0, 0.0, 0.0, 1.0],
                [1.0, -1e-06, 0.0, 0.0, -0.0, 0.330784, 0.943705, 0.374726, -1e-06, -0.943707, 0.330783, -0.0, 0.0, 0.0, 0.0, 1.0],
                [1.0, -1e-06, 1e-06, 0.0, -0.0, 0.471004, 0.88213, 0.374726, -1e-06, -0.882133, 0.471002, -0.0, 0.0, 0.0, 0.0, 1.0],
                [1.0, -1e-06, 1e-06, -0.0, -0.0, 0.472513, 0.881323, 0.374726, -1e-06, -0.881325, 0.472511, 0.0, 0.0, 0.0, 0.0, 1.0],
                [1.0, -1e-06, 1e-06, 0.0, -0.0, 0.473122, 0.880996, 0.374726, -1e-06, -0.880998, 0.473121, -0.0, 0.0, 0.0, 0.0, 1.0],
                [1.0, -1e-06, 1e-06, 0.0, -0.0, 0.473122, 0.880996, 0.374726, -1e-06, -0.880998, 0.473121, 0.0, 0.0, 0.0, 0.0, 1.0],
                [1.0, -1e-06, 1e-06, 0.0, -0.0, 0.473122, 0.880996, 0.374726, -1e-06, -0.880998, 0.473121, 0.0, 0.0, 0.0, 0.0, 1.0],
                [1.0, -1e-06, 1e-06, 0.0, -0.0, 0.473122, 0.880996, 0.374726, -1e-06, -0.880998, 0.473121, -0.0, 0.0, 0.0, 0.0, 1.0],
                [1.0, -1e-06, 1e-06, 0.0, -0.0, 0.473122, 0.880996, 0.374726, -1e-06, -0.880998, 0.473121, 0.0, 0.0, 0.0, 0.0, 1.0],
                [1.0, -1e-06, 1e-06, 0.0, -0.0, 0.473122, 0.880996, 0.374726, -1e-06, -0.880998, 0.473121, 0.0, 0.0, 0.0, 0.0, 1.0],
                [1.0, -1e-06, 1e-06, 0.0, -0.0, 0.473122, 0.880996, 0.374726, -1e-06, -0.880998, 0.473121, -0.0, 0.0, 0.0, 0.0, 1.0],
                [1.0, -1e-06, 1e-06, 0.0, -0.0, 0.473122, 0.880996, 0.374726, -1e-06, -0.880998, 0.473121, 0.0, 0.0, 0.0, 0.0, 1.0],
                [1.0, -1e-06, 1e-06, 0.0, -0.0, 0.473122, 0.880996, 0.374726, -1e-06, -0.880998, 0.473121, 0.0, 0.0, 0.0, 0.0, 1.0],
                [1.0, -1e-06, 1e-06, 0.0, -0.0, 0.473122, 0.880996, 0.374726, -1e-06, -0.880998, 0.473121, -0.0, 0.0, 0.0, 0.0, 1.0],
                [1.0, -1e-06, 1e-06, 0.0, -0.0, 0.473122, 0.880996, 0.374726, -1e-06, -0.880998, 0.473121, 0.0, 0.0, 0.0, 0.0, 1.0],
                [1.0, -1e-06, 1e-06, 0.0, -0.0, 0.473122, 0.880996, 0.374726, -1e-06, -0.880998, 0.473121, 0.0, 0.0, 0.0, 0.0, 1.0],
                [1.0, -1e-06, 1e-06, 0.0, -0.0, 0.473122, 0.880996, 0.374726, -1e-06, -0.880998, 0.473121, -0.0, 0.0, 0.0, 0.0, 1.0],
                [1.0, -1e-06, 1e-06, 0.0, -0.0, 0.473122, 0.880996, 0.374726, -1e-06, -0.880998, 0.473121, 0.0, 0.0, 0.0, 0.0, 1.0],
                [1.0, -1e-06, 1e-06, 0.0, -0.0, 0.473122, 0.880996, 0.374726, -1e-06, -0.880998, 0.473121, 0.0, 0.0, 0.0, 0.0, 1.0],
                [1.0, -1e-06, 1e-06, 0.0, -0.0, 0.473122, 0.880996, 0.374726, -1e-06, -0.880998, 0.473121, -0.0, 0.0, 0.0, 0.0, 1.0],
                [1.0, -1e-06, 1e-06, 0.0, -0.0, 0.473122, 0.880996, 0.374726, -1e-06, -0.880998, 0.473121, 0.0, 0.0, 0.0, 0.0, 1.0],
                [1.0, -1e-06, 1e-06, 0.0, -0.0, 0.473122, 0.880996, 0.374726, -1e-06, -0.880998, 0.473121, 0.0, 0.0, 0.0, 0.0, 1.0],
                [1.0, -1e-06, 1e-06, 0.0, -0.0, 0.473122, 0.880996, 0.374726, -1e-06, -0.880998, 0.473121, -0.0, 0.0, 0.0, 0.0, 1.0],
                [1.0, -1e-06, 1e-06, 0.0, -0.0, 0.473122, 0.880996, 0.374726, -1e-06, -0.880998, 0.473121, 0.0, 0.0, 0.0, 0.0, 1.0],
                [1.0, -1e-06, 1e-06, 0.0, -0.0, 0.473122, 0.880996, 0.374726, -1e-06, -0.880998, 0.473121, 0.0, 0.0, 0.0, 0.0, 1.0],
                [1.0, -1e-06, 1e-06, 0.0, -0.0, 0.472395, 0.881386, 0.374726, -1e-06, -0.881388, 0.472394, 0.0, 0.0, 0.0, 0.0, 1.0],
                [1.0, -1e-06, 1e-06, 0.0, -0.0, 0.470289, 0.882511, 0.374726, -1e-06, -0.882514, 0.470288, 0.0, 0.0, 0.0, 0.0, 1.0],
