{
    "animation": [
        {
            "name": "Root",
            "time": [0.0, 0.0111, 0.0222, 0.0333, 0.0444, 0.0556, 0.0667, 0.0778, 0.0889, 0.1, 0.1111, 0.1222, 0.1333, 0.1444, 0.1556, 0.1667, 0.1778, 0.1889, 0.2, 0.2111, 0.2222, 0.2333, 0.2444, 0.2556, 0.2667, 0.2778, 0.2889, 0.3, 0.3111, 0.3222, 0.3333, 0.3444, 0.3556, 0.3667, 0.3778, 0.3889, 0.4, 0.4111, 0.4222, 0.4333, 0.4444, 0.4556, 0.4667, 0.4778, 0.4889, 0.5, 0.5111, 0.5222, 0.5333, 0.5444, 0.5556, 0.5667, 0.5778, 0.5889, 0.6, 0.6111, 0.6222, 0.6333, 0.6444, 0.6556, 0.6667, 0.6778, 0.6889, 0.7, 0.7111, 0.7222, 0.7333, 0.7444, 0.7556, 0.7667, 0.7778, 0.7889, 0.8, 0.8111, 0.8222, 0.8333, 0.8444, 0.8556, 0.8667, 0.8778, 0.8889, 0.9, 0.9111, 0.9222, 0.9333, 0.9444, 0.9556, 0.9667, 0.9778, 0.9889, 1.0, 1.0111, 1.0222, 1.0333, 1.0444, 1.0556, 1.0667, 1.0778, 1.0889, 1.1, 1.1111],
            "transform": [
                [0.80565, 0.003838, 0.592379, -5e-06, 0.587777, 0.119401, -0.800164, 0.166856, -0.073802, 0.992839, 0.09394, 0.995391, 0.0, 0.0, 0.0, 1.0],
                [0.803009, 0.003657, 0.595955, -5e-06, 0.591285, 0.120214, -0.797453, 0.169875, -0.074558, 0.992741, 0.094371, 0.997673, 0.0, 0.0, 0.0, 1.0],
                [0.795252, 0.003181, 0.606271, -5e-06, 0.601393, 0.12257, -0.789496, 0.178861, -0.076822, 0.992455, 0.095562, 1.004204, 0.0, 0.0, 0.0, 1.0],
                [0.782539, 0.00249, 0.622596, -5e-06, 0.617363, 0.126338, -0.776467, 0.193707, -0.08059, 0.991984, 0.097327, 1.014513, 0.0, 0.0, 0.0, 1.0],
                [0.764947, 0.001637, 0.644092, -5e-06, 0.638345, 0.131378, -0.758456, 0.214304, -0.085861, 0.991331, 0.099452, 1.028126, 0.0, 0.0, 0.0, 1.0],
                [0.742494, 0.000659, 0.669852, -5e-06, 0.663417, 0.137555, -0.735497, 0.240546, -0.092626, 0.990494, 0.101697, 1.044573, 0.0, 0.0, 0.0, 1.0],
                [0.715184, -0.000419, 0.698936, -5e-06, 0.69162, 0.144741, -0.70761, 0.272326, -0.100869, 0.989469, 0.103806, 1.06338, 0.0, 0.0, 0.0, 1.0],
                [0.683018, -0.001574, 0.7304, -5e-06, 0.721986, 0.152821, -0.674821, 0.309534, -0.110558, 0.988253, 0.105516, 1.084076, 0.0, 0.0, 0.0, 1.0],
                [0.646023, -0.002786, 0.763313, -5e-06, 0.753562, 0.161693, -0.637181, 0.352066, -0.121648, 0.986837, 0.106557, 1.106188, 0.0, 0.0, 0.0, 1.0],
                [0.604252, -0.004029, 0.796783, -5e-06, 0.785432, 0.171277, -0.594778, 0.399811, -0.134075, 0.985215, 0.106659, 1.129245, 0.0, 0.0, 0.0, 1.0],
                [0.557788, -0.005276, 0.829967, -5e-06, 0.816725, 0.181514, -0.547735, 0.452664, -0.147761, 0.983374, 0.105555, 1.152774, 0.0, 0.0, 0.0, 1.0],
                [0.506736, -0.006495, 0.862077, -5e-06, 0.846626, 0.192366, -0.496205, 0.510517, -0.162612, 0.981302, 0.102978, 1.176303, 0.0, 0.0, 0.0, 1.0],
                [0.451215, -0.007652, 0.892383, -5e-06, 0.874377, 0.203826, -0.440363, 0.573263, -0.178521, 0.978977, 0.09866, 1.199359, 0.0, 0.0, 0.0, 1.0],
                [0.391339, -0.008714, 0.920205, -5e-06, 0.899269, 0.215912, -0.380391, 0.640793, -0.195369, 0.976374, 0.092331, 1.221471, 0.0, 0.0, 0.0, 1.0],
                [0.327209, -0.009648, 0.944903, -5e-06, 0.920628, 0.228676, -0.316468, 0.713001, -0.213023, 0.973455, 0.083707, 1.242167, 0.0, 0.0, 0.0, 1.0],
                [0.258891, -0.010432, 0.96585, -5e-06, 0.937795, 0.2422, -0.248755, 0.789779, -0.231334, 0.97017, 0.072486, 1.260975, 0.0, 0.0, 0.0, 1.0],
                [0.186406, -0.011053, 0.982411, -5e-06, 0.950099, 0.256605, -0.177388, 0.87102, -0.250131, 0.966453, 0.058334, 1.277421, 0.0, 0.0, 0.0, 1.0],
                [0.109721, -0.011519, 0.993896, -5e-06, 0.956811, 0.27205, -0.102474, 0.956616, -0.269209, 0.962214, 0.040871, 1.291035, 0.0, 0.0, 0.0, 1.0],
                [0.028747, -0.011869, 0.999516, -5e-06, 0.957105, 0.288738, -0.024099, 1.046459, -0.288312, 0.957334, 0.019661, 1.301343, 0.0, 0.0, 0.0, 1.0],
                [-0.056653, -0.012185, 0.99832, -5e-06, 0.949987, 0.30692, 0.057656, 1.140443, -0.307107, 0.951657, -0.005812, 1.307875, 0.0, 0.0, 0.0, 1.0],
                [-0.146641, -0.012615, 0.98911, -5e-06, 0.934228, 0.326899, 0.142674, 1.23846, -0.325138, 0.944975, -0.036152, 1.310157, 0.0, 0.0, 0.0, 1.0],
                [-0.262434, -0.00338, 0.964944, -5e-06, 0.906656, 0.34144, 0.247777, 1.340323, -0.330308, 0.939897, -0.086541, 1.309985, 0.0, 0.0, 0.0, 1.0],
                [-0.421912, 0.02437, 0.906309, -5e-06, 0.853543, 0.34774, 0.387997, 1.445527, -0.305704, 0.937274, -0.167517, 1.308779, 0.0, 0.0, 0.0, 1.0],
                [-0.612105, 0.068944, 0.787766, -5e-06, 0.753378, 0.35358, 0.554441, 1.55349, -0.240313, 0.93286, -0.268369, 1.305507, 0.0, 0.0, 0.0, 1.0],
                [-0.801469, 0.125274, 0.584769, -5e-06, 0.584929, 0.367812, 0.722892, 1.663626, -0.124525, 0.921423, -0.368066, 1.299135, 0.0, 0.0, 0.0, 1.0],
                [-0.938525, 0.181615, 0.293575, -5e-06, 0.343129, 0.397528, 0.851019, 1.775352, 0.037853, 0.899437, -0.435408, 1.28863, 0.0, 0.0, 0.0, 1.0],
                [-0.973938, 0.221501, -0.048809, -5e-06, 0.055752, 0.442379, 0.895094, 1.888085, 0.219856, 0.869045, -0.443198, 1.272958, 0.0, 0.0, 0.0, 1.0],
                [-0.897172, 0.232942, -0.37526, -5e-06, -0.22405, 0.49217, 0.841172, 2.00124, 0.380636, 0.838753, -0.38937, 1.251087, 0.0, 0.0, 0.0, 1.0],
                [-0.745114, 0.215683, -0.6311, -5e-06, -0.45177, 0.53288, 0.715502, 2.114234, 0.490621, 0.818242, -0.299617, 1.221983, 0.0, 0.0, 0.0, 1.0],
                [-0.571144, 0.177831, -0.801355, -5e-06, -0.614513, 0.554611, 0.561053, 2.226483, 0.544213, 0.812885, -0.207484, 1.184612, 0.0, 0.0, 0.0, 1.0],
                [-0.414805, 0.127693, -0.900906, -5e-06, -0.724089, 0.553268, 0.411812, 2.337402, 0.551028, 0.823158, -0.137037, 1.137942, 0.0, 0.0, 0.0, 1.0],
                [-0.246638, 0.079964, -0.965803, 0.000378, -0.802376, 0.542036, 0.249781, 2.446204, 0.543474, 0.836542, -0.069525, 1.080024, 0.0, 0.0, 0.0, 1.0],
                [-0.010663, 0.039532, -0.999161, 0.001415, -0.84602, 0.532301, 0.03009, 2.551274, 0.533044, 0.845631, 0.027769, 1.012123, 0.0, 0.0, 0.0, 1.0],
                [0.300909, 0.001394, -0.953652, 0.002943, -0.815133, 0.519419, -0.256443, 2.650793, 0.494987, 0.854519, 0.157434, 0.938026, 0.0, 0.0, 0.0, 1.0],
                [0.652769, -0.033639, -0.75681, 0.0048, -0.645482, 0.498234, -0.578892, 2.742944, 0.396542, 0.86639, 0.303519, 0.861522, 0.0, 0.0, 0.0, 1.0],
                [0.927719, -0.058187, -0.368717, 0.00682, -0.301187, 0.466829, -0.831479, 2.825908, 0.220509, 0.882431, 0.415561, 0.786396, 0.0, 0.0, 0.0, 1.0],
                [0.991128, -0.06455, 0.116183, 0.00884, 0.132708, 0.432261, -0.89193, 2.897866, 0.007353, 0.899435, 0.436992, 0.716437, 0.0, 0.0, 0.0, 1.0],
                [0.852923, -0.05588, 0.519037, 0.010696, 0.494394, 0.405711, -0.768748, 2.956998, -0.167621, 0.912292, 0.373667, 0.655432, 0.0, 0.0, 0.0, 1.0],
                [0.649268, -0.042949, 0.759346, 0.012224, 0.710375, 0.390907, -0.585286, 3.001488, -0.271696, 0.919427, 0.284313, 0.607168, 0.0, 0.0, 0.0, 1.0],
                [0.492445, -0.033362, 0.869704, 0.013262, 0.809501, 0.384608, -0.443604, 3.029515, -0.319695, 0.922477, 0.216405, 0.575432, 0.0, 0.0, 0.0, 1.0],
                [0.433816, -0.029917, 0.900504, 0.013644, 0.837124, 0.382999, -0.390558, 3.039262, -0.333208, 0.923264, 0.191196, 0.564011, 0.0, 0.0, 0.0, 1.0],
                [0.433816, -0.029917, 0.900504, 0.013644, 0.837124, 0.382999, -0.390559, 3.039262, -0.333208, 0.923264, 0.191196, 0.564011, 0.0, 0.0, 0.0, 1.0],
                [0.433816, -0.029917, 0.900504, 0.013644, 0.837124, 0.382999, -0.390559, 3.039262, -0.333208, 0.923264, 0.191196, 0.564011, 0.0, 0.0, 0.0, 1.0],
                [0.433816, -0.029917, 0.900504, 0.013644, 0.837124, 0.382999, -0.390559, 3.039262, -0.333208, 0.923264, 0.191196, 0.564011, 0.0, 0.0, 0.0, 1.0],
                [0.433816, -0.029917, 0.900504, 0.013644, 0.837124, 0.382999, -0.390559, 3.039262, -0.333208, 0.923264, 0.191196, 0.564011, 0.0, 0.0, 0.0, 1.0],
                [0.433816, -0.029917, 0.900504, 0.013644, 0.837124, 0.382999, -0.390559, 3.039262, -0.333208, 0.923264, 0.191196, 0.564011, 0.0, 0.0, 0.0, 1.0],
                [0.433816, -0.029917, 0.900504, 0.013644, 0.837124, 0.382999, -0.390559, 3.039262, -0.333208, 0.923264, 0.191196, 0.564011, 0.0, 0.0, 0.0, 1.0],
                [0.433816, -0.029917, 0.900504, 0.013644, 0.837124, 0.382999, -0.390559, 3.039262, -0.333208, 0.923264, 0.191196, 0.564011, 0.0, 0.0, 0.0, 1.0],
                [0.433816, -0.029917, 0.900504, 0.013644, 0.837124, 0.382999, -0.390559, 3.039262, -0.333208, 0.923264, 0.191196, 0.564011, 0.0, 0.0, 0.0, 1.0],
                [0.433816, -0.029917, 0.900504, 0.013644, 0.837124, 0.382999, -0.390559, 3.039262, -0.333208, 0.923264, 0.191196, 0.564011, 0.0, 0.0, 0.0, 1.0],
                [0.433816, -0.029917, 0.900504, 0.013644, 0.837124, 0.382999, -0.390559, 3.039262, -0.333208, 0.923264, 0.191196, 0.564011, 0.0, 0.0, 0.0, 1.0],
                [0.433816, -0.029917, 0.900504, 0.013644, 0.837124, 0.382999, -0.390559, 3.039262, -0.333208, 0.923264, 0.191196, 0.564011, 0.0, 0.0, 0.0, 1.0],
                [0.433816, -0.029917, 0.900504, 0.013644, 0.837124, 0.382999, -0.390559, 3.039262, -0.333208, 0.923264, 0.191196, 0.564011, 0.0, 0.0, 0.0, 1.0],
                [0.433816, -0.029917, 0.900504, 0.013644, 0.837124, 0.382999, -0.390559, 3.039262, -0.333208, 0.923264, 0.191196, 0.564011, 0.0, 0.0, 0.0, 1.0],
                [0.433816, -0.029917, 0.900504, 0.013644, 0.837124, 0.382999, -0.390559, 3.039262, -0.333208, 0.923264, 0.191196, 0.564011, 0.0, 0.0, 0.0, 1.0],
                [0.433816, -0.029917, 0.900504, 0.013644, 0.837124, 0.382999, -0.390559, 3.039262, -0.333208, 0.923264, 0.191196, 0.564011, 0.0, 0.0, 0.0, 1.0],
                [0.434389, -0.029785, 0.900233, 0.013672, 0.836972, 0.382673, -0.391203, 3.039546, -0.332843, 0.923404, 0.191158, 0.564124, 0.0, 0.0, 0.0, 1.0],
                [0.436073, -0.029398, 0.899431, 0.013753, 0.836522, 0.381714, -0.393097, 3.040381, -0.331769, 0.923813, 0.191047, 0.564456, 0.0, 0.0, 0.0, 1.0],
                [0.438815, -0.028771, 0.898117, 0.013886, 0.83578, 0.380148, -0.39618, 3.041741, -0.330019, 0.924478, 0.190862, 0.564996, 0.0, 0.0, 0.0, 1.0],
                [0.442561, -0.027923, 0.896304, 0.014068, 0.834747, 0.378002, -0.400391, 3.043601, -0.327624, 0.925384, 0.190597, 0.565735, 0.0, 0.0, 0.0, 1.0],
                [0.447256, -0.02687, 0.894002, 0.014296, 0.833418, 0.375298, -0.405667, 3.045934, -0.324617, 0.926515, 0.190248, 0.566662, 0.0, 0.0, 0.0, 1.0],
                [0.452844, -0.025635, 0.891221, 0.014568, 0.831789, 0.37206, -0.411944, 3.048717, -0.321028, 0.927855, 0.189808, 0.567768, 0.0, 0.0, 0.0, 1.0],
                [0.459269, -0.024237, 0.887967, 0.014882, 0.829851, 0.368312, -0.419158, 3.051921, -0.316889, 0.929386, 0.189268, 0.569041, 0.0, 0.0, 0.0, 1.0],
                [0.466473, -0.0227, 0.884244, 0.015234, 0.827595, 0.364075, -0.427242, 3.055524, -0.312233, 0.931093, 0.188618, 0.570472, 0.0, 0.0, 0.0, 1.0],
                [0.474399, -0.021046, 0.880058, 0.015623, 0.82501, 0.359373, -0.436131, 3.059497, -0.30709, 0.932957, 0.187849, 0.572051, 0.0, 0.0, 0.0, 1.0],
                [0.482987, -0.019297, 0.875415, 0.016045, 0.822085, 0.354228, -0.445756, 3.063817, -0.301495, 0.93496, 0.186952, 0.573767, 0.0, 0.0, 0.0, 1.0],
                [0.492179, -0.017477, 0.870319, 0.016499, 0.818812, 0.348664, -0.456049, 3.068457, -0.295479, 0.937085, 0.185915, 0.57561, 0.0, 0.0, 0.0, 1.0],
                [0.501913, -0.015607, 0.864777, 0.016982, 0.81518, 0.342706, -0.466942, 3.073391, -0.289076, 0.939313, 0.184731, 0.57757, 0.0, 0.0, 0.0, 1.0],
                [0.51213, -0.013711, 0.858798, 0.01749, 0.811183, 0.336377, -0.478365, 3.078595, -0.282321, 0.941627, 0.183391, 0.579638, 0.0, 0.0, 0.0, 1.0],
                [0.522768, -0.01181, 0.852393, 0.018023, 0.806816, 0.329706, -0.490247, 3.084042, -0.275249, 0.94401, 0.181888, 0.581802, 0.0, 0.0, 0.0, 1.0],
                [0.533766, -0.009925, 0.845574, 0.018577, 0.802076, 0.322718, -0.50252, 3.089706, -0.267895, 0.946443, 0.180217, 0.584052, 0.0, 0.0, 0.0, 1.0],
                [0.545063, -0.008075, 0.838356, 0.01915, 0.796965, 0.315443, -0.515114, 3.095563, -0.260294, 0.94891, 0.178372, 0.586379, 0.0, 0.0, 0.0, 1.0],
                [0.556599, -0.006279, 0.830758, 0.019739, 0.791486, 0.30791, -0.52796, 3.101587, -0.252484, 0.951395, 0.176352, 0.588772, 0.0, 0.0, 0.0, 1.0],
                [0.568312, -0.004553, 0.822801, 0.020342, 0.785647, 0.30015, -0.540989, 3.107751, -0.244501, 0.953881, 0.174156, 0.591221, 0.0, 0.0, 0.0, 1.0],
                [0.580144, -0.002912, 0.814509, 0.020956, 0.779459, 0.292195, -0.554134, 3.114031, -0.236382, 0.956354, 0.171785, 0.593716, 0.0, 0.0, 0.0, 1.0],
                [0.592035, -0.001371, 0.805911, 0.021579, 0.772939, 0.28408, -0.56733, 3.1204, -0.228165, 0.9588, 0.169245, 0.596246, 0.0, 0.0, 0.0, 1.0],
                [0.603929, 6e-05, 0.797038, 0.022208, 0.766107, 0.275838, -0.580512, 3.126833, -0.219888, 0.961204, 0.166541, 0.598802, 0.0, 0.0, 0.0, 1.0],
                [0.61577, 0.00137, 0.787925, 0.022841, 0.758986, 0.267504, -0.593618, 3.133305, -0.211586, 0.963556, 0.163681, 0.601373, 0.0, 0.0, 0.0, 1.0],
                [0.627504, 0.002553, 0.778609, 0.023475, 0.751604, 0.259115, -0.606589, 3.13979, -0.203298, 0.965843, 0.160676, 0.603949, 0.0, 0.0, 0.0, 1.0],
                [0.63908, 0.003604, 0.769132, 0.024108, 0.743995, 0.250708, -0.619368, 3.146262, -0.19506, 0.968056, 0.157541, 0.60652, 0.0, 0.0, 0.0, 1.0],
                [0.650448, 0.004519, 0.759538, 0.024737, 0.736195, 0.24232, -0.6319, 3.152695, -0.186907, 0.970186, 0.154289, 0.609076, 0.0, 0.0, 0.0, 1.0],
                [0.661561, 0.005298, 0.749872, 0.02536, 0.728245, 0.233989, -0.644134, 3.159064, -0.178875, 0.972225, 0.15094, 0.611607, 0.0, 0.0, 0.0, 1.0],
                [0.672377, 0.005942, 0.740185, 0.025974, 0.720187, 0.225754, -0.656023, 3.165344, -0.170998, 0.974166, 0.147512, 0.614101, 0.0, 0.0, 0.0, 1.0],
                [0.682852, 0.006454, 0.730528, 0.026577, 0.71207, 0.217651, -0.667521, 3.171509, -0.163309, 0.976005, 0.144028, 0.61655, 0.0, 0.0, 0.0, 1.0],
                [0.692949, 0.00684, 0.720955, 0.027166, 0.703943, 0.20972, -0.678588, 3.177532, -0.15584, 0.977737, 0.140511, 0.618943, 0.0, 0.0, 0.0, 1.0],
                [0.702631, 0.007106, 0.711519, 0.027739, 0.69586, 0.201998, -0.689184, 3.183388, -0.148623, 0.97936, 0.136985, 0.62127, 0.0, 0.0, 0.0, 1.0],
                [0.711865, 0.007262, 0.702279, 0.028293, 0.687875, 0.194523, -0.699277, 3.189054, -0.141688, 0.980871, 0.133478, 0.623521, 0.0, 0.0, 0.0, 1.0],
                [0.720622, 0.007319, 0.69329, 0.028826, 0.680046, 0.18733, -0.708833, 3.1945, -0.135062, 0.98227, 0.130017, 0.625685, 0.0, 0.0, 0.0, 1.0],
                [0.728872, 0.007286, 0.684611, 0.029335, 0.672431, 0.180458, -0.717824, 3.199704, -0.128774, 0.983556, 0.126631, 0.627752, 0.0, 0.0, 0.0, 1.0],
                [0.73659, 0.007179, 0.676301, 0.029817, 0.665089, 0.173942, -0.726224, 3.204638, -0.12285, 0.98473, 0.123349, 0.629712, 0.0, 0.0, 0.0, 1.0],
                [0.743752, 0.007009, 0.668419, 0.030271, 0.65808, 0.167816, -0.734008, 3.209278, -0.117316, 0.985793, 0.120201, 0.631555, 0.0, 0.0, 0.0, 1.0],
                [0.750336, 0.006792, 0.661022, 0.030693, 0.651466, 0.162116, -0.741155, 3.213598, -0.112196, 0.986748, 0.117217, 0.633272, 0.0, 0.0, 0.0, 1.0],
                [0.75632, 0.006542, 0.654169, 0.031082, 0.645307, 0.156877, -0.747642, 3.217571, -0.107515, 0.987597, 0.114427, 0.63485, 0.0, 0.0, 0.0, 1.0],
                [0.761684, 0.006274, 0.647919, 0.031434, 0.639663, 0.15213, -0.753451, 3.221173, -0.103296, 0.98834, 0.111862, 0.636281, 0.0, 0.0, 0.0, 1.0],
                [0.766407, 0.006003, 0.642327, 0.031748, 0.634593, 0.147911, -0.758561, 3.224378, -0.099561, 0.988982, 0.10955, 0.637555, 0.0, 0.0, 0.0, 1.0],
                [0.77047, 0.005743, 0.637451, 0.03202, 0.630156, 0.144251, -0.762952, 3.22716, -0.096334, 0.989524, 0.107522, 0.63866, 0.0, 0.0, 0.0, 1.0],
                [0.77385, 0.005506, 0.633345, 0.032248, 0.626409, 0.141183, -0.766603, 3.229494, -0.093639, 0.989968, 0.105806, 0.639587, 0.0, 0.0, 0.0, 1.0],
                [0.776526, 0.005306, 0.630062, 0.03243, 0.623406, 0.13874, -0.769491, 3.231354, -0.091498, 0.990315, 0.104428, 0.640326, 0.0, 0.0, 0.0, 1.0],
                [0.778473, 0.005153, 0.627656, 0.032563, 0.621201, 0.136955, -0.771591, 3.232714, -0.089936, 0.990564, 0.103414, 0.640866, 0.0, 0.0, 0.0, 1.0],
                [0.779665, 0.005056, 0.626177, 0.032645, 0.619843, 0.135859, -0.772875, 3.233549, -0.08898, 0.990715, 0.10279, 0.641198, 0.0, 0.0, 0.0, 1.0],
                [0.780069, 0.005023, 0.625674, 0.032672, 0.619381, 0.135486, -0.773311, 3.233833, -0.088655, 0.990766, 0.102577, 0.641311, 0.0, 0.0, 0.0, 1.0]
            ]
        },
        {
            "name": "Thigh_R",
            "time": [0.0, 0.0111, 0.0222, 0.0333, 0.0444, 0.0556, 0.0667, 0.0778, 0.0889, 0.1, 0.1111, 0.1222, 0.1333, 0.1444, 0.1556, 0.1667, 0.1778, 0.1889, 0.2, 0.2111, 0.2222, 0.2333, 0.2444, 0.2556, 0.2667, 0.2778, 0.2889, 0.3, 0.3111, 0.3222, 0.3333, 0.3444, 0.3556, 0.3667, 0.3778, 0.3889, 0.4, 0.4111, 0.4222, 0.4333, 0.4444, 0.4556, 0.4667, 0.4778, 0.4889, 0.5, 0.5111, 0.5222, 0.5333, 0.5444, 0.5556, 0.5667, 0.5778, 0.5889, 0.6, 0.6111, 0.6222, 0.6333, 0.6444, 0.6556, 0.6667, 0.6778, 0.6889, 0.7, 0.7111, 0.7222, 0.7333, 0.7444, 0.7556, 0.7667, 0.7778, 0.7889, 0.8, 0.8111, 0.8222, 0.8333, 0.8444, 0.8556, 0.8667, 0.8778, 0.8889, 0.9, 0.9111, 0.9222, 0.9333, 0.9444, 0.9556, 0.9667, 0.9778, 0.9889, 1.0, 1.0111, 1.0222, 1.0333, 1.0444, 1.0556, 1.0667, 1.0778, 1.0889, 1.1, 1.1111],
            "transform": [
                [0.873772, 0.450298, 0.183719, 0.124994, 0.023323, -0.416124, 0.909009, -0.002831, 0.485776, -0.78998, -0.3741, -1.2e-05, 0.0, 0.0, 0.0, 1.0],
                [0.876168, 0.447393, 0.179358, 0.124994, 0.027878, -0.41852, 0.90778, -0.002831, 0.481199, -0.790366, -0.379167, -1.2e-05, 0.0, 0.0, 0.0, 1.0],
                [0.882589, 0.4395, 0.166964, 0.124994, 0.04082, -0.425424, 0.904074, -0.002831, 0.468371, -0.791108, -0.393415, -1.2e-05, 0.0, 0.0, 0.0, 1.0],
                [0.891556, 0.428142, 0.147722, 0.124994, 0.060931, -0.436579, 0.8976, -0.002831, 0.448793, -0.791258, -0.415322, -1.2e-05, 0.0, 0.0, 0.0, 1.0],
                [0.901382, 0.41514, 0.123161, 0.124994, 0.086735, -0.451747, 0.88792, -0.002831, 0.424249, -0.789672, -0.443204, -1.2e-05, 0.0, 0.0, 0.0, 1.0],
                [0.910466, 0.402465, 0.095256, 0.124994, 0.11645, -0.47046, 0.874704, -0.002831, 0.396852, -0.785294, -0.475206, -1.2e-05, 0.0, 0.0, 0.0, 1.0],
                [0.917575, 0.391983, 0.066367, 0.124994, 0.148076, -0.491885, 0.857975, -0.002831, 0.368957, -0.777428, -0.509386, -1.2e-05, 0.0, 0.0, 0.0, 1.0],
                [0.922033, 0.385143, 0.038977, 0.124994, 0.179602, -0.514801, 0.838286, -0.002831, 0.342925, -0.765925, -0.543837, -1.2e-05, 0.0, 0.0, 0.0, 1.0],
                [0.923739, 0.382714, 0.015328, 0.124994, 0.209232, -0.537723, 0.816747, -0.002831, 0.320824, -0.751252, -0.576793, -1.2e-05, 0.0, 0.0, 0.0, 1.0],
                [0.923033, 0.38471, -0.002907, 0.124994, 0.235534, -0.559109, 0.794934, -0.002831, 0.304194, -0.734434, -0.60669, -1.2e-05, 0.0, 0.0, 0.0, 1.0],
                [0.92049, 0.390485, -0.014797, 0.124994, 0.257465, -0.577564, 0.77468, -0.002831, 0.293955, -0.716893, -0.632179, -1.2e-05, 0.0, 0.0, 0.0, 1.0],
                [0.91674, 0.398979, -0.020106, 0.124994, 0.274278, -0.592021, 0.757814, -0.002831, 0.290449, -0.700231, -0.652161, -1.2e-05, 0.0, 0.0, 0.0, 1.0],
                [0.912354, 0.408958, -0.019058, 0.124994, 0.285358, -0.601851, 0.745886, -0.002831, 0.293566, -0.685949, -0.665802, -1.2e-05, 0.0, 0.0, 0.0, 1.0],
                [0.907818, 0.419191, -0.012011, 0.124994, 0.290039, -0.606917, 0.739952, -0.002831, 0.302892, -0.675224, -0.672553, -1.2e-05, 0.0, 0.0, 0.0, 1.0],
                [0.903544, 0.428493, 0.000904, 0.124994, 0.28739, -0.607566, 0.740452, -0.002831, 0.317828, -0.66877, -0.672109, -1.2e-05, 0.0, 0.0, 0.0, 1.0],
                [0.899908, 0.435614, 0.020127, 0.124994, 0.275966, -0.60462, 0.747179, -0.002831, 0.337651, -0.666837, -0.664319, -1.2e-05, 0.0, 0.0, 0.0, 1.0],
                [0.897263, 0.43899, 0.046979, 0.124994, 0.253464, -0.599321, 0.759322, -0.00283, 0.36149, -0.669402, -0.649018, -1.2e-05, 0.0, 0.0, 0.0, 1.0],
                [0.895866, 0.436315, 0.083981, 0.124994, 0.21623, -0.59323, 0.77545, -0.002831, 0.388161, -0.676539, -0.6258, -1.2e-05, 0.0, 0.0, 0.0, 1.0],
                [0.895571, 0.423888, 0.135162, 0.124994, 0.158539, -0.587891, 0.793252, -0.002831, 0.41571, -0.688985, -0.593703, -1.2e-05, 0.0, 0.0, 0.0, 1.0],
                [0.894936, 0.39574, 0.206109, 0.124994, 0.071839, -0.58369, 0.808793, -0.002831, 0.440376, -0.709009, -0.550794, -1.2e-05, 0.0, 0.0, 0.0, 1.0],
                [0.88906, 0.343334, 0.302811, 0.124994, -0.054913, -0.576701, 0.815107, -0.002831, 0.454486, -0.741305, -0.493869, -1.2e-05, 0.0, 0.0, 0.0, 1.0],
                [0.89036, 0.220964, 0.398037, 0.124993, -0.232996, -0.529959, 0.815386, -0.002831, 0.391115, -0.818727, -0.420372, -1.2e-05, 0.0, 0.0, 0.0, 1.0],
                [0.920527, -0.026884, 0.389754, 0.124994, -0.374656, -0.343533, 0.861173, -0.002831, 0.110742, -0.938754, -0.326304, -1.2e-05, 0.0, 0.0, 0.0, 1.0],
                [0.90238, -0.389393, 0.184616, 0.124994, -0.22455, -0.059225, 0.972662, -0.002831, -0.367813, -0.919164, -0.140882, -1.2e-05, 0.0, 0.0, 0.0, 1.0],
                [0.81848, -0.572436, -0.049056, 0.124994, 0.071863, 0.017289, 0.997264, -0.002831, -0.570022, -0.819765, 0.055288, -1.2e-05, 0.0, 0.0, 0.0, 1.0],
                [0.820831, -0.537509, -0.193179, 0.124994, 0.201209, -0.044417, 0.978542, -0.002831, -0.534556, -0.842086, 0.071693, -1.2e-05, 0.0, 0.0, 0.0, 1.0],
                [0.864047, -0.424737, -0.270222, 0.124994, 0.233248, -0.137908, 0.962589, -0.00283, -0.446114, -0.894749, -0.02009, -1.2e-05, 0.0, 0.0, 0.0, 1.0],
                [0.900376, -0.302948, -0.312323, 0.124994, 0.241164, -0.249999, 0.937732, -0.002831, -0.362164, -0.91963, -0.152033, -1.2e-05, 0.0, 0.0, 0.0, 1.0],
                [0.921003, -0.219607, -0.321755, 0.124994, 0.229205, -0.362369, 0.903412, -0.002831, -0.31499, -0.905792, -0.283408, -1.2e-05, 0.0, 0.0, 0.0, 1.0],
                [0.924183, -0.194501, -0.328716, 0.124994, 0.215758, -0.44431, 0.869503, -0.002831, -0.315171, -0.874502, -0.36866, -1.2e-05, 0.0, 0.0, 0.0, 1.0],
                [0.902981, -0.201404, -0.379554, 0.124993, 0.240295, -0.49559, 0.834654, -0.002831, -0.356207, -0.844881, -0.399113, -1.2e-05, 0.0, 0.0, 0.0, 1.0],
                [0.875124, -0.303601, -0.376809, 0.124994, 0.311391, -0.242721, 0.918761, -0.002831, -0.370397, -0.921363, -0.117873, -1.2e-05, 0.0, 0.0, 0.0, 1.0],
                [0.912106, -0.356162, -0.203005, 0.124994, 0.191239, -0.068351, 0.97916, -0.002831, -0.362616, -0.931919, 0.005768, -1.2e-05, 0.0, 0.0, 0.0, 1.0],
                [0.93176, -0.331215, 0.148723, 0.124994, -0.118751, 0.109078, 0.986915, -0.002831, -0.343104, -0.937227, 0.062303, -1.2e-05, 0.0, 0.0, 0.0, 1.0],
                [0.930037, -0.233153, 0.284026, 0.124993, -0.264297, 0.112577, 0.957849, -0.002831, -0.2553, -0.9659, 0.043079, -1.2e-05, 0.0, 0.0, 0.0, 1.0],
                [0.975634, -0.041794, 0.215386, 0.124994, -0.215932, -0.008948, 0.976368, -0.002831, -0.038879, -0.999085, -0.017754, -1.1e-05, 0.0, 0.0, 0.0, 1.0],
                [0.939312, 0.281564, 0.195996, 0.124994, -0.140171, -0.206456, 0.968364, -0.002831, 0.313121, -0.937067, -0.15446, -1.2e-05, 0.0, 0.0, 0.0, 1.0],
                [0.76775, 0.560306, 0.310832, 0.124994, -0.061373, -0.41857, 0.906109, -0.00283, 0.637804, -0.71474, -0.28697, -1.2e-05, 0.0, 0.0, 0.0, 1.0],
                [0.550205, 0.802065, 0.232301, 0.124994, 0.033439, -0.299135, 0.953625, -0.002831, 0.834359, -0.51692, -0.191406, -1.2e-05, 0.0, 0.0, 0.0, 1.0],
                [0.400532, 0.914174, 0.062113, 0.124994, 0.153396, -0.13373, 0.979075, -0.002831, 0.903351, -0.382622, -0.193793, -1.2e-05, 0.0, 0.0, 0.0, 1.0],
                [0.369606, 0.929168, 0.005915, 0.124994, 0.237987, -0.100817, 0.966022, -0.002831, 0.898194, -0.355639, -0.258393, -1.2e-05, 0.0, 0.0, 0.0, 1.0],
                [0.386246, 0.922371, -0.006613, 0.124994, 0.268017, -0.105367, 0.957636, -0.00283, 0.882599, -0.371655, -0.287909, -1.2e-05, 0.0, 0.0, 0.0, 1.0],
                [0.376055, 0.926595, 0.001173, 0.124994, 0.249555, -0.102499, 0.962922, -0.00283, 0.892359, -0.361819, -0.269781, -1.2e-05, 0.0, 0.0, 0.0, 1.0],
                [0.352574, 0.935613, 0.017794, 0.124994, 0.207853, -0.096838, 0.973355, -0.00283, 0.912408, -0.339481, -0.228612, -1.2e-05, 0.0, 0.0, 0.0, 1.0],
                [0.327736, 0.944171, 0.033568, 0.124994, 0.164894, -0.09215, 0.981997, -0.00283, 0.930268, -0.3163, -0.18589, -1.2e-05, 0.0, 0.0, 0.0, 1.0],
                [0.316039, 0.947883, 0.040409, 0.124994, 0.145039, -0.090362, 0.985292, -0.00283, 0.937594, -0.305529, -0.166038, -1.2e-05, 0.0, 0.0, 0.0, 1.0],
                [0.316378, 0.947778, 0.040216, 0.124994, 0.145612, -0.09041, 0.985202, -0.00283, 0.937391, -0.30584, -0.166612, -1.2e-05, 0.0, 0.0, 0.0, 1.0],
                [0.31732, 0.947486, 0.039677, 0.124994, 0.147204, -0.090545, 0.984954, -0.00283, 0.936823, -0.306705, -0.168205, -1.2e-05, 0.0, 0.0, 0.0, 1.0],
                [0.318751, 0.94704, 0.038855, 0.124994, 0.149622, -0.090754, 0.98457, -0.00283, 0.935954, -0.308018, -0.170627, -1.2e-05, 0.0, 0.0, 0.0, 1.0],
                [0.320555, 0.946473, 0.03781, 0.124994, 0.152678, -0.091022, 0.984076, -0.00283, 0.934844, -0.309677, -0.173683, -1.2e-05, 0.0, 0.0, 0.0, 1.0],
                [0.322618, 0.945819, 0.036605, 0.124994, 0.15618, -0.091335, 0.983497, -0.00283, 0.933555, -0.311577, -0.177184, -1.2e-05, 0.0, 0.0, 0.0, 1.0],
                [0.324827, 0.945113, 0.035302, 0.124994, 0.159936, -0.09168, 0.982861, -0.00283, 0.932152, -0.313614, -0.180938, -1.2e-05, 0.0, 0.0, 0.0, 1.0],
                [0.32707, 0.944388, 0.033966, 0.124994, 0.163759, -0.09204, 0.982198, -0.00283, 0.930703, -0.315685, -0.184755, -1.2e-05, 0.0, 0.0, 0.0, 1.0],
                [0.329236, 0.943681, 0.032663, 0.124994, 0.167459, -0.092397, 0.98154, -0.00283, 0.929279, -0.317689, -0.188448, -1.2e-05, 0.0, 0.0, 0.0, 1.0],
                [0.331218, 0.943028, 0.03146, 0.124994, 0.170851, -0.092731, 0.980924, -0.00283, 0.927957, -0.319524, -0.191831, -1.2e-05, 0.0, 0.0, 0.0, 1.0],
                [0.332908, 0.942467, 0.030426, 0.124994, 0.173749, -0.093023, 0.980387, -0.00283, 0.926813, -0.321092, -0.19472, -1.2e-05, 0.0, 0.0, 0.0, 1.0],
                [0.335212, 0.941664, 0.029988, 0.124994, 0.176385, -0.093992, 0.979824, -0.002831, 0.925484, -0.323159, -0.197603, -1.1e-05, 0.0, 0.0, 0.0, 1.0],
                [0.339061, 0.940268, 0.030497, 0.124993, 0.179106, -0.096342, 0.979102, -0.002831, 0.923557, -0.326513, -0.201074, -1.2e-05, 0.0, 0.0, 0.0, 1.0],
                [0.344391, 0.938283, 0.031895, 0.124994, 0.181898, -0.100017, 0.978218, -0.002831, 0.921036, -0.331088, -0.205117, -1.2e-05, 0.0, 0.0, 0.0, 1.0],
                [0.351132, 0.935702, 0.034132, 0.124994, 0.184743, -0.104971, 0.977165, -0.002831, 0.917919, -0.336807, -0.209723, -1.2e-05, 0.0, 0.0, 0.0, 1.0],
                [0.35921, 0.932515, 0.037162, 0.124993, 0.187619, -0.111164, 0.975932, -0.002831, 0.914203, -0.343592, -0.214889, -1.2e-05, 0.0, 0.0, 0.0, 1.0],
                [0.368571, 0.928688, 0.041118, 0.124993, 0.190447, -0.118728, 0.974492, -0.002831, 0.909881, -0.351339, -0.220626, -1.2e-05, 0.0, 0.0, 0.0, 1.0],
                [0.379154, 0.924182, 0.046125, 0.124995, 0.19315, -0.127792, 0.972812, -0.002831, 0.90495, -0.359936, -0.226959, -1.2e-05, 0.0, 0.0, 0.0, 1.0],
                [0.390874, 0.918966, 0.052113, 0.124994, 0.195706, -0.138298, 0.970862, -0.002831, 0.899398, -0.369285, -0.233904, -1.2e-05, 0.0, 0.0, 0.0, 1.0],
                [0.403641, 0.913011, 0.059016, 0.124994, 0.198095, -0.150186, 0.968609, -0.002831, 0.893214, -0.37928, -0.241485, -1.2e-05, 0.0, 0.0, 0.0, 1.0],
                [0.417367, 0.906282, 0.066752, 0.124994, 0.200295, -0.163392, 0.966016, -0.002831, 0.88639, -0.389812, -0.249719, -1.2e-05, 0.0, 0.0, 0.0, 1.0],
                [0.431954, 0.898749, 0.075249, 0.124995, 0.202285, -0.177853, 0.963042, -0.002831, 0.878917, -0.400768, -0.258628, -1.2e-05, 0.0, 0.0, 0.0, 1.0],
                [0.447309, 0.890385, 0.084424, 0.124995, 0.204044, -0.193497, 0.959649, -0.002831, 0.870794, -0.412032, -0.268231, -1.2e-05, 0.0, 0.0, 0.0, 1.0],
                [0.46333, 0.881165, 0.094195, 0.124994, 0.205553, -0.210255, 0.955794, -0.002831, 0.862017, -0.423485, -0.278543, -1.2e-05, 0.0, 0.0, 0.0, 1.0],
                [0.479919, 0.87107, 0.10447, 0.124994, 0.206794, -0.228042, 0.951438, -0.002831, 0.852592, -0.435008, -0.289574, -1.2e-05, 0.0, 0.0, 0.0, 1.0],
                [0.496974, 0.860089, 0.115155, 0.124994, 0.207752, -0.246772, 0.946543, -0.002831, 0.842529, -0.446483, -0.301325, -1.2e-05, 0.0, 0.0, 0.0, 1.0],
                [0.514396, 0.848221, 0.126157, 0.124995, 0.208413, -0.266356, 0.941074, -0.00283, 0.831842, -0.457791, -0.313792, -1.2e-05, 0.0, 0.0, 0.0, 1.0],
                [0.532083, 0.835472, 0.137376, 0.124993, 0.208765, -0.286695, 0.934999, -0.002831, 0.820551, -0.468818, -0.326963, -1.2e-05, 0.0, 0.0, 0.0, 1.0],
                [0.549936, 0.821859, 0.148715, 0.124993, 0.208802, -0.30769, 0.928294, -0.002831, 0.808686, -0.479449, -0.340816, -1.2e-05, 0.0, 0.0, 0.0, 1.0],
                [0.567857, 0.807412, 0.160072, 0.124995, 0.208518, -0.32923, 0.920939, -0.002831, 0.796278, -0.489583, -0.355315, -1.2e-05, 0.0, 0.0, 0.0, 1.0],
                [0.585748, 0.792171, 0.171352, 0.124993, 0.207914, -0.351206, 0.912922, -0.002831, 0.783371, -0.499115, -0.370423, -1.2e-05, 0.0, 0.0, 0.0, 1.0],
                [0.603521, 0.776189, 0.18246, 0.124994, 0.20699, -0.373504, 0.90424, -0.002831, 0.770011, -0.50796, -0.386082, -1.1e-05, 0.0, 0.0, 0.0, 1.0],
                [0.621086, 0.759528, 0.193307, 0.124993, 0.205756, -0.39601, 0.894897, -0.002831, 0.756252, -0.516033, -0.402234, -1.2e-05, 0.0, 0.0, 0.0, 1.0],
                [0.63836, 0.742266, 0.203807, 0.124994, 0.204218, -0.418603, 0.884911, -0.002831, 0.742153, -0.523269, -0.418804, -1.2e-05, 0.0, 0.0, 0.0, 1.0],
                [0.655264, 0.724486, 0.213884, 0.124995, 0.202394, -0.441167, 0.874304, -0.002831, 0.72778, -0.52961, -0.435714, -1.2e-05, 0.0, 0.0, 0.0, 1.0],
                [0.671726, 0.706288, 0.22347, 0.124994, 0.2003, -0.463587, 0.863114, -0.002831, 0.713206, -0.535015, -0.452874, -1.2e-05, 0.0, 0.0, 0.0, 1.0],
                [0.68768, 0.687775, 0.232508, 0.124994, 0.197957, -0.485747, 0.851389, -0.002831, 0.698505, -0.539455, -0.470189, -1.1e-05, 0.0, 0.0, 0.0, 1.0],
                [0.703065, 0.66906, 0.240949, 0.124995, 0.19539, -0.507535, 0.839184, -0.002831, 0.683756, -0.54292, -0.487559, -1.2e-05, 0.0, 0.0, 0.0, 1.0],
                [0.717826, 0.650264, 0.248758, 0.124995, 0.192629, -0.528844, 0.82657, -0.002831, 0.669043, -0.545414, -0.504879, -1.1e-05, 0.0, 0.0, 0.0, 1.0],
                [0.731918, 0.631511, 0.255908, 0.124993, 0.189703, -0.54957, 0.813625, -0.002831, 0.654453, -0.546959, -0.52204, -1.2e-05, 0.0, 0.0, 0.0, 1.0],
                [0.745298, 0.61293, 0.262386, 0.124994, 0.186648, -0.569612, 0.80044, -0.002831, 0.640073, -0.547592, -0.538933, -1.2e-05, 0.0, 0.0, 0.0, 1.0],
                [0.757933, 0.59465, 0.268193, 0.124994, 0.183497, -0.588878, 0.787116, -0.002831, 0.625992, -0.547367, -0.555448, -1.2e-05, 0.0, 0.0, 0.0, 1.0],
                [0.769792, 0.576805, 0.273337, 0.124994, 0.180292, -0.607282, 0.773759, -0.002831, 0.612302, -0.546352, -0.571476, -1.2e-05, 0.0, 0.0, 0.0, 1.0],
                [0.780853, 0.559529, 0.277838, 0.124994, 0.177071, -0.624737, 0.760492, -0.002831, 0.599093, -0.544635, -0.586906, -1.2e-05, 0.0, 0.0, 0.0, 1.0],
                [0.791098, 0.54295, 0.281724, 0.124995, 0.173874, -0.641169, 0.747442, -0.002831, 0.586457, -0.542315, -0.601633, -1.2e-05, 0.0, 0.0, 0.0, 1.0],
                [0.80051, 0.527201, 0.285031, 0.124994, 0.170746, -0.656501, 0.734746, -0.002831, 0.574482, -0.539502, -0.615554, -1.2e-05, 0.0, 0.0, 0.0, 1.0],
                [0.809078, 0.512406, 0.287806, 0.124993, 0.167727, -0.670669, 0.722543, -0.002831, 0.563259, -0.536321, -0.628569, -1.1e-05, 0.0, 0.0, 0.0, 1.0],
                [0.816792, 0.498691, 0.290095, 0.124994, 0.16486, -0.683607, 0.710986, -0.002831, 0.552875, -0.532902, -0.640581, -1.3e-05, 0.0, 0.0, 0.0, 1.0],
                [0.823646, 0.486178, 0.291951, 0.124994, 0.162188, -0.695252, 0.700227, -0.002831, 0.543416, -0.529388, -0.651496, -1.1e-05, 0.0, 0.0, 0.0, 1.0],
                [0.829633, 0.474983, 0.293427, 0.124994, 0.159752, -0.705547, 0.690422, -0.002831, 0.534966, -0.52592, -0.661225, -1.2e-05, 0.0, 0.0, 0.0, 1.0],
                [0.834742, 0.465222, 0.294574, 0.124994, 0.157594, -0.714431, 0.681728, -0.002831, 0.527607, -0.522643, -0.669682, -1.1e-05, 0.0, 0.0, 0.0, 1.0],
                [0.838965, 0.457002, 0.29544, 0.124994, 0.155751, -0.721844, 0.6743, -0.002831, 0.52142, -0.519698, -0.676782, -1.2e-05, 0.0, 0.0, 0.0, 1.0],
                [0.842288, 0.450435, 0.29607, 0.124995, 0.154261, -0.727726, 0.668295, -0.002831, 0.516481, -0.517224, -0.682441, -1.2e-05, 0.0, 0.0, 0.0, 1.0],
                [0.844696, 0.445621, 0.296498, 0.124994, 0.153159, -0.732015, 0.663849, -0.002831, 0.512866, -0.515338, -0.686582, -1.2e-05, 0.0, 0.0, 0.0, 1.0],
                [0.846162, 0.442662, 0.296748, 0.124994, 0.152477, -0.734643, 0.661097, -0.00283, 0.510647, -0.514147, -0.689124, -1.2e-05, 0.0, 0.0, 0.0, 1.0],
                [0.846659, 0.441655, 0.296831, 0.124994, 0.152244, -0.735535, 0.660158, -0.002831, 0.509892, -0.513737, -0.689988, -1.2e-05, 0.0, 0.0, 0.0, 1.0]
            ]
        },
        {
            "name": "Leg_R",
            "time": [0.0, 0.0111, 0.0222, 0.0333, 0.0444, 0.0556, 0.0667, 0.0778, 0.0889, 0.1, 0.1111, 0.1222, 0.1333, 0.1444, 0.1556, 0.1667, 0.1778, 0.1889, 0.2, 0.2111, 0.2222, 0.2333, 0.2444, 0.2556, 0.2667, 0.2778, 0.2889, 0.3, 0.3111, 0.3222, 0.3333, 0.3444, 0.3556, 0.3667, 0.3778, 0.3889, 0.4, 0.4111, 0.4222, 0.4333, 0.4444, 0.4556, 0.4667, 0.4778, 0.4889, 0.5, 0.5111, 0.5222, 0.5333, 0.5444, 0.5556, 0.5667, 0.5778, 0.5889, 0.6, 0.6111, 0.6222, 0.6333, 0.6444, 0.6556, 0.6667, 0.6778, 0.6889, 0.7, 0.7111, 0.7222, 0.7333, 0.7444, 0.7556, 0.7667, 0.7778, 0.7889, 0.8, 0.8111, 0.8222, 0.8333, 0.8444, 0.8556, 0.8667, 0.8778, 0.8889, 0.9, 0.9111, 0.9222, 0.9333, 0.9444, 0.9556, 0.9667, 0.9778, 0.9889, 1.0, 1.0111, 1.0222, 1.0333, 1.0444, 1.0556, 1.0667, 1.0778, 1.0889, 1.1, 1.1111],
            "transform": [
                [1.0, -1e-06, 0.0, -0.0, -0.0, 0.053138, 0.998587, 0.374726, -1e-06, -0.998588, 0.053137, 0.0, 0.0, 0.0, 0.0, 1.0],
                [1.0, -1e-06, 0.0, 0.0, -0.0, 0.059969, 0.9982, 0.374726, -1e-06, -0.998202, 0.059969, -0.0, 0.0, 0.0, 0.0, 1.0],
                [1.0, -1e-06, 0.0, 0.0, -0.0, 0.078697, 0.996897, 0.374726, -1e-06, -0.996899, 0.078696, -0.0, 0.0, 0.0, 0.0, 1.0],
                [1.0, -1e-06, 0.0, -0.0, -0.0, 0.106749, 0.994285, 0.374726, -1e-06, -0.994287, 0.106749, -0.0, 0.0, 0.0, 0.0, 1.0],
                [1.000001, -1e-06, 0.0, 0.0, -0.0, 0.141569, 0.989927, 0.374726, -1e-06, -0.989929, 0.141568, -0.0, 0.0, 0.0, 0.0, 1.0],
                [1.000001, -1e-06, 0.0, -0.0, -0.0, 0.180506, 0.983573, 0.374726, -1e-06, -0.983575, 0.180504, -0.0, 0.0, 0.0, 0.0, 1.0],
                [1.0, -1e-06, 0.0, 0.0, -0.0, 0.220765, 0.975326, 0.374726, -1e-06, -0.975328, 0.220764, -0.0, 0.0, 0.0, 0.0, 1.0],
                [1.0, -1e-06, 1e-06, 0.0, -0.0, 0.259385, 0.965773, 0.374726, -1e-06, -0.965775, 0.259383, -0.0, 0.0, 0.0, 0.0, 1.0],
                [1.0, -1e-06, 1e-06, -0.0, -0.0, 0.293266, 0.956031, 0.374726, -1e-06, -0.956032, 0.293263, 0.0, 0.0, 0.0, 0.0, 1.0],
                [1.0, -1e-06, 0.0, -0.0, -0.0, 0.319236, 0.947674, 0.374726, -1e-06, -0.947677, 0.319234, -0.0, 0.0, 0.0, 0.0, 1.0],
                [1.0, -1e-06, 0.0, 0.0, -0.0, 0.334155, 0.942517, 0.374726, -1e-06, -0.94252, 0.334153, 0.0, 0.0, 0.0, 0.0, 1.0],
                [1.0, -1e-06, 1e-06, -0.0, -0.0, 0.335057, 0.942197, 0.374726, -1e-06, -0.942199, 0.335055, 0.0, 0.0, 0.0, 0.0, 1.0],
                [1.0, -1e-06, 1e-06, 0.0, -0.0, 0.319366, 0.94763, 0.374726, -1e-06, -0.947633, 0.319364, -0.0, 0.0, 0.0, 0.0, 1.0],
                [1.0, -1e-06, 1e-06, -0.0, -0.0, 0.285112, 0.958493, 0.374726, -1e-06, -0.958495, 0.28511, -0.0, 0.0, 0.0, 0.0, 1.0],
                [1.0, -1e-06, 0.0, -0.0, -0.0, 0.231213, 0.972902, 0.374726, -1e-06, -0.972904, 0.231211, 0.0, 0.0, 0.0, 0.0, 1.0],
                [1.0, -1e-06, 0.0, -0.0, -0.0, 0.157815, 0.987468, 0.374726, -1e-06, -0.98747, 0.157814, -0.0, 0.0, 0.0, 0.0, 1.0],
                [1.0, -1e-06, 0.0, 0.0, -0.0, 0.066656, 0.997775, 0.374726, -1e-06, -0.997777, 0.066656, 0.0, 0.0, 0.0, 0.0, 1.0],
                [1.000001, -1e-06, 0.0, -0.0, -0.0, -0.038543, 0.999256, 0.374726, -1e-06, -0.999258, -0.038543, 0.0, 0.0, 0.0, 0.0, 1.0],
                [1.000001, -1e-06, 0.0, -0.0, -0.0, -0.151629, 0.988437, 0.374726, -1e-06, -0.988438, -0.151628, -0.0, 0.0, 0.0, 0.0, 1.0],
                [1.0, -1e-06, 0.0, 0.0, -0.0, -0.263577, 0.964638, 0.374726, -1e-06, -0.964639, -0.263576, 0.0, 0.0, 0.0, 0.0, 1.0],
                [1.0, -1e-06, 0.0, 0.0, -0.0, -0.362025, 0.932168, 0.374726, -1e-06, -0.93217, -0.362023, 0.0, 0.0, 0.0, 0.0, 1.0],
                [1.0, -1e-06, -0.0, -0.0, -0.0, -0.421468, 0.906844, 0.374726, -1e-06, -0.906846, -0.421465, 0.0, 0.0, 0.0, 0.0, 1.0],
                [1.0, -1e-06, -0.0, -0.0, -0.0, -0.42353, 0.905881, 0.374726, -1e-06, -0.905884, -0.423528, 0.0, 0.0, 0.0, 0.0, 1.0],
                [1.0, -1e-06, -0.0, 0.0, -0.0, -0.384539, 0.923108, 0.374726, -0.0, -0.92311, -0.384536, -0.0, 0.0, 0.0, 0.0, 1.0],
                [1.0, -1e-06, -0.0, 0.0, -0.0, -0.343753, 0.939059, 0.374726, -1e-06, -0.939062, -0.343751, 0.0, 0.0, 0.0, 0.0, 1.0],
                [1.0, -1e-06, -0.0, 0.0, -0.0, -0.340051, 0.940406, 0.374726, -1e-06, -0.940408, -0.340049, -0.0, 0.0, 0.0, 0.0, 1.0],
                [1.0, -1e-06, -0.0, -0.0, -0.0, -0.387622, 0.921817, 0.374726, -1e-06, -0.92182, -0.38762, 0.0, 0.0, 0.0, 0.0, 1.0],
                [1.0, -1e-06, -0.0, 0.0, -0.0, -0.452784, 0.89162, 0.374726, -1e-06, -0.891623, -0.452781, -0.0, 0.0, 0.0, 0.0, 1.0],
                [1.000001, -1e-06, -0.0, -0.0, -0.0, -0.496287, 0.868158, 0.374726, -0.0, -0.86816, -0.496284, -0.0, 0.0, 0.0, 0.0, 1.0],
                [1.0, -1e-06, -0.0, -0.0, -0.0, -0.494715, 0.869054, 0.374726, -1e-06, -0.869057, -0.494712, -0.0, 0.0, 0.0, 0.0, 1.0],
                [1.0, -1e-06, -0.0, 0.0, -0.0, -0.417439, 0.908705, 0.374726, -1e-06, -0.908707, -0.417436, 0.0, 0.0, 0.0, 0.0, 1.0],
                [1.000001, -1e-06, 0.0, -1e-06, -0.0, -0.185315, 0.982679, 0.374726, -1e-06, -0.982681, -0.185314, 0.0, 0.0, 0.0, 0.0, 1.0],
                [1.0, -1e-06, -0.0, -0.0, -0.0, -0.157144, 0.987574, 0.374726, -1e-06, -0.987577, -0.157144, -0.0, 0.0, 0.0, 0.0, 1.0],
                [1.0, -1e-06, 0.0, 0.0, -0.0, -0.14652, 0.989207, 0.374726, -1e-06, -0.989209, -0.146519, -0.0, 0.0, 0.0, 0.0, 1.0],
                [1.0, -1e-06, 1e-06, 1e-06, -0.0, 0.14745, 0.989068, 0.374726, -1e-06, -0.98907, 0.147449, 0.0, 0.0, 0.0, 0.0, 1.0],
                [1.0, -1e-06, 1e-06, -0.0, -0.0, 0.52643, 0.850217, 0.374726, -1e-06, -0.85022, 0.526427, -0.0, 0.0, 0.0, 0.0, 1.0],
                [1.000001, -0.0, 1e-06, -0.0, -0.0, 0.825685, 0.564135, 0.374726, -1e-06, -0.564138, 0.825678, -0.0, 0.0, 0.0, 0.0, 1.0],
