{
    "animation": [
        {
            "name": "Root",
            "time": [0.0, 0.0111, 0.0222, 0.0333, 0.0444, 0.0556, 0.0667, 0.0778, 0.0889, 0.1, 0.1111, 0.1222, 0.1333, 0.1444, 0.1556, 0.1667, 0.1778, 0.1889, 0.2, 0.2111, 0.2222, 0.2333, 0.2444, 0.2556, 0.2667, 0.2778, 0.2889, 0.3, 0.3111, 0.3222, 0.3333, 0.3444, 0.3556, 0.3667, 0.3778, 0.3889, 0.4, 0.4111, 0.4222, 0.4333, 0.4444, 0.4556, 0.4667, 0.4778, 0.4889, 0.5, 0.5111, 0.5222, 0.5333, 0.5444, 0.5556, 0.5667, 0.5778, 0.5889, 0.6, 0.6111, 0.6222, 0.6333, 0.6444, 0.6556, 0.6667, 0.6778, 0.6889, 0.7, 0.7111, 0.7222, 0.7333, 0.7444, 0.7556, 0.7667, 0.7778, 0.7889, 0.8, 0.8111, 0.8222, 0.8333],
            "transform": [
                [1.0, 0.0, 0.0, -5e-06, 0.0, 0.0, -1.0, 0.000946, 0.0, 1.0, 0.0, 0.725456, 0.0, 0.0, 0.0, 1.0],
                [1.0, 0.0, 0.0, -5e-06, 0.0, 0.0, -1.0, 0.000946, 0.0, 1.0, 0.0, 0.725456, 0.0, 0.0, 0.0, 1.0],
                [0.998892, 0.0, -0.047051, 0.001879, -0.047051, 0.0, -0.998892, 0.009092, 0.0, 1.0, 0.0, 0.725456, 0.0, 0.0, 0.0, 1.0],
                [0.984299, 0.0, -0.17651, 0.006588, -0.17651, 0.0, -0.984299, 0.032505, 0.0, 1.0, 0.0, 0.725456, 0.0, 0.0, 0.0, 1.0],
                [0.930179, 0.0, -0.367106, 0.012709, -0.367106, 0.0, -0.930179, 0.069651, 0.0, 1.0, 0.0, 0.725456, 0.0, 0.0, 0.0, 1.0],
                [0.811398, 0.0, -0.584494, 0.01883, -0.584494, 0.0, -0.811398, 0.118996, 0.0, 1.0, 0.0, 0.725456, 0.0, 0.0, 0.0, 1.0],
                [0.622425, 0.0, -0.78268, 0.023539, -0.78268, 0.0, -0.622425, 0.179004, 0.0, 1.0, 0.0, 0.725456, 0.0, 0.0, 0.0, 1.0],
                [0.386532, 0.0, -0.922276, 0.025422, -0.922276, 0.0, -0.386532, 0.248143, 0.0, 1.0, 0.0, 0.725456, 0.0, 0.0, 0.0, 1.0],
                [0.14125, 0.0, -0.989974, 0.025275, -0.989974, 0.0, -0.14125, 0.324537, 0.0, 1.0, 0.0, 0.725456, 0.0, 0.0, 0.0, 1.0],
                [-0.08871, 0.0, -0.996058, 0.024832, -0.996058, 0.0, 0.08871, 0.404951, 0.0, 1.0, 0.0, 0.725456, 0.0, 0.0, 0.0, 1.0],
                [-0.291334, 0.0, -0.956622, 0.024094, -0.956622, 0.0, 0.291334, 0.485811, 0.0, 1.0, 0.0, 0.725456, 0.0, 0.0, 0.0, 1.0],
                [-0.463021, 0.0, -0.886347, 0.023059, -0.886347, 0.0, 0.463021, 0.563543, 0.0, 1.0, 0.0, 0.725456, 0.0, 0.0, 0.0, 1.0],
                [-0.605204, 0.0, -0.79607, 0.021727, -0.79607, 0.0, 0.605204, 0.634571, 0.0, 1.0, 0.0, 0.725456, 0.0, 0.0, 0.0, 1.0],
                [-0.721587, 0.0, -0.692324, 0.020096, -0.692324, 0.0, 0.721587, 0.695321, 0.0, 1.0, 0.0, 0.725456, 0.0, 0.0, 0.0, 1.0],
                [-0.820779, 0.0, -0.571247, 0.018162, -0.571247, 0.0, 0.820779, 0.743451, 0.0, 1.0, 0.0, 0.725456, 0.0, 0.0, 0.0, 1.0],
                [-0.903649, 0.0, -0.428273, 0.0159, -0.428273, 0.0, 0.903649, 0.781555, 0.0, 1.0, 0.0, 0.725456, 0.0, 0.0, 0.0, 1.0],
                [-0.963399, 0.0, -0.26807, 0.013281, -0.26807, 0.0, 0.963399, 0.813457, 0.0, 1.0, 0.0, 0.725456, 0.0, 0.0, 0.0, 1.0],
                [-0.995184, 0.0, -0.098028, 0.010276, -0.098028, 0.0, 0.995184, 0.842983, 0.0, 1.0, 0.0, 0.725456, 0.0, 0.0, 0.0, 1.0],
                [-0.997344, 0.0, 0.072841, 0.006856, 0.072841, 0.0, 0.997344, 0.873959, 0.0, 1.0, 0.0, 0.725456, 0.0, 0.0, 0.0, 1.0],
                [-0.971857, 0.0, 0.23557, 0.002992, 0.23557, 0.0, 0.971857, 0.91021, 0.0, 1.0, 0.0, 0.725456, 0.0, 0.0, 0.0, 1.0],
                [-0.923808, 0.0, 0.382857, -0.001345, 0.382857, 0.0, 0.923808, 0.955562, 0.0, 1.0, 0.0, 0.725456, 0.0, 0.0, 0.0, 1.0],
                [-0.860135, 0.0, 0.510066, -0.006184, 0.510066, 0.0, 0.860135, 1.013841, 0.0, 1.0, 0.0, 0.725456, 0.0, 0.0, 0.0, 1.0],
                [-0.786089, 0.0, 0.618114, -0.01149, 0.618114, 0.0, 0.786089, 1.087306, 0.0, 1.0, 0.0, 0.725456, 0.0, 0.0, 0.0, 1.0],
                [-0.701841, 0.0, 0.712334, -0.016966, 0.712334, 0.0, 0.701841, 1.171961, 0.0, 1.0, 0.0, 0.725456, 0.0, 0.0, 0.0, 1.0],
                [-0.605672, 0.0, 0.795714, -0.022254, 0.795714, 0.0, 0.605672, 1.262242, 0.0, 1.0, 0.0, 0.725456, 0.0, 0.0, 0.0, 1.0],
                [-0.494217, 0.0, 0.869339, -0.026993, 0.869339, 0.0, 0.494217, 1.352586, 0.0, 1.0, 0.0, 0.725456, 0.0, 0.0, 0.0, 1.0],
                [-0.362985, 0.0, 0.931795, -0.030823, 0.931795, 0.0, 0.362985, 1.437431, 0.0, 1.0, 0.0, 0.725456, 0.0, 0.0, 0.0, 1.0],
                [-0.207143, 0.0, 0.978311, -0.033385, 0.978311, 0.0, 0.207143, 1.511214, 0.0, 1.0, 0.0, 0.725456, 0.0, 0.0, 0.0, 1.0],
                [-0.023054, 0.0, 0.999734, -0.034319, 0.999734, 0.0, 0.023054, 1.568371, 0.0, 1.0, 0.0, 0.725456, 0.0, 0.0, 0.0, 1.0],
                [0.185472, 0.0, 0.98265, -0.034307, 0.98265, 0.0, -0.185472, 1.605391, 0.0, 1.0, 0.0, 0.725456, 0.0, 0.0, 0.0, 1.0],
                [0.394778, 0.0, 0.918776, -0.034219, 0.918776, 0.0, -0.394778, 1.626965, 0.0, 1.0, 0.0, 0.725456, 0.0, 0.0, 0.0, 1.0],
                [0.577394, 0.0, 0.816466, -0.033981, 0.816466, 0.0, -0.577394, 1.639837, 0.0, 1.0, 0.0, 0.725456, 0.0, 0.0, 0.0, 1.0],
                [0.715731, 0.0, 0.698376, -0.033518, 0.698376, 0.0, -0.715731, 1.650747, 0.0, 1.0, 0.0, 0.725456, 0.0, 0.0, 0.0, 1.0],
                [0.805871, 0.0, 0.592092, -0.032755, 0.592092, 0.0, -0.805871, 1.66644, 0.0, 1.0, 0.0, 0.725456, 0.0, 0.0, 0.0, 1.0],
                [0.857184, 0.0, 0.51501, -0.031304, 0.51501, 0.0, -0.857184, 1.691493, 0.0, 1.0, 0.0, 0.710437, 0.0, 0.0, 0.0, 1.0],
                [0.884767, 0.0, 0.466033, -0.029202, 0.466033, 0.0, -0.884767, 1.721835, 0.0, 1.0, 0.0, 0.674623, 0.0, 0.0, 0.0, 1.0],
                [0.897838, 0.0, 0.440325, -0.027008, 0.440325, 0.0, -0.897838, 1.751228, 0.0, 1.0, 0.0, 0.631877, 0.0, 0.0, 0.0, 1.0],
                [0.902463, 0.0, 0.430767, -0.025281, 0.430767, 0.0, -0.902463, 1.773438, 0.0, 1.0, 0.0, 0.596063, 0.0, 0.0, 0.0, 1.0],
                [0.903115, 0.0, 0.429398, -0.024581, 0.429398, 0.0, -0.903115, 1.782227, 0.0, 1.0, 0.0, 0.581044, 0.0, 0.0, 0.0, 1.0],
                [0.903115, 0.0, 0.429398, -0.024581, 0.429398, 0.0, -0.903115, 1.782227, 0.0, 1.0, 0.0, 0.581044, 0.0, 0.0, 0.0, 1.0],
                [0.903115, 0.0, 0.429398, -0.024581, 0.429398, 0.0, -0.903115, 1.782227, 0.0, 1.0, 0.0, 0.581044, 0.0, 0.0, 0.0, 1.0],
                [0.903115, 0.0, 0.429398, -0.024581, 0.429398, 0.0, -0.903115, 1.782227, 0.0, 1.0, 0.0, 0.581044, 0.0, 0.0, 0.0, 1.0],
                [0.903115, 0.0, 0.429398, -0.024581, 0.429398, 0.0, -0.903115, 1.782227, 0.0, 1.0, 0.0, 0.581044, 0.0, 0.0, 0.0, 1.0],
                [0.903115, 0.0, 0.429398, -0.024581, 0.429398, 0.0, -0.903115, 1.782227, 0.0, 1.0, 0.0, 0.581044, 0.0, 0.0, 0.0, 1.0],
                [0.903115, 0.0, 0.429398, -0.024581, 0.429398, 0.0, -0.903115, 1.782227, 0.0, 1.0, 0.0, 0.581044, 0.0, 0.0, 0.0, 1.0],
                [0.903115, 0.0, 0.429398, -0.024581, 0.429398, 0.0, -0.903115, 1.782227, 0.0, 1.0, 0.0, 0.581044, 0.0, 0.0, 0.0, 1.0],
                [0.903115, 0.0, 0.429398, -0.024581, 0.429398, 0.0, -0.903115, 1.782227, 0.0, 1.0, 0.0, 0.581044, 0.0, 0.0, 0.0, 1.0],
                [0.903115, 0.0, 0.429398, -0.024581, 0.429398, 0.0, -0.903115, 1.782227, 0.0, 1.0, 0.0, 0.581044, 0.0, 0.0, 0.0, 1.0],
                [0.903115, 0.0, 0.429398, -0.024581, 0.429398, 0.0, -0.903115, 1.782227, 0.0, 1.0, 0.0, 0.581044, 0.0, 0.0, 0.0, 1.0],
                [0.903115, 0.0, 0.429398, -0.024581, 0.429398, 0.0, -0.903115, 1.782227, 0.0, 1.0, 0.0, 0.581044, 0.0, 0.0, 0.0, 1.0],
                [0.903115, 0.0, 0.429398, -0.024581, 0.429398, 0.0, -0.903115, 1.782227, 0.0, 1.0, 0.0, 0.581044, 0.0, 0.0, 0.0, 1.0],
                [0.903115, 0.0, 0.429398, -0.024581, 0.429398, 0.0, -0.903115, 1.782227, 0.0, 1.0, 0.0, 0.581044, 0.0, 0.0, 0.0, 1.0],
                [0.903115, 0.0, 0.429398, -0.024581, 0.429398, 0.0, -0.903115, 1.782227, 0.0, 1.0, 0.0, 0.581044, 0.0, 0.0, 0.0, 1.0],
                [0.903115, 0.0, 0.429398, -0.024581, 0.429398, 0.0, -0.903115, 1.782227, 0.0, 1.0, 0.0, 0.581044, 0.0, 0.0, 0.0, 1.0],
                [0.906457, 0.0, 0.422299, -0.022991, 0.422299, 0.0, -0.906457, 1.80634, 0.0, 1.0, 0.0, 0.587413, 0.0, 0.0, 0.0, 1.0],
                [0.915981, 0.0, 0.401221, -0.020037, 0.401221, 0.0, -0.915981, 1.860925, 0.0, 1.0, 0.0, 0.603115, 0.0, 0.0, 0.0, 1.0],
                [0.924456, 0.0, 0.381288, -0.018446, 0.381288, 0.0, -0.924456, 1.919349, 0.0, 1.0, 0.0, 0.623043, 0.0, 0.0, 0.0, 1.0],
                [0.924456, 0.0, 0.381288, -0.018446, 0.381288, 0.0, -0.924456, 1.9604, 0.0, 1.0, 0.0, 0.642851, 0.0, 0.0, 0.0, 1.0],
                [0.924456, 0.0, 0.381288, -0.018446, 0.381288, 0.0, -0.924456, 1.984531, 0.0, 1.0, 0.0, 0.661224, 0.0, 0.0, 0.0, 1.0],
                [0.924456, 0.0, 0.381288, -0.018446, 0.381288, 0.0, -0.924456, 1.997614, 0.0, 1.0, 0.0, 0.677606, 0.0, 0.0, 0.0, 1.0],
                [0.924456, 0.0, 0.381288, -0.018446, 0.381288, 0.0, -0.924456, 2.005522, 0.0, 1.0, 0.0, 0.691443, 0.0, 0.0, 0.0, 1.0],
                [0.924456, 0.0, 0.381288, -0.018446, 0.381288, 0.0, -0.924456, 2.014128, 0.0, 1.0, 0.0, 0.70218, 0.0, 0.0, 0.0, 1.0],
                [0.92816, 0.0, 0.372181, -0.018443, 0.372181, 0.0, -0.92816, 2.028142, 0.0, 1.0, 0.0, 0.710324, 0.0, 0.0, 0.0, 1.0],
                [0.938023, 0.0, 0.346574, -0.018422, 0.346574, 0.0, -0.938023, 2.047629, 0.0, 1.0, 0.0, 0.716884, 0.0, 0.0, 0.0, 1.0],
                [0.951752, 0.0, 0.306869, -0.018363, 0.306869, 0.0, -0.951752, 2.071495, 0.0, 1.0, 0.0, 0.722058, 0.0, 0.0, 0.0, 1.0],
                [0.966806, 0.0, 0.25551, -0.018249, 0.25551, 0.0, -0.966806, 2.098643, 0.0, 1.0, 0.0, 0.726044, 0.0, 0.0, 0.0, 1.0],
                [0.980757, 0.0, 0.195232, -0.018061, 0.195232, 0.0, -0.980757, 2.127977, 0.0, 1.0, 0.0, 0.729042, 0.0, 0.0, 0.0, 1.0],
                [0.991622, 0.0, 0.129171, -0.017781, 0.129171, 0.0, -0.991622, 2.158403, 0.0, 1.0, 0.0, 0.731248, 0.0, 0.0, 0.0, 1.0],
                [0.998148, 0.0, 0.060829, -0.017389, 0.060829, 0.0, -0.998148, 2.188823, 0.0, 1.0, 0.0, 0.732861, 0.0, 0.0, 0.0, 1.0],
                [0.999981, 0.0, -0.006094, -0.016869, -0.006094, 0.0, -0.999981, 2.218143, 0.0, 1.0, 0.0, 0.734079, 0.0, 0.0, 0.0, 1.0],
                [0.997691, 0.0, -0.067923, -0.0162, -0.067923, 0.0, -0.997691, 2.245267, 0.0, 1.0, 0.0, 0.735101, 0.0, 0.0, 0.0, 1.0],
                [0.992628, 0.0, -0.121203, -0.015365, -0.121203, 0.0, -0.992628, 2.269099, 0.0, 1.0, 0.0, 0.736125, 0.0, 0.0, 0.0, 1.0],
                [0.986661, 0.0, -0.162788, -0.014345, -0.162788, 0.0, -0.986661, 2.288544, 0.0, 1.0, 0.0, 0.737348, 0.0, 0.0, 0.0, 1.0],
                [0.981823, 0.0, -0.189799, -0.013122, -0.189799, 0.0, -0.981823, 2.302505, 0.0, 1.0, 0.0, 0.73897, 0.0, 0.0, 0.0, 1.0],
                [0.979909, 0.0, -0.199443, -0.011677, -0.199443, 0.0, -0.979909, 2.309887, 0.0, 1.0, 0.0, 0.741187, 0.0, 0.0, 0.0, 1.0],
                [0.960071, 0.0, -0.279756, -0.000918, -0.279756, 0.0, -0.960071, 2.311129, 0.0, 1.0, 0.0, 0.743041, 0.0, 0.0, 0.0, 1.0]
            ]
        },
        {
            "name": "Thigh_R",
            "time": [0.0, 0.0111, 0.0222, 0.0333, 0.0444, 0.0556, 0.0667, 0.0778, 0.0889, 0.1, 0.1111, 0.1222, 0.1333, 0.1444, 0.1556, 0.1667, 0.1778, 0.1889, 0.2, 0.2111, 0.2222, 0.2333, 0.2444, 0.2556, 0.2667, 0.2778, 0.2889, 0.3, 0.3111, 0.3222, 0.3333, 0.3444, 0.3556, 0.3667, 0.3778, 0.3889, 0.4, 0.4111, 0.4222, 0.4333, 0.4444, 0.4556, 0.4667, 0.4778, 0.4889, 0.5, 0.5111, 0.5222, 0.5333, 0.5444, 0.5556, 0.5667, 0.5778, 0.5889, 0.6, 0.6111, 0.6222, 0.6333, 0.6444, 0.6556, 0.6667, 0.6778, 0.6889, 0.7, 0.7111, 0.7222, 0.7333, 0.7444, 0.7556, 0.7667, 0.7778, 0.7889, 0.8, 0.8111, 0.8222, 0.8333],
            "transform": [
                [0.936695, 0.165309, 0.308666, 0.124994, 0.110352, -0.975983, 0.18782, -0.002831, 0.332302, -0.141868, -0.932443, -1.2e-05, 0.0, 0.0, 0.0, 1.0],
                [0.936695, 0.165309, 0.308666, 0.124994, 0.110352, -0.975983, 0.18782, -0.002831, 0.332302, -0.141868, -0.932443, -1.2e-05, 0.0, 0.0, 0.0, 1.0],
                [0.944141, 0.149035, 0.293913, 0.124994, 0.095108, -0.977169, 0.18998, -0.002831, 0.315517, -0.151414, -0.936762, -1.2e-05, 0.0, 0.0, 0.0, 1.0],
                [0.963717, 0.10536, 0.24525, 0.124994, 0.059301, -0.980349, 0.188138, -0.002831, 0.260253, -0.166768, -0.95103, -1.2e-05, 0.0, 0.0, 0.0, 1.0],
                [0.986933, 0.04731, 0.154024, 0.124994, 0.020113, -0.984617, 0.173557, -0.002831, 0.159866, -0.168191, -0.972705, -1.2e-05, 0.0, 0.0, 0.0, 1.0],
                [0.999812, -0.002129, 0.019272, 0.124994, -0.005039, -0.988333, 0.152212, -0.002831, 0.018723, -0.15228, -0.98816, -1.2e-05, 0.0, 0.0, 0.0, 1.0],
                [0.989787, -0.023308, -0.140635, 0.124994, -0.003072, -0.989799, 0.142426, -0.002831, -0.14252, -0.140539, -0.979764, -1.2e-05, 0.0, 0.0, 0.0, 1.0],
                [0.95602, -0.018514, -0.292715, 0.124994, 0.031003, -0.986034, 0.163624, -0.002831, -0.291656, -0.165503, -0.942096, -1.2e-05, 0.0, 0.0, 0.0, 1.0],
                [0.923428, -0.017569, -0.383369, 0.124994, 0.082771, -0.966321, 0.243657, -0.002831, -0.374739, -0.256731, -0.890876, -1.2e-05, 0.0, 0.0, 0.0, 1.0],
                [0.931484, -0.012831, -0.363555, 0.124994, 0.133505, -0.917587, 0.374443, -0.002831, -0.338398, -0.397324, -0.853007, -1.2e-05, 0.0, 0.0, 0.0, 1.0],
                [0.975722, 0.049124, -0.213429, 0.124994, 0.157957, -0.832886, 0.530422, -0.002831, -0.151706, -0.551256, -0.820427, -1.2e-05, 0.0, 0.0, 0.0, 1.0],
                [0.986071, 0.166317, -0.001454, 0.124994, 0.123822, -0.728225, 0.674058, -0.002831, 0.111049, -0.664848, -0.738677, -1.2e-05, 0.0, 0.0, 0.0, 1.0],
                [0.957957, 0.24955, 0.141573, 0.124994, 0.054678, -0.643182, 0.763758, -0.002831, 0.281653, -0.723905, -0.629787, -1.2e-05, 0.0, 0.0, 0.0, 1.0],
                [0.947029, 0.254479, 0.195897, 0.124994, -0.004852, -0.598583, 0.801045, -0.002831, 0.321111, -0.759562, -0.565642, -1.2e-05, 0.0, 0.0, 0.0, 1.0],
                [0.963222, 0.195921, 0.183898, 0.124994, -0.035848, -0.584567, 0.810553, -0.002831, 0.266305, -0.787333, -0.556045, -1.2e-05, 0.0, 0.0, 0.0, 1.0],
                [0.986683, 0.104647, 0.124519, 0.124994, -0.04046, -0.583576, 0.811049, -0.002831, 0.157541, -0.805285, -0.571572, -1.2e-05, 0.0, 0.0, 0.0, 1.0],
                [0.999224, 0.004889, 0.039069, 0.124994, -0.02847, -0.595709, 0.802695, -0.002831, 0.027198, -0.803183, -0.595109, -1.2e-05, 0.0, 0.0, 0.0, 1.0],
                [0.995169, -0.083325, -0.051908, 0.124994, -0.010801, -0.618478, 0.785727, -0.002831, -0.097575, -0.78137, -0.616392, -1.2e-05, 0.0, 0.0, 0.0, 1.0],
                [0.980281, -0.148367, -0.130517, 0.124994, 0.004124, -0.644989, 0.76418, -0.002831, -0.197562, -0.749648, -0.631661, -1.2e-05, 0.0, 0.0, 0.0, 1.0],
                [0.964543, -0.187467, -0.185774, 0.124994, 0.014376, -0.665526, 0.746236, -0.002831, -0.263532, -0.722446, -0.639235, -1.2e-05, 0.0, 0.0, 0.0, 1.0],
                [0.955052, -0.200912, -0.217964, 0.124994, 0.026906, -0.673495, 0.738702, -0.002831, -0.295212, -0.711362, -0.637819, -1.2e-05, 0.0, 0.0, 0.0, 1.0],
                [0.952581, -0.184606, -0.241889, 0.124994, 0.057071, -0.672439, 0.737948, -0.002831, -0.298885, -0.716759, -0.630018, -1.2e-05, 0.0, 0.0, 0.0, 1.0],
                [0.953892, -0.1551, -0.256971, 0.124994, 0.114637, -0.602974, 0.78948, -0.002831, -0.277396, -0.782536, -0.557393, -1.2e-05, 0.0, 0.0, 0.0, 1.0],
                [0.959733, -0.137657, -0.244871, 0.124994, 0.15023, -0.485055, 0.861483, -0.002831, -0.237366, -0.863579, -0.444844, -1.2e-05, 0.0, 0.0, 0.0, 1.0],
                [0.976226, -0.141425, -0.164258, 0.124994, 0.098695, -0.384664, 0.917765, -0.002831, -0.192979, -0.912156, -0.361562, -1.2e-05, 0.0, 0.0, 0.0, 1.0],
                [0.987603, -0.151263, -0.041942, 0.124994, -0.009314, -0.323194, 0.946287, -0.002831, -0.156694, -0.934164, -0.320597, -1.2e-05, 0.0, 0.0, 0.0, 1.0],
                [0.985526, -0.161109, 0.052747, 0.124994, -0.101022, -0.308271, 0.94592, -0.002831, -0.136136, -0.937555, -0.320086, -1.2e-05, 0.0, 0.0, 0.0, 1.0],
                [0.98732, -0.141584, 0.071791, 0.124994, -0.11386, -0.316471, 0.941745, -0.002831, -0.110617, -0.937975, -0.328579, -1.2e-05, 0.0, 0.0, 0.0, 1.0],
                [0.996545, -0.079153, 0.02512, 0.124994, -0.049247, -0.319723, 0.946231, -0.002831, -0.066865, -0.944197, -0.322517, -1.2e-05, 0.0, 0.0, 0.0, 1.0],
                [0.997244, -0.011655, -0.073264, 0.124994, 0.066577, -0.295026, 0.953167, -0.002831, -0.032724, -0.955416, -0.293437, -1.2e-05, 0.0, 0.0, 0.0, 1.0],
                [0.983326, 0.011792, -0.181464, 0.124994, 0.178432, -0.25503, 0.950327, -0.002831, -0.035073, -0.966859, -0.252882, -1.2e-05, 0.0, 0.0, 0.0, 1.0],
                [0.964688, -0.017898, -0.262787, 0.124994, 0.251693, -0.231443, 0.939726, -0.002831, -0.07764, -0.972682, -0.218766, -1.2e-05, 0.0, 0.0, 0.0, 1.0],
                [0.948959, -0.079288, -0.30527, 0.124994, 0.280196, -0.23242, 0.931382, -0.002831, -0.144798, -0.969377, -0.198341, -1.2e-05, 0.0, 0.0, 0.0, 1.0],
                [0.952024, -0.087298, -0.293308, 0.124994, 0.256377, -0.295817, 0.920197, -0.002831, -0.167097, -0.951245, -0.259245, -1.2e-05, 0.0, 0.0, 0.0, 1.0],
                [0.973969, 0.009059, -0.226499, 0.124994, 0.21213, -0.388637, 0.89664, -0.002831, -0.079904, -0.921345, -0.380443, -1.2e-05, 0.0, 0.0, 0.0, 1.0],
                [0.977272, 0.178156, -0.114889, 0.124994, 0.182128, -0.42827, 0.885107, -0.002831, 0.108484, -0.885913, -0.450984, -1.2e-05, 0.0, 0.0, 0.0, 1.0],
                [0.934981, 0.354318, 0.016339, 0.124994, 0.143928, -0.421096, 0.895523, -0.002831, 0.324181, -0.834945, -0.444715, -1.2e-05, 0.0, 0.0, 0.0, 1.0],
                [0.881287, 0.460972, 0.104102, 0.124994, 0.105339, -0.406355, 0.907623, -0.002831, 0.460691, -0.788909, -0.406675, -1.2e-05, 0.0, 0.0, 0.0, 1.0],
                [0.83651, 0.521214, 0.169074, 0.124994, 0.062796, -0.39771, 0.91536, -0.002831, 0.544341, -0.755089, -0.365419, -1.2e-05, 0.0, 0.0, 0.0, 1.0],
                [0.820263, 0.53866, 0.192389, 0.124994, 0.045375, -0.39657, 0.916882, -0.002831, 0.570184, -0.743353, -0.349734, -1.2e-05, 0.0, 0.0, 0.0, 1.0],
                [0.849393, 0.506262, 0.149091, 0.124994, 0.07741, -0.398953, 0.913698, -0.002831, 0.522052, -0.764547, -0.378059, -1.2e-05, 0.0, 0.0, 0.0, 1.0],
                [0.83651, 0.521214, 0.169074, 0.124994, 0.062796, -0.39771, 0.91536, -0.002831, 0.544341, -0.755089, -0.365419, -1.2e-05, 0.0, 0.0, 0.0, 1.0],
                [0.83651, 0.521214, 0.169074, 0.124994, 0.062796, -0.39771, 0.91536, -0.002831, 0.544341, -0.755089, -0.365419, -1.2e-05, 0.0, 0.0, 0.0, 1.0],
                [0.83651, 0.521214, 0.169074, 0.124994, 0.062796, -0.39771, 0.91536, -0.002831, 0.544341, -0.755089, -0.365419, -1.2e-05, 0.0, 0.0, 0.0, 1.0],
                [0.83651, 0.521214, 0.169074, 0.124994, 0.062796, -0.39771, 0.91536, -0.002831, 0.544341, -0.755089, -0.365419, -1.2e-05, 0.0, 0.0, 0.0, 1.0],
                [0.83651, 0.521214, 0.169074, 0.124994, 0.062796, -0.39771, 0.91536, -0.002831, 0.544341, -0.755089, -0.365419, -1.2e-05, 0.0, 0.0, 0.0, 1.0],
                [0.83651, 0.521214, 0.169074, 0.124994, 0.062796, -0.39771, 0.91536, -0.002831, 0.544341, -0.755089, -0.365419, -1.2e-05, 0.0, 0.0, 0.0, 1.0],
                [0.83651, 0.521214, 0.169074, 0.124994, 0.062796, -0.39771, 0.91536, -0.002831, 0.544341, -0.755089, -0.365419, -1.2e-05, 0.0, 0.0, 0.0, 1.0],
                [0.83651, 0.521214, 0.169074, 0.124994, 0.062796, -0.39771, 0.91536, -0.002831, 0.544341, -0.755089, -0.365419, -1.2e-05, 0.0, 0.0, 0.0, 1.0],
                [0.83651, 0.521214, 0.169074, 0.124994, 0.062796, -0.39771, 0.91536, -0.002831, 0.544341, -0.755089, -0.365419, -1.2e-05, 0.0, 0.0, 0.0, 1.0],
                [0.83651, 0.521214, 0.169074, 0.124994, 0.062796, -0.39771, 0.91536, -0.002831, 0.544341, -0.755089, -0.365419, -1.2e-05, 0.0, 0.0, 0.0, 1.0],
                [0.83651, 0.521214, 0.169074, 0.124994, 0.062796, -0.39771, 0.91536, -0.002831, 0.544341, -0.755089, -0.365419, -1.2e-05, 0.0, 0.0, 0.0, 1.0],
                [0.83651, 0.521214, 0.169074, 0.124994, 0.062796, -0.39771, 0.91536, -0.002831, 0.544341, -0.755089, -0.365419, -1.2e-05, 0.0, 0.0, 0.0, 1.0],
                [0.83651, 0.521214, 0.169074, 0.124994, 0.062796, -0.39771, 0.91536, -0.002831, 0.544341, -0.755089, -0.365419, -1.2e-05, 0.0, 0.0, 0.0, 1.0],
                [0.840477, 0.511161, 0.179754, 0.124994, 0.062627, -0.42116, 0.904822, -0.002831, 0.538215, -0.749223, -0.385988, -1.2e-05, 0.0, 0.0, 0.0, 1.0],
                [0.851821, 0.482109, 0.204869, 0.124994, 0.062107, -0.481286, 0.87436, -0.002831, 0.520138, -0.732073, -0.439913, -1.2e-05, 0.0, 0.0, 0.0, 1.0],
                [0.860472, 0.450995, 0.237043, 0.124994, 0.062584, -0.555286, 0.829301, -0.002831, 0.505638, -0.698754, -0.506034, -1.2e-05, 0.0, 0.0, 0.0, 1.0],
                [0.856956, 0.436187, 0.27453, 0.124994, 0.063066, -0.617408, 0.78411, -0.002831, 0.511517, -0.654633, -0.556601, -1.2e-05, 0.0, 0.0, 0.0, 1.0],
                [0.854384, 0.42038, 0.305463, 0.124994, 0.060118, -0.663849, 0.745446, -0.002831, 0.516153, -0.618532, -0.592456, -1.2e-05, 0.0, 0.0, 0.0, 1.0],
                [0.851761, 0.404658, 0.332798, 0.124994, 0.055167, -0.700931, 0.711092, -0.002831, 0.521018, -0.587319, -0.619351, -1.2e-05, 0.0, 0.0, 0.0, 1.0],
                [0.848078, 0.389451, 0.359292, 0.124994, 0.04976, -0.733613, 0.677742, -0.002831, 0.527529, -0.556899, -0.641542, -1.2e-05, 0.0, 0.0, 0.0, 1.0],
                [0.842411, 0.375588, 0.386363, 0.124994, 0.045634, -0.764186, 0.643378, -0.002831, 0.536899, -0.524357, -0.6609, -1.2e-05, 0.0, 0.0, 0.0, 1.0],
                [0.839681, 0.357816, 0.408538, 0.124994, 0.042948, -0.793654, 0.606849, -0.002831, 0.541379, -0.492013, -0.681785, -1.2e-05, 0.0, 0.0, 0.0, 1.0],
                [0.844038, 0.332403, 0.420842, 0.124994, 0.040819, -0.822281, 0.567614, -0.002831, 0.534728, -0.461909, -0.707606, -1.2e-05, 0.0, 0.0, 0.0, 1.0],
                [0.853125, 0.302636, 0.424958, 0.124994, 0.039957, -0.850062, 0.525163, -0.002831, 0.520174, -0.431049, -0.737303, -1.2e-05, 0.0, 0.0, 0.0, 1.0],
                [0.864444, 0.271667, 0.423005, 0.124994, 0.041255, -0.876912, 0.478874, -0.002831, 0.501034, -0.396508, -0.769251, -1.2e-05, 0.0, 0.0, 0.0, 1.0],
                [0.875565, 0.242652, 0.417739, 0.124994, 0.045704, -0.902429, 0.428403, -0.002831, 0.480933, -0.356002, -0.801228, -1.2e-05, 0.0, 0.0, 0.0, 1.0],
                [0.883579, 0.21899, 0.413921, 0.124994, 0.054235, -0.925822, 0.374045, -0.002831, 0.46513, -0.308049, -0.829916, -1.2e-05, 0.0, 0.0, 0.0, 1.0],
                [0.886732, 0.202659, 0.415493, 0.124994, 0.067808, -0.946082, 0.316746, -0.002831, 0.457282, -0.252694, -0.852665, -1.2e-05, 0.0, 0.0, 0.0, 1.0],
                [0.88452, 0.193486, 0.424485, 0.124994, 0.086702, -0.962259, 0.257948, -0.002831, 0.458375, -0.191356, -0.867915, -1.2e-05, 0.0, 0.0, 0.0, 1.0],
                [0.876741, 0.18951, 0.442052, 0.124994, 0.109991, -0.973744, 0.199301, -0.002831, 0.468216, -0.126114, -0.874568, -1.2e-05, 0.0, 0.0, 0.0, 1.0],
                [0.863827, 0.187121, 0.467748, 0.124994, 0.135475, -0.98054, 0.142071, -0.002831, 0.48523, -0.059357, -0.87237, -1.2e-05, 0.0, 0.0, 0.0, 1.0],
                [0.847115, 0.18174, 0.499366, 0.124994, 0.159961, -0.983323, 0.086519, -0.002831, 0.506762, 0.006587, -0.862061, -1.2e-05, 0.0, 0.0, 0.0, 1.0],
                [0.828866, 0.168641, 0.533424, 0.124994, 0.179848, -0.983192, 0.031378, -0.002831, 0.52975, 0.069927, -0.845266, -1.2e-05, 0.0, 0.0, 0.0, 1.0],
                [0.811915, 0.142987, 0.565994, 0.124994, 0.191747, -0.981065, -0.027214, -0.002831, 0.551386, 0.130623, -0.823961, -1.2e-05, 0.0, 0.0, 0.0, 1.0],
                [0.856938, 0.138252, 0.496532, 0.124994, 0.176827, -0.983744, -0.031266, -0.002831, 0.484138, 0.114593, -0.867456, -1.2e-05, 0.0, 0.0, 0.0, 1.0]
            ]
        },
        {
            "name": "Leg_R",
            "time": [0.0, 0.0111, 0.0222, 0.0333, 0.0444, 0.0556, 0.0667, 0.0778, 0.0889, 0.1, 0.1111, 0.1222, 0.1333, 0.1444, 0.1556, 0.1667, 0.1778, 0.1889, 0.2, 0.2111, 0.2222, 0.2333, 0.2444, 0.2556, 0.2667, 0.2778, 0.2889, 0.3, 0.3111, 0.3222, 0.3333, 0.3444, 0.3556, 0.3667, 0.3778, 0.3889, 0.4, 0.4111, 0.4222, 0.4333, 0.4444, 0.4556, 0.4667, 0.4778, 0.4889, 0.5, 0.5111, 0.5222, 0.5333, 0.5444, 0.5556, 0.5667, 0.5778, 0.5889, 0.6, 0.6111, 0.6222, 0.6333, 0.6444, 0.6556, 0.6667, 0.6778, 0.6889, 0.7, 0.7111, 0.7222, 0.7333, 0.7444, 0.7556, 0.7667, 0.7778, 0.7889, 0.8, 0.8111, 0.8222, 0.8333],
            "transform": [
                [1.0, -0.0, 1e-06, 0.0, -0.0, 0.839307, 0.54366, 0.374726, -1e-06, -0.543662, 0.839303, -0.0, 0.0, 0.0, 0.0, 1.0],
                [1.0, -0.0, 1e-06, 0.0, -0.0, 0.839307, 0.54366, 0.374726, -1e-06, -0.543662, 0.839303, -0.0, 0.0, 0.0, 0.0, 1.0],
                [1.0, -0.0, 1e-06, -0.0, -0.0, 0.834422, 0.551127, 0.374726, -1e-06, -0.551129, 0.834419, -0.0, 0.0, 0.0, 0.0, 1.0],
                [1.0, -0.0, 1e-06, -0.0, -0.0, 0.827535, 0.561415, 0.374726, -1e-06, -0.561418, 0.827532, -0.0, 0.0, 0.0, 0.0, 1.0],
                [1.0, -0.0, 1e-06, -0.0, -0.0, 0.82807, 0.560626, 0.374726, -1e-06, -0.560628, 0.828067, 0.0, 0.0, 0.0, 0.0, 1.0],
                [1.0, -0.0, 1e-06, 0.0, -0.0, 0.834875, 0.550441, 0.374726, -1e-06, -0.550443, 0.834871, 0.0, 0.0, 0.0, 0.0, 1.0],
                [1.0, -0.0, 1e-06, -0.0, -0.0, 0.838369, 0.545104, 0.374726, -1e-06, -0.545106, 0.838366, 0.0, 0.0, 0.0, 0.0, 1.0],
                [1.0, -0.0, 1e-06, 0.0, -0.0, 0.832083, 0.554652, 0.374726, -1e-06, -0.554655, 0.832079, 0.0, 0.0, 0.0, 0.0, 1.0],
                [1.000001, -1e-06, 1e-06, -0.0, -0.0, 0.779711, 0.62614, 0.374726, -1e-06, -0.626143, 0.779708, 0.0, 0.0, 0.0, 0.0, 1.0],
                [1.0, -1e-06, 1e-06, -0.0, -0.0, 0.669496, 0.742815, 0.374726, -1e-06, -0.742818, 0.669494, 0.0, 0.0, 0.0, 0.0, 1.0],
                [1.0, -1e-06, 1e-06, -0.0, -0.0, 0.539962, 0.841689, 0.374726, -1e-06, -0.841691, 0.53996, 0.0, 0.0, 0.0, 0.0, 1.0],
                [1.0, -1e-06, 0.0, -0.0, -0.0, 0.425458, 0.904977, 0.374726, -1e-06, -0.904979, 0.425457, -0.0, 0.0, 0.0, 0.0, 1.0],
                [1.0, -1e-06, 0.0, -0.0, -0.0, 0.355645, 0.93462, 0.374726, -1e-06, -0.934622, 0.355644, 0.0, 0.0, 0.0, 0.0, 1.0],
                [1.0, -1e-06, 1e-06, -0.0, -0.0, 0.357961, 0.933735, 0.374726, -1e-06, -0.933738, 0.35796, -0.0, 0.0, 0.0, 0.0, 1.0],
                [1.0, -1e-06, 1e-06, -0.0, -0.0, 0.419087, 0.907945, 0.374726, -1e-06, -0.907948, 0.419086, -0.0, 0.0, 0.0, 0.0, 1.0],
                [1.0, -1e-06, 1e-06, 0.0, -0.0, 0.500673, 0.865636, 0.374726, -1e-06, -0.865638, 0.500672, 0.0, 0.0, 0.0, 0.0, 1.0],
                [1.0, -1e-06, 1e-06, -0.0, -0.0, 0.591838, 0.806056, 0.374726, -1e-06, -0.806059, 0.591836, -0.0, 0.0, 0.0, 0.0, 1.0],
                [1.0, -1e-06, 1e-06, 0.0, -0.0, 0.678508, 0.734593, 0.374726, -1e-06, -0.734595, 0.678506, -0.0, 0.0, 0.0, 0.0, 1.0],
                [1.0, -0.0, 1e-06, -0.0, -0.0, 0.744668, 0.667435, 0.374726, -1e-06, -0.667438, 0.744665, -0.0, 0.0, 0.0, 0.0, 1.0],
                [1.0, -0.0, 1e-06, 0.0, -0.0, 0.775409, 0.63146, 0.374726, -1e-06, -0.631463, 0.775405, -0.0, 0.0, 0.0, 0.0, 1.0],
                [1.0, -0.0, 1e-06, 0.0, -0.0, 0.761574, 0.648078, 0.374726, -1e-06, -0.648081, 0.761571, 0.0, 0.0, 0.0, 0.0, 1.0],
                [1.0, -1e-06, 1e-06, 0.0, -0.0, 0.705619, 0.708591, 0.374726, -1e-06, -0.708594, 0.705617, -0.0, 0.0, 0.0, 0.0, 1.0],
                [1.0, -1e-06, 1e-06, 0.0, -0.0, 0.507971, 0.861373, 0.374726, -1e-06, -0.861376, 0.507969, 0.0, 0.0, 0.0, 0.0, 1.0],
                [1.0, -1e-06, 0.0, 0.0, -0.0, 0.240762, 0.970583, 0.374726, -1e-06, -0.970585, 0.240761, 0.0, 0.0, 0.0, 0.0, 1.0],
                [1.0, -1e-06, 0.0, -0.0, -0.0, 0.065276, 0.997866, 0.374726, -1e-06, -0.997868, 0.065276, 0.0, 0.0, 0.0, 0.0, 1.0],
                [1.0, -1e-06, 0.0, -0.0, -0.0, -0.029622, 0.999561, 0.374726, -1e-06, -0.999562, -0.029622, 0.0, 0.0, 0.0, 0.0, 1.0],
                [1.0, -1e-06, 0.0, -0.0, -0.0, -0.09279, 0.995685, 0.374726, -1e-06, -0.995687, -0.09279, 0.0, 0.0, 0.0, 0.0, 1.0],
                [1.0, -1e-06, 0.0, 0.0, -0.0, -0.158488, 0.98736, 0.374726, -1e-06, -0.987362, -0.158488, 0.0, 0.0, 0.0, 0.0, 1.0],
                [1.0, -1e-06, 0.0, -0.0, -0.0, -0.207457, 0.978243, 0.374726, -1e-06, -0.978245, -0.207457, 0.0, 0.0, 0.0, 0.0, 1.0],
                [1.0, -1e-06, 0.0, 0.0, -0.0, -0.202871, 0.979204, 0.374726, -1e-06, -0.979206, -0.20287, 0.0, 0.0, 0.0, 0.0, 1.0],
                [1.0, -1e-06, 0.0, 0.0, -0.0, -0.133008, 0.991114, 0.374726, -1e-06, -0.991116, -0.133007, 0.0, 0.0, 0.0, 0.0, 1.0],
                [1.0, -1e-06, 0.0, -0.0, -0.0, -0.041101, 0.999154, 0.374726, -1e-06, -0.999156, -0.041101, 0.0, 0.0, 0.0, 0.0, 1.0],
                [1.0, -1e-06, 0.0, 0.0, -0.0, -0.013746, 0.999905, 0.374726, -1e-06, -0.999906, -0.013746, 0.0, 0.0, 0.0, 0.0, 1.0],
                [1.0, -1e-06, 0.0, 0.0, -0.0, -0.010403, 0.999945, 0.374726, -1e-06, -0.999947, -0.010403, 0.0, 0.0, 0.0, 0.0, 1.0],
                [1.0, -1e-06, 0.0, -0.0, -0.0, 0.029916, 0.999551, 0.374726, -1e-06, -0.999554, 0.029916, 0.0, 0.0, 0.0, 0.0, 1.0],
                [1.0, -1e-06, 0.0, -0.0, -0.0, 0.093213, 0.995645, 0.374726, -1e-06, -0.995647, 0.093212, 0.0, 0.0, 0.0, 0.0, 1.0],
                [1.0, -1e-06, 0.0, 0.0, -0.0, 0.175628, 0.984455, 0.374726, -1e-06, -0.984457, 0.175627, -0.0, 0.0, 0.0, 0.0, 1.0],
                [1.0, -1e-06, 0.0, 0.0, -0.0, 0.249799, 0.968296, 0.374726, -1e-06, -0.968298, 0.249799, -0.0, 0.0, 0.0, 0.0, 1.0],
                [1.0, -1e-06, 0.0, -0.0, -0.0, 0.282692, 0.95921, 0.374726, -1e-06, -0.959212, 0.282692, 0.0, 0.0, 0.0, 0.0, 1.0],
                [1.0, -1e-06, 0.0, 0.0, -0.0, 0.282692, 0.95921, 0.374726, -1e-06, -0.959212, 0.282692, -0.0, 0.0, 0.0, 0.0, 1.0],
                [1.0, -1e-06, 0.0, 0.0, -0.0, 0.282692, 0.95921, 0.374726, -1e-06, -0.959212, 0.282692, 0.0, 0.0, 0.0, 0.0, 1.0],
                [1.0, -1e-06, 0.0, -0.0, -0.0, 0.282692, 0.95921, 0.374726, -1e-06, -0.959212, 0.282692, 0.0, 0.0, 0.0, 0.0, 1.0],
                [1.0, -1e-06, 0.0, -0.0, -0.0, 0.282692, 0.95921, 0.374726, -1e-06, -0.959212, 0.282692, 0.0, 0.0, 0.0, 0.0, 1.0],
                [1.0, -1e-06, 0.0, -0.0, -0.0, 0.282692, 0.95921, 0.374726, -1e-06, -0.959212, 0.282692, 0.0, 0.0, 0.0, 0.0, 1.0],
                [1.0, -1e-06, 0.0, -0.0, -0.0, 0.282692, 0.95921, 0.374726, -1e-06, -0.959212, 0.282692, 0.0, 0.0, 0.0, 0.0, 1.0],
                [1.0, -1e-06, 0.0, -0.0, -0.0, 0.282692, 0.95921, 0.374726, -1e-06, -0.959212, 0.282692, 0.0, 0.0, 0.0, 0.0, 1.0],
                [1.0, -1e-06, 0.0, -0.0, -0.0, 0.282692, 0.95921, 0.374726, -1e-06, -0.959212, 0.282692, 0.0, 0.0, 0.0, 0.0, 1.0],
                [1.0, -1e-06, 0.0, -0.0, -0.0, 0.282692, 0.95921, 0.374726, -1e-06, -0.959212, 0.282692, 0.0, 0.0, 0.0, 0.0, 1.0],
                [1.0, -1e-06, 0.0, -0.0, -0.0, 0.282692, 0.95921, 0.374726, -1e-06, -0.959212, 0.282692, 0.0, 0.0, 0.0, 0.0, 1.0],
                [1.0, -1e-06, 0.0, -0.0, -0.0, 0.282692, 0.95921, 0.374726, -1e-06, -0.959212, 0.282692, 0.0, 0.0, 0.0, 0.0, 1.0],
                [1.0, -1e-06, 0.0, -0.0, -0.0, 0.282692, 0.95921, 0.374726, -1e-06, -0.959212, 0.282692, 0.0, 0.0, 0.0, 0.0, 1.0],
                [1.0, -1e-06, 0.0, -0.0, -0.0, 0.282692, 0.95921, 0.374726, -1e-06, -0.959212, 0.282692, 0.0, 0.0, 0.0, 0.0, 1.0],
                [1.0, -1e-06, 0.0, -0.0, -0.0, 0.282692, 0.95921, 0.374726, -1e-06, -0.959212, 0.282692, 0.0, 0.0, 0.0, 0.0, 1.0],
                [1.0, -1e-06, 0.0, -0.0, -0.0, 0.282692, 0.95921, 0.374726, -1e-06, -0.959212, 0.282692, 0.0, 0.0, 0.0, 0.0, 1.0],
                [1.0, -1e-06, 0.0, -0.0, -0.0, 0.267869, 0.963454, 0.374726, -1e-06, -0.963457, 0.267868, -0.0, 0.0, 0.0, 0.0, 1.0],
                [1.0, -1e-06, 0.0, 0.0, -0.0, 0.254379, 0.967103, 0.374726, -1e-06, -0.967106, 0.254379, -0.0, 0.0, 0.0, 0.0, 1.0],
                [1.0, -1e-06, 0.0, 0.0, -0.0, 0.274687, 0.961533, 0.374726, -1e-06, -0.961535, 0.274687, -0.0, 0.0, 0.0, 0.0, 1.0],
                [1.0, -1e-06, 1e-06, -0.0, -0.0, 0.331259, 0.943539, 0.374726, -1e-06, -0.943541, 0.331258, -0.0, 0.0, 0.0, 0.0, 1.0],
                [1.0, -1e-06, 1e-06, -0.0, -0.0, 0.408394, 0.912805, 0.374726, -1e-06, -0.912807, 0.408393, 0.0, 0.0, 0.0, 0.0, 1.0],
                [1.0, -1e-06, 1e-06, 0.0, -0.0, 0.491121, 0.87109, 0.374726, -1e-06, -0.871093, 0.49112, 0.0, 0.0, 0.0, 0.0, 1.0],
                [1.0, -1e-06, 1e-06, -0.0, -0.0, 0.566872, 0.823805, 0.374726, -1e-06, -0.823808, 0.56687, 0.0, 0.0, 0.0, 0.0, 1.0],
                [1.0, -1e-06, 1e-06, -0.0, -0.0, 0.622817, 0.782367, 0.374726, -1e-06, -0.78237, 0.622815, 0.0, 0.0, 0.0, 0.0, 1.0],
                [1.0, -0.0, 1e-06, -0.0, -0.0, 0.658332, 0.752727, 0.374726, -1e-06, -0.75273, 0.65833, -0.0, 0.0, 0.0, 0.0, 1.0],
                [1.0, -1e-06, 1e-06, -0.0, -0.0, 0.683603, 0.729854, 0.374726, -1e-06, -0.729856, 0.683601, 0.0, 0.0, 0.0, 0.0, 1.0],
                [1.0, -1e-06, 1e-06, 0.0, -0.0, 0.702717, 0.711469, 0.374726, -1e-06, -0.711472, 0.702715, -0.0, 0.0, 0.0, 0.0, 1.0],
                [1.0, -1e-06, 1e-06, -0.0, -0.0, 0.719526, 0.694466, 0.374726, -1e-06, -0.694468, 0.719524, -0.0, 0.0, 0.0, 0.0, 1.0],
                [1.0, -1e-06, 1e-06, 0.0, -0.0, 0.737228, 0.675644, 0.374726, -1e-06, -0.675646, 0.737225, 0.0, 0.0, 0.0, 0.0, 1.0],
                [1.0, -0.0, 1e-06, -0.0, -0.0, 0.758111, 0.652125, 0.374726, -1e-06, -0.652128, 0.758108, -0.0, 0.0, 0.0, 0.0, 1.0],
                [1.0, -0.0, 1e-06, -0.0, -0.0, 0.78345, 0.621456, 0.374726, -1e-06, -0.621458, 0.783447, 0.0, 0.0, 0.0, 0.0, 1.0],
                [1.0, -0.0, 1e-06, -0.0, -0.0, 0.813484, 0.581588, 0.374726, -1e-06, -0.581591, 0.81348, 0.0, 0.0, 0.0, 0.0, 1.0],
                [1.0, -0.0, 1e-06, -0.0, -0.0, 0.847466, 0.530852, 0.374726, -1e-06, -0.530854, 0.847462, -0.0, 0.0, 0.0, 0.0, 1.0],
                [1.0, -0.0, 1e-06, 0.0, -0.0, 0.883756, 0.46795, 0.374726, -1e-06, -0.467952, 0.883752, -0.0, 0.0, 0.0, 0.0, 1.0],
                [1.0, -0.0, 1e-06, -0.0, -0.0, 0.919989, 0.391949, 0.374726, -1e-06, -0.391951, 0.919984, 0.0, 0.0, 0.0, 0.0, 1.0],
                [1.0, -0.0, 1e-06, 0.0, -0.0, 0.953379, 0.301784, 0.374726, -1e-06, -0.301786, 0.953373, 0.0, 0.0, 0.0, 0.0, 1.0],
                [1.0, -0.0, 1e-06, -0.0, -0.0, 0.981118, 0.193422, 0.374726, -1e-06, -0.193423, 0.981112, 0.0, 0.0, 0.0, 0.0, 1.0],
                [1.0, -0.0, 1e-06, -0.0, -0.0, 0.982223, 0.187729, 0.374726, -1e-06, -0.18773, 0.982218, 0.0, 0.0, 0.0, 0.0, 1.0]
            ]
        },
        {
            "name": "Knee_R",
            "time": [0.0, 0.8333],
            "transform": [
                [1.0, 0.0, -0.0, -0.0, -0.0, 0.00567, -0.999984, 0.378913, -0.0, 0.999984, 0.00567, -2.4e-05, 0.0, 0.0, 0.0, 1.0],
                [1.0, 0.0, -0.0, 0.0, -0.0, 0.00567, -0.999984, 0.374726, -0.0, 0.999984, 0.00567, 0.0, 0.0, 0.0, 0.0, 1.0]
            ]
        },
        {
            "name": "Thigh_L",
            "time": [0.0, 0.0111, 0.0222, 0.0333, 0.0444, 0.0556, 0.0667, 0.0778, 0.0889, 0.1, 0.1111, 0.1222, 0.1333, 0.1444, 0.1556, 0.1667, 0.1778, 0.1889, 0.2, 0.2111, 0.2222, 0.2333, 0.2444, 0.2556, 0.2667, 0.2778, 0.2889, 0.3, 0.3111, 0.3222, 0.3333, 0.3444, 0.3556, 0.3667, 0.3778, 0.3889, 0.4, 0.4111, 0.4222, 0.4333, 0.4444, 0.4556, 0.4667, 0.4778, 0.4889, 0.5, 0.5111, 0.5222, 0.5333, 0.5444, 0.5556, 0.5667, 0.5778, 0.5889, 0.6, 0.6111, 0.6222, 0.6333, 0.6444, 0.6556, 0.6667, 0.6778, 0.6889, 0.7, 0.7111, 0.7222, 0.7333, 0.7444, 0.7556, 0.7667, 0.7778, 0.7889, 0.8, 0.8111, 0.8222, 0.8333],
            "transform": [
                [0.987787, -0.075683, -0.13619, -0.125006, -0.030165, -0.950454, 0.309396, -0.002831, -0.152859, -0.301509, -0.94113, -1.2e-05, 0.0, 0.0, 0.0, 1.0],
                [0.987787, -0.075683, -0.13619, -0.125006, -0.030165, -0.950454, 0.309396, -0.002831, -0.152859, -0.301509, -0.94113, -1.2e-05, 0.0, 0.0, 0.0, 1.0],
                [0.981977, -0.102955, -0.158494, -0.125006, -0.051196, -0.952151, 0.301309, -0.002831, -0.181932, -0.287764, -0.940261, -1.2e-05, 0.0, 0.0, 0.0, 1.0],
                [0.966516, -0.153747, -0.205447, -0.125006, -0.092113, -0.955145, 0.281446, -0.002831, -0.239504, -0.253098, -0.937326, -1.2e-05, 0.0, 0.0, 0.0, 1.0],
                [0.951808, -0.189167, -0.241404, -0.125006, -0.123462, -0.956859, 0.263016, -0.002831, -0.280743, -0.220537, -0.934102, -1.2e-05, 0.0, 0.0, 0.0, 1.0],
                [0.948942, -0.233757, -0.211815, -0.125006, -0.152024, -0.927241, 0.342217, -0.002831, -0.276399, -0.292543, -0.915435, -1.2e-05, 0.0, 0.0, 0.0, 1.0],
                [0.945925, -0.29418, -0.136685, -0.125006, -0.206818, -0.87156, 0.444532, -0.002831, -0.249902, -0.392226, -0.885273, -1.2e-05, 0.0, 0.0, 0.0, 1.0],
                [0.944509, -0.325373, -0.045104, -0.125006, -0.272344, -0.85244, 0.44629, -0.002831, -0.183659, -0.409242, -0.893751, -1.2e-05, 0.0, 0.0, 0.0, 1.0],
                [0.941214, -0.337714, 0.008035, -0.125006, -0.317691, -0.87682, 0.360912, -0.002831, -0.11484, -0.342248, -0.932565, -1.2e-05, 0.0, 0.0, 0.0, 1.0],
                [0.929608, -0.367597, -0.02646, -0.125006, -0.347718, -0.898599, 0.267601, -0.002831, -0.122146, -0.239564, -0.963166, -1.2e-05, 0.0, 0.0, 0.0, 1.0],
                [0.913636, -0.388181, -0.120768, -0.125006, -0.364543, -0.91377, 0.179255, -0.002831, -0.179937, -0.119749, -0.976362, -1.2e-05, 0.0, 0.0, 0.0, 1.0],
                [0.892319, -0.381212, -0.241751, -0.125006, -0.366304, -0.924469, 0.105721, -0.002831, -0.263793, -0.005783, -0.964562, -1.2e-05, 0.0, 0.0, 0.0, 1.0],
                [0.864718, -0.350231, -0.359999, -0.125006, -0.349058, -0.934434, 0.070641, -0.002831, -0.361136, 0.064576, -0.930274, -1.2e-05, 0.0, 0.0, 0.0, 1.0],
                [0.828637, -0.317346, -0.461142, -0.125006, -0.306972, -0.946477, 0.099736, -0.002831, -0.468112, 0.058912, -0.881703, -1.2e-05, 0.0, 0.0, 0.0, 1.0],
                [0.778346, -0.287491, -0.558145, -0.125006, -0.256937, -0.957004, 0.134632, -0.002831, -0.572853, 0.038618, -0.818748, -1.2e-05, 0.0, 0.0, 0.0, 1.0],
                [0.715069, -0.259255, -0.649202, -0.125006, -0.219403, -0.964993, 0.143701, -0.002831, -0.663731, 0.03968, -0.746918, -1.2e-05, 0.0, 0.0, 0.0, 1.0],
                [0.643256, -0.23442, -0.728882, -0.125006, -0.19069, -0.971029, 0.14401, -0.002831, -0.741525, 0.046355, -0.669322, -1.2e-05, 0.0, 0.0, 0.0, 1.0],
                [0.567034, -0.216233, -0.794806, -0.125006, -0.166416, -0.975103, 0.146558, -0.002831, -0.806708, 0.049165, -0.588901, -1.2e-05, 0.0, 0.0, 0.0, 1.0],
                [0.490953, -0.210161, -0.845457, -0.125006, -0.142151, -0.976785, 0.16026, -0.002831, -0.85951, 0.041502, -0.509431, -1.2e-05, 0.0, 0.0, 0.0, 1.0],
                [0.42023, -0.222911, -0.879612, -0.125006, -0.113938, -0.974647, 0.192561, -0.002831, -0.900235, 0.019301, -0.434974, -1.2e-05, 0.0, 0.0, 0.0, 1.0],
                [0.360598, -0.260295, -0.895665, -0.125006, -0.078927, -0.965341, 0.248768, -0.002831, -0.929376, -0.019013, -0.368645, -1.2e-05, 0.0, 0.0, 0.0, 1.0],
                [0.318146, -0.324782, -0.890674, -0.125006, -0.036318, -0.942973, 0.33088, -0.002831, -0.947346, -0.072921, -0.311799, -1.2e-05, 0.0, 0.0, 0.0, 1.0],
                [0.295352, -0.416222, -0.859957, -0.125006, 0.009152, -0.898838, 0.438184, -0.002831, -0.955345, -0.137289, -0.261665, -1.2e-05, 0.0, 0.0, 0.0, 1.0],
                [0.353212, -0.510027, -0.784291, -0.125006, 0.037951, -0.829826, 0.55673, -0.002831, -0.934773, -0.226408, -0.273749, -1.2e-05, 0.0, 0.0, 0.0, 1.0],
                [0.538363, -0.561734, -0.628187, -0.125006, -0.007635, -0.748655, 0.662916, -0.002831, -0.842678, -0.352093, -0.407337, -1.2e-05, 0.0, 0.0, 0.0, 1.0],
