{
    "animation": [
        {
            "name": "Root",
            "time": [0.0, 0.0167, 0.0333, 0.05, 0.0667, 0.0833, 0.1, 0.1167, 0.1333, 0.15, 0.1667, 0.1833, 0.2, 0.2167, 0.2333, 0.25, 0.2667, 0.2833, 0.3, 0.3167, 0.3333, 0.35, 0.3667, 0.3833, 0.4, 0.4167, 0.4333, 0.45, 0.4667, 0.4833, 0.5, 0.5167, 0.5333, 0.55, 0.5667, 0.5833, 0.6, 0.6167, 0.6333, 0.65, 0.6667, 0.6833, 0.7, 0.7167, 0.7333, 0.75, 0.7667, 0.7833, 0.8, 0.8167, 0.8333, 0.85, 0.8667, 0.8833, 0.9, 0.9167, 0.9333, 0.95, 0.9667, 0.9833, 1.0, 1.0167, 1.0333, 1.05, 1.0667, 1.0833, 1.1, 1.1167, 1.1333, 1.15, 1.1667, 1.1833, 1.2, 1.2167, 1.2333, 1.25, 1.2667, 1.2833, 1.3, 1.3167, 1.3333, 1.35, 1.3667, 1.3833, 1.4, 1.4167, 1.4333, 1.45, 1.4667, 1.4833, 1.5, 1.5167, 1.5333, 1.55, 1.5667, 1.5833, 1.6, 1.6167, 1.6333, 1.65, 1.6667],
            "transform": [
                [0.588919, 0.119407, -0.799322, -5e-06, -0.80813, 0.099242, -0.580583, 0.446185, 0.010001, 0.987873, 0.154941, 0.664461, 0.0, 0.0, 0.0, 1.0],
                [0.568148, 0.121774, -0.813867, -5e-06, -0.822865, 0.096188, -0.560037, 0.452383, 0.010087, 0.987886, 0.154853, 0.662444, 0.0, 0.0, 0.0, 1.0],
                [0.509336, 0.127883, -0.851013, -5e-06, -0.860506, 0.087512, -0.501868, 0.469874, 0.010294, 0.987921, 0.154617, 0.65697, 0.0, 0.0, 0.0, 1.0],
                [0.417029, 0.135885, -0.898678, -5e-06, -0.908832, 0.073811, -0.410581, 0.497003, 0.010541, 0.987971, 0.154278, 0.648904, 0.0, 0.0, 0.0, 1.0],
                [0.296745, 0.143813, -0.944066, -5e-06, -0.954896, 0.055814, -0.291647, 0.532116, 0.01075, 0.98803, 0.153889, 0.639108, 0.0, 0.0, 0.0, 1.0],
                [0.156114, 0.149968, -0.976288, -5e-06, -0.987679, 0.034574, -0.152625, 0.573557, 0.010866, 0.988086, 0.153518, 0.628448, 0.0, 0.0, 0.0, 1.0],
                [0.004311, 0.153207, -0.988185, -5e-06, -0.999932, 0.011393, -0.002596, 0.619671, 0.010861, 0.988128, 0.153246, 0.617789, 0.0, 0.0, 0.0, 1.0],
                [-0.149587, 0.153031, -0.976834, -5e-06, -0.98869, -0.012422, 0.149457, 0.668804, 0.010737, 0.988143, 0.153158, 0.607993, 0.0, 0.0, 0.0, 1.0],
                [-0.298254, 0.149472, -0.94271, -5e-06, -0.954429, -0.035817, 0.296282, 0.719301, 0.010521, 0.988117, 0.153342, 0.599926, 0.0, 0.0, 0.0, 1.0],
                [-0.437052, 0.142854, -0.88802, -5e-06, -0.899378, -0.058153, 0.433288, 0.769507, 0.010256, 0.988034, 0.153895, 0.594453, 0.0, 0.0, 0.0, 1.0],
                [-0.564112, 0.133512, -0.814832, -5e-06, -0.825637, -0.079256, 0.558607, 0.817767, 0.010001, 0.987873, 0.154941, 0.592436, 0.0, 0.0, 0.0, 1.0],
                [-0.687875, 0.120065, -0.71583, -5e-06, -0.725761, -0.100271, 0.6806, 0.862804, 0.00994, 0.987689, 0.156112, 0.592436, 0.0, 0.0, 0.0, 1.0],
                [-0.808711, 0.100399, -0.579574, -5e-06, -0.588118, -0.121001, 0.799673, 0.904852, 0.010157, 0.987562, 0.156901, 0.592436, 0.0, 0.0, 0.0, 1.0],
                [-0.911516, 0.074167, -0.404523, -5e-06, -0.411131, -0.139095, 0.900902, 0.944525, 0.01055, 0.987498, 0.15728, 0.592436, 0.0, 0.0, 0.0, 1.0],
                [-0.979587, 0.042192, -0.196546, -5e-06, -0.200723, -0.151885, 0.967803, 0.982435, 0.010981, 0.987497, 0.157254, 0.592436, 0.0, 0.0, 0.0, 1.0],
                [-0.999527, 0.006674, 0.030018, -5e-06, 0.028597, -0.157157, 0.98716, 1.019195, 0.011305, 0.987551, 0.156892, 0.592436, 0.0, 0.0, 0.0, 1.0],
                [-0.96646, -0.029213, 0.255151, -5e-06, 0.256564, -0.153995, 0.954181, 1.055418, 0.011418, 0.98764, 0.156325, 0.592436, 0.0, 0.0, 0.0, 1.0],
                [-0.886155, -0.062269, 0.459186, -5e-06, 0.463252, -0.14317, 0.874586, 1.091715, 0.011282, 0.987737, 0.155717, 0.592436, 0.0, 0.0, 0.0, 1.0],
                [-0.772459, -0.090225, 0.628622, -5e-06, 0.63497, -0.126778, 0.762063, 1.1287, 0.010939, 0.987819, 0.155221, 0.592436, 0.0, 0.0, 0.0, 1.0],
                [-0.641948, -0.11216, 0.758501, -5e-06, 0.766677, -0.107412, 0.632984, 1.166986, 0.010477, 0.987868, 0.154943, 0.592436, 0.0, 0.0, 0.0, 1.0],
                [-0.509196, -0.128324, 0.851031, -5e-06, 0.860593, -0.087406, 0.501738, 1.207185, 0.010001, 0.987873, 0.154941, 0.592436, 0.0, 0.0, 0.0, 1.0],
                [-0.371357, -0.140932, 0.917732, -5e-06, 0.928435, -0.067151, 0.365376, 1.249585, 0.010134, 0.987739, 0.155783, 0.594204, 0.0, 0.0, 0.0, 1.0],
                [-0.217988, -0.151307, 0.964151, -5e-06, 0.975885, -0.045292, 0.213533, 1.293178, 0.011359, 0.987449, 0.157531, 0.599004, 0.0, 0.0, 0.0, 1.0],
                [-0.051731, -0.158663, 0.985977, -5e-06, 0.99857, -0.021574, 0.04892, 1.336633, 0.013509, 0.987097, 0.159553, 0.606078, 0.0, 0.0, 0.0, 1.0],
                [0.120904, -0.16209, 0.979341, -5e-06, 0.992531, 0.003561, -0.121943, 1.378616, 0.016278, 0.98677, 0.161309, 0.614668, 0.0, 0.0, 0.0, 1.0],
                [0.289848, -0.160915, 0.943448, -5e-06, 0.956881, 0.028983, -0.289032, 1.417796, 0.019166, 0.986543, 0.162377, 0.624016, 0.0, 0.0, 0.0, 1.0],
                [0.443278, -0.155102, 0.882864, -5e-06, 0.896127, 0.05307, -0.440614, 1.452839, 0.021487, 0.986472, 0.162516, 0.633363, 0.0, 0.0, 0.0, 1.0],
                [0.570533, -0.14547, 0.808288, -5e-06, 0.820968, 0.074113, -0.566144, 1.482415, 0.022453, 0.986583, 0.16171, 0.641953, 0.0, 0.0, 0.0, 1.0],
                [0.664639, -0.133608, 0.735122, -5e-06, 0.746862, 0.090771, -0.658755, 1.50519, 0.021287, 0.986869, 0.160117, 0.649027, 0.0, 0.0, 0.0, 1.0],
                [0.722632, -0.121498, 0.680472, -5e-06, 0.691016, 0.102317, -0.715561, 1.519832, 0.017315, 0.987304, 0.157894, 0.653827, 0.0, 0.0, 0.0, 1.0],
                [0.743051, -0.111033, 0.65996, -5e-06, 0.669161, 0.108529, -0.73515, 1.525008, 0.010001, 0.987873, 0.154941, 0.655595, 0.0, 0.0, 0.0, 1.0],
                [0.743538, -0.101978, 0.660872, -5e-06, 0.668693, 0.111382, -0.735149, 1.525008, 0.00136, 0.988532, 0.151008, 0.655204, 0.0, 0.0, 0.0, 1.0],
                [0.74376, -0.093142, 0.661926, -5e-06, 0.668417, 0.113031, -0.735148, 1.525008, -0.006345, 0.989216, 0.146326, 0.654143, 0.0, 0.0, 0.0, 1.0],
                [0.743769, -0.084658, 0.663055, -5e-06, 0.668308, 0.113692, -0.735145, 1.525008, -0.013148, 0.989902, 0.141139, 0.65258, 0.0, 0.0, 0.0, 1.0],
                [0.743615, -0.076661, 0.664199, -5e-06, 0.668336, 0.113579, -0.735138, 1.525008, -0.019083, 0.990567, 0.135695, 0.650681, 0.0, 0.0, 0.0, 1.0],
                [0.743351, -0.069284, 0.665303, -5e-06, 0.668464, 0.112905, -0.735125, 1.525008, -0.024184, 0.991187, 0.130242, 0.648615, 0.0, 0.0, 0.0, 1.0],
                [0.743028, -0.062661, 0.66632, -5e-06, 0.668654, 0.111882, -0.735109, 1.525008, -0.028486, 0.991744, 0.12503, 0.646549, 0.0, 0.0, 0.0, 1.0],
                [0.742696, -0.056927, 0.667205, -5e-06, 0.668863, 0.110722, -0.735094, 1.525008, -0.032027, 0.99222, 0.120309, 0.644651, 0.0, 0.0, 0.0, 1.0],
                [0.742403, -0.052217, 0.667915, -5e-06, 0.669047, 0.109635, -0.735089, 1.525008, -0.034843, 0.992599, 0.116329, 0.643088, 0.0, 0.0, 0.0, 1.0],
                [0.742197, -0.048667, 0.668412, -5e-06, 0.669161, 0.108834, -0.735104, 1.525008, -0.036971, 0.992868, 0.113342, 0.642027, 0.0, 0.0, 0.0, 1.0],
                [0.742123, -0.046411, 0.668656, -5e-06, 0.669161, 0.108529, -0.73515, 1.525008, -0.03845, 0.993009, 0.111599, 0.641636, 0.0, 0.0, 0.0, 1.0],
                [0.742129, -0.044877, 0.668753, 5e-05, 0.669086, 0.108551, -0.735215, 1.525042, -0.039599, 0.993077, 0.110586, 0.641636, 0.0, 0.0, 0.0, 1.0],
                [0.742139, -0.043401, 0.66884, 0.00021, 0.669009, 0.108587, -0.73528, 1.525141, -0.040715, 0.993139, 0.109623, 0.641638, 0.0, 0.0, 0.0, 1.0],
                [0.742151, -0.041982, 0.668916, 0.000473, 0.668928, 0.108639, -0.735345, 1.525305, -0.041799, 0.993194, 0.108709, 0.641644, 0.0, 0.0, 0.0, 1.0],
                [0.742167, -0.040618, 0.668983, 0.000835, 0.668844, 0.108703, -0.735412, 1.525531, -0.04285, 0.993244, 0.107843, 0.641655, 0.0, 0.0, 0.0, 1.0],
                [0.742187, -0.039308, 0.669039, 0.001292, 0.668756, 0.108781, -0.735481, 1.525818, -0.043869, 0.993288, 0.107023, 0.641673, 0.0, 0.0, 0.0, 1.0],
                [0.742211, -0.03805, 0.669086, 0.001841, 0.668664, 0.10887, -0.735552, 1.526163, -0.044856, 0.993327, 0.106247, 0.6417, 0.0, 0.0, 0.0, 1.0],
                [0.74224, -0.036845, 0.669121, 0.002476, 0.668567, 0.108971, -0.735625, 1.526565, -0.045811, 0.993362, 0.105516, 0.641738, 0.0, 0.0, 0.0, 1.0],
                [0.742274, -0.035689, 0.669145, 0.003196, 0.668465, 0.109082, -0.735701, 1.527022, -0.046735, 0.993392, 0.104826, 0.641789, 0.0, 0.0, 0.0, 1.0],
                [0.742314, -0.034583, 0.669159, 0.003996, 0.668357, 0.109202, -0.735781, 1.527531, -0.047628, 0.993418, 0.104176, 0.641854, 0.0, 0.0, 0.0, 1.0],
                [0.74236, -0.033525, 0.669162, 0.004872, 0.668244, 0.109331, -0.735864, 1.528092, -0.04849, 0.99344, 0.103566, 0.641935, 0.0, 0.0, 0.0, 1.0],
                [0.742412, -0.032514, 0.669154, 0.005821, 0.668125, 0.109468, -0.735952, 1.528702, -0.049322, 0.993458, 0.102993, 0.642034, 0.0, 0.0, 0.0, 1.0],
                [0.742472, -0.031548, 0.669134, 0.006839, 0.667999, 0.109611, -0.736045, 1.52936, -0.050124, 0.993474, 0.102457, 0.642153, 0.0, 0.0, 0.0, 1.0],
                [0.742539, -0.030626, 0.669103, 0.007922, 0.667867, 0.109761, -0.736143, 1.530063, -0.050896, 0.993486, 0.101956, 0.642293, 0.0, 0.0, 0.0, 1.0],
                [0.742613, -0.029747, 0.66906, 0.009067, 0.667727, 0.109916, -0.736247, 1.53081, -0.051639, 0.993496, 0.101488, 0.642457, 0.0, 0.0, 0.0, 1.0],
                [0.742696, -0.02891, 0.669005, 0.010269, 0.667579, 0.110076, -0.736357, 1.531598, -0.052353, 0.993503, 0.101053, 0.642646, 0.0, 0.0, 0.0, 1.0],
                [0.742787, -0.028113, 0.668937, 0.011526, 0.667424, 0.110239, -0.736473, 1.532427, -0.053039, 0.993507, 0.100648, 0.642862, 0.0, 0.0, 0.0, 1.0],
                [0.742887, -0.027356, 0.668858, 0.012833, 0.66726, 0.110406, -0.736597, 1.533293, -0.053696, 0.99351, 0.100272, 0.643106, 0.0, 0.0, 0.0, 1.0],
                [0.742996, -0.026636, 0.668766, 0.014186, 0.667088, 0.110574, -0.736727, 1.534196, -0.054324, 0.993511, 0.099924, 0.643381, 0.0, 0.0, 0.0, 1.0],
                [0.743114, -0.025953, 0.668661, 0.015582, 0.666906, 0.110743, -0.736866, 1.535133, -0.054926, 0.99351, 0.099603, 0.643688, 0.0, 0.0, 0.0, 1.0],
                [0.743243, -0.025305, 0.668543, 0.017018, 0.666716, 0.110913, -0.737013, 1.536103, -0.0555, 0.993508, 0.099307, 0.64403, 0.0, 0.0, 0.0, 1.0],
                [0.743382, -0.024692, 0.668412, 0.018488, 0.666515, 0.111082, -0.737169, 1.537104, -0.056046, 0.993504, 0.099034, 0.644407, 0.0, 0.0, 0.0, 1.0],
                [0.743531, -0.024111, 0.668267, 0.019991, 0.666305, 0.11125, -0.737334, 1.538133, -0.056567, 0.9935, 0.098783, 0.644822, 0.0, 0.0, 0.0, 1.0],
                [0.743691, -0.023562, 0.668108, 0.021521, 0.666084, 0.111415, -0.737509, 1.539189, -0.05706, 0.993495, 0.098553, 0.645277, 0.0, 0.0, 0.0, 1.0],
                [0.743863, -0.023043, 0.667935, 0.023076, 0.665852, 0.111578, -0.737693, 1.54027, -0.057528, 0.993488, 0.098342, 0.645773, 0.0, 0.0, 0.0, 1.0],
                [0.744046, -0.022553, 0.667748, 0.024651, 0.665609, 0.111737, -0.737888, 1.541374, -0.05797, 0.993482, 0.098149, 0.646312, 0.0, 0.0, 0.0, 1.0],
                [0.744241, -0.022091, 0.667546, 0.026243, 0.665355, 0.111892, -0.738095, 1.5425, -0.058387, 0.993475, 0.097973, 0.646896, 0.0, 0.0, 0.0, 1.0],
                [0.744448, -0.021656, 0.667329, 0.027848, 0.665088, 0.11204, -0.738312, 1.543646, -0.058779, 0.993468, 0.097811, 0.647527, 0.0, 0.0, 0.0, 1.0],
                [0.744667, -0.021246, 0.667098, 0.029463, 0.66481, 0.112183, -0.738541, 1.544808, -0.059146, 0.99346, 0.097663, 0.648206, 0.0, 0.0, 0.0, 1.0],
                [0.7449, -0.020859, 0.66685, 0.031082, 0.664519, 0.112319, -0.738782, 1.545987, -0.059489, 0.993453, 0.097528, 0.648935, 0.0, 0.0, 0.0, 1.0],
                [0.745145, -0.020496, 0.666587, 0.032704, 0.664215, 0.112446, -0.739036, 1.54718, -0.059808, 0.993446, 0.097403, 0.649716, 0.0, 0.0, 0.0, 1.0],
                [0.745405, -0.020154, 0.666308, 0.034324, 0.663897, 0.112565, -0.739303, 1.548384, -0.060103, 0.99344, 0.097287, 0.650552, 0.0, 0.0, 0.0, 1.0],
                [0.745677, -0.019832, 0.666012, 0.035938, 0.663566, 0.112675, -0.739584, 1.549599, -0.060375, 0.993434, 0.097179, 0.651443, 0.0, 0.0, 0.0, 1.0],
                [0.745964, -0.019529, 0.6657, 0.037543, 0.663221, 0.112774, -0.739878, 1.550822, -0.060624, 0.993429, 0.097077, 0.652391, 0.0, 0.0, 0.0, 1.0],
                [0.746265, -0.019244, 0.665371, 0.039135, 0.662862, 0.112861, -0.740187, 1.552052, -0.060851, 0.993424, 0.096981, 0.653399, 0.0, 0.0, 0.0, 1.0],
                [0.746581, -0.018975, 0.665024, 0.040711, 0.662487, 0.112937, -0.740511, 1.553286, -0.061055, 0.993421, 0.096888, 0.654467, 0.0, 0.0, 0.0, 1.0],
                [0.746912, -0.018722, 0.66466, 0.042265, 0.662098, 0.113, -0.740849, 1.554523, -0.061237, 0.993419, 0.096797, 0.655599, 0.0, 0.0, 0.0, 1.0],
                [0.747257, -0.018482, 0.664278, 0.043796, 0.661692, 0.113049, -0.741204, 1.55576, -0.061397, 0.993417, 0.096706, 0.656795, 0.0, 0.0, 0.0, 1.0],
                [0.747619, -0.018255, 0.663877, 0.045298, 0.661271, 0.113084, -0.741574, 1.556997, -0.061537, 0.993418, 0.096615, 0.658058, 0.0, 0.0, 0.0, 1.0],
                [0.747995, -0.018039, 0.663459, 0.046769, 0.660834, 0.113104, -0.741961, 1.558231, -0.061655, 0.993419, 0.096522, 0.659389, 0.0, 0.0, 0.0, 1.0],
                [0.748389, -0.017834, 0.663021, 0.048204, 0.66038, 0.113107, -0.742365, 1.55946, -0.061753, 0.993423, 0.096425, 0.66079, 0.0, 0.0, 0.0, 1.0],
                [0.748798, -0.017637, 0.662564, 0.049601, 0.659908, 0.113093, -0.742786, 1.560683, -0.061831, 0.993428, 0.096323, 0.662263, 0.0, 0.0, 0.0, 1.0],
                [0.749224, -0.017448, 0.662087, 0.050954, 0.659419, 0.113062, -0.743225, 1.561897, -0.061889, 0.993435, 0.096214, 0.663809, 0.0, 0.0, 0.0, 1.0],
                [0.749666, -0.017266, 0.661591, 0.052261, 0.658912, 0.113011, -0.743682, 1.563101, -0.061927, 0.993444, 0.096098, 0.665431, 0.0, 0.0, 0.0, 1.0],
                [0.750126, -0.017089, 0.661074, 0.053517, 0.658387, 0.112942, -0.744158, 1.564293, -0.061946, 0.993455, 0.095972, 0.66713, 0.0, 0.0, 0.0, 1.0],
                [0.750603, -0.016916, 0.660536, 0.05472, 0.657843, 0.112852, -0.744652, 1.565471, -0.061946, 0.993468, 0.095835, 0.668908, 0.0, 0.0, 0.0, 1.0],
                [0.751098, -0.016745, 0.659978, 0.055864, 0.65728, 0.11274, -0.745166, 1.566633, -0.061928, 0.993483, 0.095685, 0.670767, 0.0, 0.0, 0.0, 1.0],
                [0.751611, -0.016576, 0.659399, 0.056948, 0.656697, 0.112607, -0.7457, 1.567777, -0.061892, 0.993501, 0.095522, 0.672708, 0.0, 0.0, 0.0, 1.0],
                [0.752142, -0.016408, 0.658797, 0.057966, 0.656094, 0.112451, -0.746255, 1.568901, -0.061838, 0.993522, 0.095344, 0.674734, 0.0, 0.0, 0.0, 1.0],
                [0.752691, -0.016238, 0.658174, 0.058915, 0.65547, 0.112271, -0.746829, 1.570004, -0.061767, 0.993545, 0.095149, 0.676846, 0.0, 0.0, 0.0, 1.0],
                [0.753259, -0.016066, 0.657528, 0.059791, 0.654826, 0.112067, -0.747425, 1.571084, -0.061678, 0.993571, 0.094936, 0.679046, 0.0, 0.0, 0.0, 1.0],
                [0.753846, -0.015891, 0.656859, 0.060591, 0.65416, 0.111837, -0.748042, 1.572139, -0.061574, 0.9936, 0.094703, 0.681336, 0.0, 0.0, 0.0, 1.0],
                [0.754452, -0.015712, 0.656167, 0.06131, 0.653472, 0.11158, -0.748681, 1.573166, -0.061452, 0.993631, 0.094449, 0.683717, 0.0, 0.0, 0.0, 1.0],
                [0.755078, -0.015526, 0.655451, 0.061946, 0.652762, 0.111297, -0.749343, 1.574165, -0.061315, 0.993666, 0.094173, 0.686192, 0.0, 0.0, 0.0, 1.0],
                [0.755723, -0.015334, 0.654712, 0.062494, 0.652029, 0.110985, -0.750027, 1.575133, -0.061163, 0.993704, 0.093872, 0.688762, 0.0, 0.0, 0.0, 1.0],
                [0.756388, -0.015133, 0.653948, 0.062951, 0.651273, 0.110644, -0.750734, 1.576068, -0.060995, 0.993745, 0.093546, 0.691429, 0.0, 0.0, 0.0, 1.0],
                [0.757074, -0.014923, 0.653158, 0.063313, 0.650492, 0.110274, -0.751465, 1.576969, -0.060812, 0.993789, 0.093193, 0.694194, 0.0, 0.0, 0.0, 1.0],
                [0.75778, -0.014702, 0.652344, 0.063576, 0.649688, 0.109873, -0.752219, 1.577833, -0.060615, 0.993837, 0.092811, 0.697061, 0.0, 0.0, 0.0, 1.0],
                [0.758507, -0.01447, 0.651504, 0.063737, 0.648859, 0.10944, -0.752997, 1.578659, -0.060405, 0.993888, 0.0924, 0.700029, 0.0, 0.0, 0.0, 1.0],
                [0.759255, -0.014224, 0.650638, 0.063791, 0.648005, 0.108974, -0.7538, 1.579445, -0.06018, 0.993943, 0.091956, 0.703102, 0.0, 0.0, 0.0, 1.0],
                [0.78635, 0.0, 0.617782, 0.060045, 0.613357, 0.119463, -0.780718, 1.579949, -0.073802, 0.992839, 0.09394, 0.708783, 0.0, 0.0, 0.0, 1.0]
            ]
        },
        {
            "name": "Thigh_R",
            "time": [0.0, 0.0167, 0.0333, 0.05, 0.0667, 0.0833, 0.1, 0.1167, 0.1333, 0.15, 0.1667, 0.1833, 0.2, 0.2167, 0.2333, 0.25, 0.2667, 0.2833, 0.3, 0.3167, 0.3333, 0.35, 0.3667, 0.3833, 0.4, 0.4167, 0.4333, 0.45, 0.4667, 0.4833, 0.5, 0.5167, 0.5333, 0.55, 0.5667, 0.5833, 0.6, 0.6167, 0.6333, 0.65, 0.6667, 0.6833, 0.7, 0.7167, 0.7333, 0.75, 0.7667, 0.7833, 0.8, 0.8167, 0.8333, 0.85, 0.8667, 0.8833, 0.9, 0.9167, 0.9333, 0.95, 0.9667, 0.9833, 1.0, 1.0167, 1.0333, 1.05, 1.0667, 1.0833, 1.1, 1.1167, 1.1333, 1.15, 1.1667, 1.1833, 1.2, 1.2167, 1.2333, 1.25, 1.2667, 1.2833, 1.3, 1.3167, 1.3333, 1.35, 1.3667, 1.3833, 1.4, 1.4167, 1.4333, 1.45, 1.4667, 1.4833, 1.5, 1.5167, 1.5333, 1.55, 1.5667, 1.5833, 1.6, 1.6167, 1.6333, 1.65, 1.6667],
            "transform": [
                [0.964807, 0.209923, -0.158363, 0.124994, 0.261753, -0.824271, 0.502057, -0.002831, -0.025141, -0.525839, -0.850212, -1.2e-05, 0.0, 0.0, 0.0, 1.0],
                [0.961967, 0.214325, -0.169365, 0.124994, 0.271467, -0.819107, 0.50534, -0.002831, -0.030421, -0.532096, -0.846137, -1.2e-05, 0.0, 0.0, 0.0, 1.0],
                [0.95346, 0.227572, -0.197799, 0.124994, 0.29857, -0.804118, 0.51405, -0.002831, -0.04207, -0.549182, -0.834642, -1.2e-05, 0.0, 0.0, 0.0, 1.0],
                [0.939262, 0.249806, -0.235337, 0.124994, 0.339294, -0.779056, 0.52721, -0.002831, -0.05164, -0.575036, -0.816496, -1.2e-05, 0.0, 0.0, 0.0, 1.0],
                [0.920168, 0.279654, -0.274014, 0.124994, 0.388111, -0.743714, 0.544296, -0.002831, -0.051574, -0.607191, -0.79288, -1.2e-05, 0.0, 0.0, 0.0, 1.0],
                [0.898219, 0.312918, -0.308683, 0.124994, 0.437731, -0.700602, 0.563514, -0.002831, -0.03993, -0.641278, -0.766268, -1.2e-05, 0.0, 0.0, 0.0, 1.0],
                [0.890405, 0.314645, -0.3289, 0.124994, 0.454828, -0.642954, 0.616232, -0.002831, -0.017573, -0.698288, -0.7156, -1.2e-05, 0.0, 0.0, 0.0, 1.0],
                [0.896115, 0.2932, -0.333185, 0.124994, 0.443808, -0.586064, 0.677911, -0.002831, 0.003496, -0.755354, -0.655306, -1.2e-05, 0.0, 0.0, 0.0, 1.0],
                [0.897381, 0.304699, -0.319162, 0.124994, 0.440517, -0.576796, 0.687932, -0.00283, 0.025521, -0.757933, -0.651832, -1.2e-05, 0.0, 0.0, 0.0, 1.0],
                [0.882251, 0.371406, -0.289292, 0.124994, 0.467551, -0.619415, 0.630651, -0.002831, 0.055035, -0.69165, -0.720132, -1.2e-05, 0.0, 0.0, 0.0, 1.0],
                [0.846949, 0.473097, -0.242602, 0.124994, 0.523632, -0.663178, 0.534792, -0.002831, 0.09212, -0.579975, -0.809408, -1.2e-05, 0.0, 0.0, 0.0, 1.0],
                [0.801134, 0.561896, -0.206046, 0.124994, 0.585313, -0.663773, 0.465631, -0.002831, 0.124868, -0.493634, -0.860658, -1.2e-05, 0.0, 0.0, 0.0, 1.0],
                [0.757605, 0.617845, -0.210482, 0.124994, 0.636827, -0.628965, 0.445929, -0.002831, 0.143129, -0.471878, -0.869968, -1.2e-05, 0.0, 0.0, 0.0, 1.0],
                [0.726478, 0.63618, -0.259814, 0.124994, 0.671892, -0.578248, 0.462807, -0.002831, 0.144192, -0.510785, -0.84753, -1.2e-05, 0.0, 0.0, 0.0, 1.0],
                [0.710693, 0.613229, -0.344769, 0.124994, 0.692515, -0.523544, 0.496308, -0.002831, 0.123849, -0.591479, -0.796752, -1.2e-05, 0.0, 0.0, 0.0, 1.0],
                [0.700335, 0.55586, -0.447829, 0.124994, 0.709508, -0.473262, 0.522131, -0.002831, 0.078291, -0.683403, -0.72583, -1.2e-05, 0.0, 0.0, 0.0, 1.0],
                [0.68833, 0.472937, -0.55003, 0.124994, 0.725233, -0.432501, 0.535703, -0.002831, 0.015465, -0.767639, -0.640694, -1.2e-05, 0.0, 0.0, 0.0, 1.0],
                [0.680575, 0.377935, -0.62768, 0.124994, 0.731505, -0.398952, 0.552934, -0.002831, -0.041441, -0.835463, -0.54798, -1.2e-05, 0.0, 0.0, 0.0, 1.0],
                [0.689531, 0.292538, -0.662546, 0.124994, 0.720214, -0.373463, 0.584651, -0.002831, -0.076404, -0.880309, -0.468205, -1.2e-05, 0.0, 0.0, 0.0, 1.0],
                [0.723633, 0.251597, -0.642693, 0.124994, 0.685813, -0.366759, 0.628608, -0.002831, -0.077558, -0.895647, -0.437948, -1.2e-05, 0.0, 0.0, 0.0, 1.0],
                [0.794578, 0.303508, -0.525861, 0.124994, 0.60627, -0.443543, 0.66008, -0.002831, -0.032902, -0.843297, -0.536438, -1.2e-05, 0.0, 0.0, 0.0, 1.0],
                [0.852649, 0.409089, -0.325015, 0.124994, 0.520971, -0.618356, 0.588408, -0.002831, 0.039736, -0.671027, -0.740366, -1.2e-05, 0.0, 0.0, 0.0, 1.0],
                [0.866207, 0.486887, -0.112363, 0.124994, 0.48722, -0.773053, 0.406206, -0.002831, 0.110914, -0.406604, -0.906847, -1.2e-05, 0.0, 0.0, 0.0, 1.0],
                [0.853458, 0.513633, 0.088255, 0.124994, 0.489153, -0.847903, 0.20442, -0.002831, 0.179829, -0.131294, -0.974897, -1.2e-05, 0.0, 0.0, 0.0, 1.0],
                [0.838407, 0.506687, 0.200854, 0.124994, 0.479284, -0.860842, 0.17099, -0.00283, 0.259543, -0.047093, -0.964583, -1.2e-05, 0.0, 0.0, 0.0, 1.0],
                [0.830414, 0.519939, 0.200183, 0.124994, 0.428009, -0.825358, 0.368227, -0.002831, 0.356679, -0.220101, -0.90793, -1.2e-05, 0.0, 0.0, 0.0, 1.0],
                [0.82166, 0.518147, 0.237481, 0.124994, 0.353727, -0.790257, 0.500369, -0.002831, 0.446936, -0.327129, -0.832607, -1.2e-05, 0.0, 0.0, 0.0, 1.0],
                [0.814154, 0.50712, 0.28281, 0.124994, 0.276062, -0.766551, 0.579816, -0.002831, 0.510825, -0.393986, -0.764089, -1.2e-05, 0.0, 0.0, 0.0, 1.0],
                [0.810639, 0.491808, 0.317786, 0.124994, 0.214379, -0.754312, 0.620526, -0.002831, 0.544891, -0.434895, -0.71691, -1.2e-05, 0.0, 0.0, 0.0, 1.0],
                [0.810136, 0.480374, 0.336034, 0.124994, 0.178557, -0.748157, 0.639043, -0.002831, 0.558387, -0.45771, -0.691885, -1.2e-05, 0.0, 0.0, 0.0, 1.0],
                [0.80925, 0.481236, 0.336936, 0.124994, 0.1723, -0.742748, 0.647021, -0.00283, 0.561629, -0.465547, -0.683988, -1.2e-05, 0.0, 0.0, 0.0, 1.0],
                [0.807074, 0.490559, 0.328607, 0.124994, 0.18191, -0.736048, 0.652029, -0.002831, 0.56173, -0.466458, -0.683284, -1.2e-05, 0.0, 0.0, 0.0, 1.0],
                [0.804781, 0.500056, 0.319797, 0.124994, 0.191323, -0.728546, 0.657735, -0.002831, 0.561892, -0.468147, -0.681994, -1.2e-05, 0.0, 0.0, 0.0, 1.0],
                [0.802439, 0.509392, 0.310822, 0.124993, 0.20039, -0.72065, 0.663706, -0.002831, 0.562081, -0.470298, -0.680356, -1.2e-05, 0.0, 0.0, 0.0, 1.0],
                [0.800122, 0.518273, 0.301988, 0.124994, 0.208956, -0.712741, 0.66958, -0.002831, 0.562265, -0.472642, -0.678578, -1.2e-05, 0.0, 0.0, 0.0, 1.0],
                [0.797902, 0.526448, 0.293605, 0.124994, 0.216871, -0.705175, 0.67505, -0.00283, 0.562422, -0.474949, -0.676834, -1.2e-05, 0.0, 0.0, 0.0, 1.0],
                [0.795855, 0.533709, 0.285954, 0.124994, 0.223981, -0.698269, 0.679891, -0.002831, 0.562537, -0.477045, -0.675263, -1.2e-05, 0.0, 0.0, 0.0, 1.0],
                [0.794054, 0.539871, 0.279314, 0.124994, 0.230131, -0.692316, 0.683913, -0.002831, 0.562599, -0.478784, -0.673979, -1.2e-05, 0.0, 0.0, 0.0, 1.0],
                [0.792576, 0.54477, 0.27395, 0.124994, 0.235164, -0.687588, 0.686964, -0.002831, 0.562602, -0.480047, -0.673077, -1.2e-05, 0.0, 0.0, 0.0, 1.0],
                [0.791494, 0.548244, 0.270121, 0.124994, 0.238922, -0.684348, 0.688899, -0.002831, 0.562542, -0.480721, -0.672646, -1.2e-05, 0.0, 0.0, 0.0, 1.0],
                [0.790879, 0.550128, 0.268083, 0.124994, 0.241247, -0.682856, 0.689569, -0.002831, 0.562415, -0.48069, -0.672774, -1.2e-05, 0.0, 0.0, 0.0, 1.0],
                [0.79058, 0.551077, 0.267016, 0.124994, 0.242681, -0.682296, 0.689621, -0.002831, 0.562219, -0.4804, -0.673146, -1.1e-05, 0.0, 0.0, 0.0, 1.0],
                [0.790398, 0.551863, 0.265927, 0.124994, 0.243871, -0.68168, 0.689812, -0.00283, 0.561959, -0.480373, -0.673383, -1.2e-05, 0.0, 0.0, 0.0, 1.0],
                [0.790333, 0.552487, 0.264822, 0.124994, 0.244826, -0.681017, 0.690127, -0.002831, 0.561635, -0.480594, -0.673494, -1.2e-05, 0.0, 0.0, 0.0, 1.0],
                [0.790381, 0.552951, 0.263707, 0.124994, 0.245551, -0.680317, 0.690559, -0.002831, 0.56125, -0.481051, -0.673489, -1.2e-05, 0.0, 0.0, 0.0, 1.0],
                [0.79054, 0.553257, 0.262586, 0.124994, 0.246054, -0.679589, 0.691097, -0.002831, 0.560806, -0.481729, -0.673374, -1.2e-05, 0.0, 0.0, 0.0, 1.0],
                [0.790808, 0.553404, 0.261469, 0.124994, 0.246341, -0.67884, 0.691731, -0.002831, 0.560303, -0.482614, -0.673159, -1.2e-05, 0.0, 0.0, 0.0, 1.0],
                [0.79118, 0.553394, 0.260362, 0.124994, 0.246419, -0.678082, 0.692447, -0.002831, 0.559743, -0.483691, -0.672853, -1.2e-05, 0.0, 0.0, 0.0, 1.0],
                [0.791653, 0.553228, 0.259272, 0.124994, 0.246294, -0.677323, 0.693233, -0.002831, 0.559127, -0.484943, -0.672463, -1.2e-05, 0.0, 0.0, 0.0, 1.0],
                [0.792227, 0.552905, 0.258207, 0.124994, 0.245972, -0.676572, 0.69408, -0.002831, 0.558457, -0.486356, -0.671999, -1.2e-05, 0.0, 0.0, 0.0, 1.0],
                [0.792896, 0.552428, 0.257173, 0.124994, 0.245461, -0.675838, 0.694975, -0.002831, 0.557732, -0.487916, -0.67147, -1.2e-05, 0.0, 0.0, 0.0, 1.0],
                [0.793657, 0.551798, 0.256178, 0.124994, 0.244766, -0.67513, 0.695909, -0.002831, 0.556955, -0.489608, -0.670883, -1.2e-05, 0.0, 0.0, 0.0, 1.0],
                [0.794506, 0.551014, 0.255229, 0.124994, 0.243893, -0.674456, 0.696867, -0.002831, 0.556126, -0.491416, -0.670249, -1.2e-05, 0.0, 0.0, 0.0, 1.0],
                [0.795441, 0.550079, 0.254334, 0.124994, 0.24285, -0.673824, 0.697842, -0.002831, 0.555245, -0.493326, -0.669575, -1.2e-05, 0.0, 0.0, 0.0, 1.0],
                [0.796457, 0.548994, 0.253496, 0.124994, 0.241643, -0.673242, 0.698823, -0.002831, 0.554314, -0.495326, -0.66887, -1.2e-05, 0.0, 0.0, 0.0, 1.0],
                [0.797551, 0.54776, 0.252727, 0.124994, 0.240278, -0.672721, 0.699795, -0.002831, 0.553334, -0.497396, -0.668145, -1.2e-05, 0.0, 0.0, 0.0, 1.0],
                [0.798718, 0.546378, 0.252029, 0.124994, 0.238761, -0.672266, 0.70075, -0.002831, 0.552305, -0.499527, -0.667406, -1.2e-05, 0.0, 0.0, 0.0, 1.0],
                [0.799956, 0.544852, 0.25141, 0.124994, 0.2371, -0.671885, 0.701679, -0.002831, 0.55123, -0.501702, -0.666664, -1.2e-05, 0.0, 0.0, 0.0, 1.0],
                [0.801259, 0.54318, 0.250876, 0.124994, 0.235301, -0.671587, 0.702568, -0.002831, 0.550106, -0.503907, -0.665927, -1.2e-05, 0.0, 0.0, 0.0, 1.0],
                [0.802624, 0.541368, 0.250429, 0.124994, 0.233371, -0.671378, 0.703413, -0.002831, 0.548938, -0.506132, -0.665204, -1.2e-05, 0.0, 0.0, 0.0, 1.0],
                [0.804046, 0.539416, 0.250077, 0.124994, 0.231316, -0.671265, 0.704198, -0.00283, 0.547724, -0.508359, -0.664506, -1.2e-05, 0.0, 0.0, 0.0, 1.0],
                [0.805523, 0.537327, 0.249824, 0.124994, 0.229144, -0.671257, 0.704915, -0.002831, 0.546467, -0.510578, -0.663839, -1.2e-05, 0.0, 0.0, 0.0, 1.0],
                [0.807049, 0.535102, 0.249675, 0.124994, 0.226862, -0.67136, 0.705556, -0.002831, 0.545166, -0.512775, -0.663215, -1.2e-05, 0.0, 0.0, 0.0, 1.0],
                [0.808619, 0.532745, 0.249632, 0.124994, 0.224476, -0.671581, 0.706108, -0.002831, 0.543825, -0.514935, -0.662643, -1.2e-05, 0.0, 0.0, 0.0, 1.0],
                [0.810231, 0.530259, 0.249698, 0.124994, 0.221994, -0.671925, 0.706565, -0.002831, 0.542442, -0.517049, -0.66213, -1.2e-05, 0.0, 0.0, 0.0, 1.0],
                [0.811881, 0.527645, 0.249879, 0.124994, 0.219424, -0.6724, 0.706916, -0.002831, 0.54102, -0.519101, -0.661688, -1.2e-05, 0.0, 0.0, 0.0, 1.0],
                [0.813563, 0.524906, 0.250175, 0.124994, 0.216773, -0.673012, 0.707151, -0.002831, 0.539559, -0.52108, -0.661325, -1.2e-05, 0.0, 0.0, 0.0, 1.0],
                [0.815274, 0.522047, 0.250589, 0.124993, 0.214048, -0.673768, 0.707262, -0.002831, 0.538063, -0.522973, -0.66105, -1.2e-05, 0.0, 0.0, 0.0, 1.0],
                [0.817009, 0.519069, 0.251123, 0.124994, 0.211257, -0.674673, 0.707238, -0.002831, 0.536532, -0.524768, -0.660872, -1.2e-05, 0.0, 0.0, 0.0, 1.0],
                [0.818765, 0.515974, 0.251779, 0.124994, 0.208409, -0.675735, 0.70707, -0.002831, 0.534966, -0.52645, -0.660803, -1.2e-05, 0.0, 0.0, 0.0, 1.0],
                [0.820538, 0.512768, 0.252558, 0.124994, 0.20551, -0.676958, 0.706747, -0.002831, 0.533369, -0.528009, -0.66085, -1.2e-05, 0.0, 0.0, 0.0, 1.0],
                [0.822323, 0.509451, 0.253461, 0.124993, 0.202569, -0.67835, 0.706262, -0.002831, 0.531742, -0.529432, -0.661023, -1.2e-05, 0.0, 0.0, 0.0, 1.0],
                [0.824118, 0.506028, 0.254488, 0.124994, 0.199595, -0.679914, 0.705605, -0.002831, 0.530086, -0.530706, -0.661331, -1.2e-05, 0.0, 0.0, 0.0, 1.0],
                [0.825917, 0.502501, 0.25564, 0.124994, 0.196594, -0.681659, 0.704762, -0.002831, 0.528404, -0.531817, -0.661784, -1.2e-05, 0.0, 0.0, 0.0, 1.0],
                [0.827718, 0.498874, 0.256917, 0.124994, 0.193576, -0.683589, 0.703728, -0.002831, 0.526698, -0.532755, -0.662391, -1.2e-05, 0.0, 0.0, 0.0, 1.0],
                [0.829517, 0.495148, 0.258319, 0.124994, 0.19055, -0.685711, 0.702488, -0.002831, 0.524969, -0.533502, -0.663161, -1.1e-05, 0.0, 0.0, 0.0, 1.0],
                [0.83131, 0.491329, 0.259845, 0.124994, 0.187523, -0.688029, 0.701035, -0.002831, 0.52322, -0.534049, -0.664102, -1.2e-05, 0.0, 0.0, 0.0, 1.0],
                [0.833093, 0.487415, 0.261496, 0.124994, 0.184503, -0.690552, 0.699353, -0.002831, 0.521453, -0.534379, -0.665226, -1.2e-05, 0.0, 0.0, 0.0, 1.0],
                [0.834866, 0.483412, 0.263271, 0.124994, 0.1815, -0.693283, 0.697434, -0.002831, 0.51967, -0.534479, -0.666539, -1.2e-05, 0.0, 0.0, 0.0, 1.0],
                [0.836622, 0.479321, 0.265169, 0.124994, 0.178523, -0.69623, 0.695265, -0.002831, 0.517874, -0.534333, -0.668052, -1.2e-05, 0.0, 0.0, 0.0, 1.0],
                [0.838359, 0.475143, 0.267191, 0.124993, 0.17558, -0.6994, 0.692827, -0.002831, 0.516066, -0.533924, -0.669776, -1.2e-05, 0.0, 0.0, 0.0, 1.0],
                [0.840076, 0.470881, 0.269336, 0.124994, 0.172678, -0.702797, 0.690114, -0.002831, 0.514251, -0.533239, -0.671715, -1.2e-05, 0.0, 0.0, 0.0, 1.0],
                [0.841769, 0.466537, 0.271602, 0.124994, 0.169829, -0.706428, 0.687107, -0.002831, 0.512429, -0.532258, -0.673882, -1.2e-05, 0.0, 0.0, 0.0, 1.0],
                [0.843435, 0.46211, 0.27399, 0.124994, 0.167039, -0.7103, 0.683791, -0.002831, 0.510603, -0.530965, -0.676284, -1.2e-05, 0.0, 0.0, 0.0, 1.0],
                [0.845072, 0.457601, 0.276503, 0.124994, 0.164317, -0.714423, 0.680146, -0.002831, 0.508775, -0.529337, -0.678932, -1.2e-05, 0.0, 0.0, 0.0, 1.0],
                [0.846678, 0.453009, 0.279138, 0.124994, 0.161672, -0.718802, 0.676154, -0.002831, 0.506949, -0.527355, -0.681834, -1.2e-05, 0.0, 0.0, 0.0, 1.0],
                [0.848251, 0.448334, 0.281898, 0.124994, 0.159113, -0.723444, 0.671797, -0.002831, 0.505127, -0.524998, -0.684999, -1.2e-05, 0.0, 0.0, 0.0, 1.0],
                [0.849788, 0.443574, 0.284784, 0.124994, 0.156648, -0.728359, 0.667049, -0.002831, 0.503311, -0.522238, -0.688436, -1.2e-05, 0.0, 0.0, 0.0, 1.0],
                [0.851287, 0.438725, 0.2878, 0.124994, 0.154285, -0.733556, 0.661884, -0.002831, 0.501503, -0.519049, -0.692157, -1.2e-05, 0.0, 0.0, 0.0, 1.0],
                [0.852748, 0.433784, 0.290947, 0.124994, 0.152032, -0.739044, 0.656276, -0.002831, 0.499705, -0.515404, -0.696169, -1.2e-05, 0.0, 0.0, 0.0, 1.0],
                [0.854168, 0.428746, 0.294232, 0.124994, 0.1499, -0.744835, 0.650191, -0.002831, 0.497922, -0.511266, -0.700485, -1.2e-05, 0.0, 0.0, 0.0, 1.0],
                [0.855546, 0.423602, 0.297658, 0.124994, 0.147894, -0.75094, 0.643595, -0.002831, 0.496152, -0.506603, -0.705114, -1.2e-05, 0.0, 0.0, 0.0, 1.0],
                [0.856881, 0.418344, 0.301236, 0.124994, 0.146023, -0.757374, 0.636444, -0.002831, 0.494401, -0.501369, -0.710068, -1.2e-05, 0.0, 0.0, 0.0, 1.0],
                [0.858171, 0.412956, 0.304973, 0.124994, 0.144293, -0.764151, 0.62869, -0.002831, 0.492668, -0.495517, -0.71536, -1.2e-05, 0.0, 0.0, 0.0, 1.0],
                [0.859414, 0.407427, 0.308883, 0.124994, 0.142715, -0.771288, 0.620278, -0.002831, 0.490956, -0.488993, -0.721004, -1.2e-05, 0.0, 0.0, 0.0, 1.0],
                [0.860612, 0.401733, 0.312979, 0.124994, 0.141294, -0.778808, 0.611141, -0.002831, 0.489267, -0.481732, -0.727015, -1.2e-05, 0.0, 0.0, 0.0, 1.0],
                [0.861762, 0.39585, 0.317284, 0.124994, 0.140038, -0.786733, 0.601198, -0.002831, 0.487602, -0.473657, -0.733412, -1.1e-05, 0.0, 0.0, 0.0, 1.0],
                [0.862862, 0.389742, 0.321821, 0.124994, 0.138954, -0.795098, 0.590348, -0.002831, 0.485963, -0.46467, -0.740217, -1.2e-05, 0.0, 0.0, 0.0, 1.0],
                [0.863913, 0.383369, 0.326621, 0.124994, 0.138049, -0.803933, 0.578474, -0.002831, 0.484351, -0.454661, -0.747454, -1.2e-05, 0.0, 0.0, 0.0, 1.0],
                [0.864915, 0.376667, 0.331729, 0.124994, 0.137329, -0.813293, 0.565415, -0.00283, 0.482766, -0.443479, -0.755157, -1.2e-05, 0.0, 0.0, 0.0, 1.0],
                [0.88167, 0.366225, 0.297551, 0.124994, 0.1539, -0.81928, 0.552353, -0.002831, 0.446064, -0.441199, -0.778697, -1.2e-05, 0.0, 0.0, 0.0, 1.0]
            ]
        },
        {
            "name": "Leg_R",
            "time": [0.0, 0.0167, 0.0333, 0.05, 0.0667, 0.0833, 0.1, 0.1167, 0.1333, 0.15, 0.1667, 0.1833, 0.2, 0.2167, 0.2333, 0.25, 0.2667, 0.2833, 0.3, 0.3167, 0.3333, 0.35, 0.3667, 0.3833, 0.4, 0.4167, 0.4333, 0.45, 0.4667, 0.4833, 0.5, 0.5167, 0.5333, 0.55, 0.5667, 0.5833, 0.6, 0.6167, 0.6333, 0.65, 0.6667, 0.6833, 0.7, 0.7167, 0.7333, 0.75, 0.7667, 0.7833, 0.8, 0.8167, 0.8333, 0.85, 0.8667, 0.8833, 0.9, 0.9167, 0.9333, 0.95, 0.9667, 0.9833, 1.0, 1.0167, 1.0333, 1.05, 1.0667, 1.0833, 1.1, 1.1167, 1.1333, 1.15, 1.1667, 1.1833, 1.2, 1.2167, 1.2333, 1.25, 1.2667, 1.2833, 1.3, 1.3167, 1.3333, 1.35, 1.3667, 1.3833, 1.4, 1.4167, 1.4333, 1.45, 1.4667, 1.4833, 1.5, 1.5167, 1.5333, 1.55, 1.5667, 1.5833, 1.6, 1.6167, 1.6333, 1.65, 1.6667],
            "transform": [
                [1.0, -1e-06, 1e-06, -0.0, -0.0, 0.615827, 0.787882, 0.374726, -1e-06, -0.787884, 0.615823, 0.0, 0.0, 0.0, 0.0, 1.0],
                [1.0, -0.0, 1e-06, 0.0, -0.0, 0.613287, 0.78986, 0.374726, -1e-06, -0.789863, 0.613283, 0.0, 0.0, 0.0, 0.0, 1.0],
                [1.000001, -1e-06, 1e-06, -0.0, -0.0, 0.608891, 0.793254, 0.374726, -1e-06, -0.793257, 0.608888, 0.0, 0.0, 0.0, 0.0, 1.0],
                [1.0, -1e-06, 1e-06, -0.0, -0.0, 0.609343, 0.792907, 0.374726, -1e-06, -0.792909, 0.609339, -0.0, 0.0, 0.0, 0.0, 1.0],
                [1.0, -0.0, 1e-06, -0.0, -0.0, 0.623024, 0.782202, 0.374726, -1e-06, -0.782205, 0.62302, 0.0, 0.0, 0.0, 0.0, 1.0],
                [1.000001, -1e-06, 1e-06, 0.0, -0.0, 0.658899, 0.752232, 0.374726, -1e-06, -0.752235, 0.658894, 0.0, 0.0, 0.0, 0.0, 1.0],
                [1.0, -1e-06, 1e-06, -0.0, -0.0, 0.602158, 0.798377, 0.374726, -1e-06, -0.798379, 0.602154, 0.0, 0.0, 0.0, 0.0, 1.0],
                [1.0, -1e-06, 1e-06, 0.0, -0.0, 0.400646, 0.916233, 0.374726, -1e-06, -0.916234, 0.400643, 0.0, 0.0, 0.0, 0.0, 1.0],
                [1.0, -1e-06, 0.0, -0.0, -0.0, 0.185959, 0.982557, 0.374726, -1e-06, -0.982558, 0.185958, -0.0, 0.0, 0.0, 0.0, 1.0],
                [1.0, -1e-06, 0.0, -0.0, -0.0, 0.060369, 0.998175, 0.374726, -1e-06, -0.998177, 0.060369, -0.0, 0.0, 0.0, 0.0, 1.0],
                [1.0, -1e-06, 0.0, -0.0, -0.0, 0.048343, 0.99883, 0.374726, -1e-06, -0.998832, 0.048342, 0.0, 0.0, 0.0, 0.0, 1.0],
                [1.0, -1e-06, 0.0, 0.0, -0.0, 0.090996, 0.99585, 0.374726, -1e-06, -0.995852, 0.090996, 0.0, 0.0, 0.0, 0.0, 1.0],
                [1.0, -1e-06, 0.0, 0.0, -0.0, 0.128144, 0.991755, 0.374726, -1e-06, -0.991757, 0.128143, -0.0, 0.0, 0.0, 0.0, 1.0],
                [1.0, -1e-06, 0.0, -0.0, -0.0, 0.140333, 0.990103, 0.374726, -1e-06, -0.990105, 0.140333, -0.0, 0.0, 0.0, 0.0, 1.0],
                [1.0, -1e-06, 0.0, -0.0, -0.0, 0.127888, 0.991787, 0.374726, -1e-06, -0.991789, 0.127887, -0.0, 0.0, 0.0, 0.0, 1.0],
                [1.0, -1e-06, 0.0, -0.0, -0.0, 0.115296, 0.99333, 0.374726, -1e-06, -0.993332, 0.115295, -0.0, 0.0, 0.0, 0.0, 1.0],
                [1.000001, -1e-06, 0.0, 0.0, -0.0, 0.106821, 0.994277, 0.374726, -1e-06, -0.994279, 0.10682, -0.0, 0.0, 0.0, 0.0, 1.0],
                [1.0, -1e-06, 0.0, 0.0, -0.0, 0.080992, 0.996714, 0.374726, -1e-06, -0.996716, 0.080991, 0.0, 0.0, 0.0, 0.0, 1.0],
                [1.0, -1e-06, 0.0, 0.0, -0.0, 0.022043, 0.999756, 0.374726, -1e-06, -0.999758, 0.022043, -0.0, 0.0, 0.0, 0.0, 1.0],
                [1.0, -1e-06, 0.0, -0.0, -0.0, -0.067917, 0.99769, 0.374726, -1e-06, -0.997692, -0.067917, 0.0, 0.0, 0.0, 0.0, 1.0],
                [1.0, -1e-06, 0.0, 0.0, -0.0, -0.099115, 0.995075, 0.374726, -1e-06, -0.995077, -0.099114, 0.0, 0.0, 0.0, 0.0, 1.0],
                [1.0, -1e-06, 0.0, -0.0, -0.0, 0.068002, 0.997683, 0.374726, -1e-06, -0.997686, 0.068001, 0.0, 0.0, 0.0, 0.0, 1.0],
                [1.0, -1e-06, 1e-06, 0.0, -0.0, 0.431003, 0.90235, 0.374726, -1e-06, -0.902352, 0.431001, -0.0, 0.0, 0.0, 0.0, 1.0],
                [1.0, -0.0, 1e-06, 0.0, -0.0, 0.816405, 0.577483, 0.374726, -1e-06, -0.577487, 0.816397, -0.0, 0.0, 0.0, 0.0, 1.0],
                [1.0, -0.0, 1e-06, 0.0, -0.0, 0.947052, 0.32109, 0.374726, -1e-06, -0.321092, 0.947045, 0.0, 0.0, 0.0, 0.0, 1.0],
                [1.0, -0.0, 1e-06, 0.0, -0.0, 0.880555, 0.47395, 0.374726, -1e-06, -0.473953, 0.880547, -0.0, 0.0, 0.0, 0.0, 1.0],
                [1.0, -0.0, 1e-06, -0.0, -0.0, 0.842367, 0.538909, 0.374726, -1e-06, -0.538912, 0.842359, -0.0, 0.0, 0.0, 0.0, 1.0],
                [1.0, -1e-06, 1e-06, 0.0, -0.0, 0.825107, 0.564981, 0.374726, -1e-06, -0.564983, 0.8251, -0.0, 0.0, 0.0, 0.0, 1.0],
                [0.999999, -0.0, 1e-06, 0.0, -0.0, 0.820345, 0.571872, 0.374726, -1e-06, -0.571875, 0.820338, 0.0, 0.0, 0.0, 0.0, 1.0],
                [1.0, -0.0, 1e-06, -0.0, -0.0, 0.819963, 0.572419, 0.374726, -1e-06, -0.572421, 0.819957, 0.0, 0.0, 0.0, 0.0, 1.0],
                [1.0, -0.0, 1e-06, 0.0, -0.0, 0.81736, 0.576131, 0.374726, -1e-06, -0.576134, 0.817352, -0.0, 0.0, 0.0, 0.0, 1.0],
                [1.0, -0.0, 1e-06, -0.0, -0.0, 0.810501, 0.58574, 0.374726, -1e-06, -0.585743, 0.810494, 0.0, 0.0, 0.0, 0.0, 1.0],
                [1.0, -0.0, 1e-06, 0.0, -0.0, 0.801059, 0.598589, 0.374726, -1e-06, -0.598592, 0.801052, 0.0, 0.0, 0.0, 0.0, 1.0],
                [1.0, -0.0, 1e-06, -0.0, -0.0, 0.789816, 0.613345, 0.374726, -1e-06, -0.613348, 0.78981, -0.0, 0.0, 0.0, 0.0, 1.0],
                [1.0, -0.0, 1e-06, 0.0, -0.0, 0.777548, 0.628827, 0.374726, -1e-06, -0.628829, 0.777541, 0.0, 0.0, 0.0, 0.0, 1.0],
                [1.0, -0.0, 1e-06, -0.0, -0.0, 0.765034, 0.643992, 0.374726, -1e-06, -0.643995, 0.765027, 0.0, 0.0, 0.0, 0.0, 1.0],
                [0.999999, -1e-06, 1e-06, -0.0, -0.0, 0.75302, 0.657999, 0.374726, -1e-06, -0.658002, 0.753013, 0.0, 0.0, 0.0, 0.0, 1.0],
                [1.0, -0.0, 1e-06, -0.0, -0.0, 0.742256, 0.670118, 0.374726, -1e-06, -0.670121, 0.742249, -0.0, 0.0, 0.0, 0.0, 1.0],
