{
    "animation": [
        {
            "name": "Root",
            "time": [0.0, 0.0111, 0.0222, 0.0333, 0.0444, 0.0556, 0.0667, 0.0778, 0.0889, 0.1, 0.1111, 0.1222, 0.1333, 0.1444, 0.1556, 0.1667, 0.1778, 0.1889, 0.2, 0.2111, 0.2222, 0.2333, 0.2444, 0.2556, 0.2667, 0.2778, 0.2889, 0.3, 0.3111, 0.3222, 0.3333, 0.3444, 0.3556, 0.3667, 0.3778, 0.3889, 0.4, 0.4111, 0.4222, 0.4333, 0.4444, 0.4556, 0.4667, 0.4778, 0.4889, 0.5, 0.5111, 0.5222, 0.5333, 0.5444, 0.5556, 0.5667, 0.5778, 0.5889, 0.6, 0.6111, 0.6222, 0.6333, 0.6444, 0.6556, 0.6667, 0.6778, 0.6889, 0.7, 0.7111, 0.7222, 0.7333, 0.7444, 0.7556, 0.7667, 0.7778, 0.7889, 0.8, 0.8111, 0.8222, 0.8333, 0.8444, 0.8556, 0.8667, 0.8778, 0.8889, 0.9, 0.9111, 0.9222, 0.9333, 0.9444],
            "transform": [
                [0.917216, 0.0, 0.398389, -5e-06, 0.398389, 0.0, -0.917216, 0.593506, 0.0, 1.0, 0.0, 0.62329, 0.0, 0.0, 0.0, 1.0],
                [0.917216, 0.0, 0.398389, -5e-06, 0.398389, 0.0, -0.917216, 0.593506, 0.0, 1.0, 0.0, 0.62329, 0.0, 0.0, 0.0, 1.0],
                [0.917216, 0.0, 0.398389, -5e-06, 0.398389, 0.0, -0.917216, 0.593506, 0.0, 1.0, 0.0, 0.62329, 0.0, 0.0, 0.0, 1.0],
                [0.927231, 0.0, 0.37449, -5e-06, 0.37449, 0.0, -0.927231, 0.796285, 0.0, 1.0, 0.0, 0.609237, 0.0, 0.0, 0.0, 1.0],
                [0.950818, 0.0, 0.309749, -5e-06, 0.309749, 0.0, -0.950818, 1.172876, 0.0, 1.0, 0.0, 0.575726, 0.0, 0.0, 0.0, 1.0],
                [0.976717, 0.0, 0.214533, -5e-06, 0.214533, 0.0, -0.976717, 1.375656, 0.0, 1.0, 0.0, 0.535729, 0.0, 0.0, 0.0, 1.0],
                [0.994909, 0.0, 0.100777, -5e-06, 0.100777, 0.0, -0.994909, 1.350773, 0.0, 1.0, 0.0, 0.502218, 0.0, 0.0, 0.0, 1.0],
                [0.999841, 0.0, -0.017839, -5e-06, -0.017839, 0.0, -0.999841, 1.325889, 0.0, 1.0, 0.0, 0.488165, 0.0, 0.0, 0.0, 1.0],
                [0.992006, 0.0, -0.126194, -5e-06, -0.126194, 0.0, -0.992006, 1.335586, 0.0, 1.0, 0.0, 0.488165, 0.0, 0.0, 0.0, 1.0],
                [0.978728, 0.0, -0.205164, -5e-06, -0.205164, 0.0, -0.978728, 1.35909, 0.0, 1.0, 0.0, 0.488165, 0.0, 0.0, 0.0, 1.0],
                [0.971838, 0.0, -0.235649, -5e-06, -0.235649, 0.0, -0.971838, 1.388026, 0.0, 1.0, 0.0, 0.488165, 0.0, 0.0, 0.0, 1.0],
                [0.971838, 0.0, -0.235649, -5e-06, -0.235649, 0.0, -0.971838, 1.416223, 0.0, 1.0, 0.0, 0.488165, 0.0, 0.0, 0.0, 1.0],
                [0.971838, 0.0, -0.235649, -5e-06, -0.235649, 0.0, -0.971838, 1.446326, 0.0, 1.0, 0.0, 0.488165, 0.0, 0.0, 0.0, 1.0],
                [0.971838, 0.0, -0.235649, -5e-06, -0.235649, 0.0, -0.971838, 1.483184, 0.0, 1.0, 0.0, 0.488165, 0.0, 0.0, 0.0, 1.0],
                [0.971838, 0.0, -0.235649, -5e-06, -0.235649, 0.0, -0.971838, 1.531646, 0.0, 1.0, 0.0, 0.488165, 0.0, 0.0, 0.0, 1.0],
                [0.971838, 0.0, -0.235649, -5e-06, -0.235649, 0.0, -0.971838, 1.595024, 0.0, 1.0, 0.0, 0.493217, 0.0, 0.0, 0.0, 1.0],
                [0.971838, 0.0, -0.235649, -5e-06, -0.235649, 0.0, -0.971838, 1.670472, 0.0, 1.0, 0.0, 0.506536, 0.0, 0.0, 0.0, 1.0],
                [0.971838, 0.0, -0.235649, -5e-06, -0.235649, 0.0, -0.971838, 1.753608, 0.0, 1.0, 0.0, 0.525365, 0.0, 0.0, 0.0, 1.0],
                [0.971838, 0.0, -0.235649, -5e-06, -0.235649, 0.0, -0.971838, 1.840048, 0.0, 1.0, 0.0, 0.54695, 0.0, 0.0, 0.0, 1.0],
                [0.971838, 0.0, -0.235649, -5e-06, -0.235649, 0.0, -0.971838, 1.925408, 0.0, 1.0, 0.0, 0.568535, 0.0, 0.0, 0.0, 1.0],
                [0.971838, 0.0, -0.235649, -5e-06, -0.235649, 0.0, -0.971838, 2.005305, 0.0, 1.0, 0.0, 0.587364, 0.0, 0.0, 0.0, 1.0],
                [0.971838, 0.0, -0.235649, -5e-06, -0.235649, 0.0, -0.971838, 2.075356, 0.0, 1.0, 0.0, 0.600683, 0.0, 0.0, 0.0, 1.0],
                [0.971838, 0.0, -0.235649, -5e-06, -0.235649, 0.0, -0.971838, 2.131176, 0.0, 1.0, 0.0, 0.605735, 0.0, 0.0, 0.0, 1.0],
                [0.971838, 0.0, -0.235649, -5e-06, -0.235649, 0.0, -0.971838, 2.188741, 0.0, 1.0, 0.0, 0.605735, 0.0, 0.0, 0.0, 1.0],
                [0.971838, 0.0, -0.235649, -5e-06, -0.235649, 0.0, -0.971838, 2.345451, 0.0, 1.0, 0.0, 0.605735, 0.0, 0.0, 0.0, 1.0],
                [0.971838, 0.0, -0.235649, -5e-06, -0.235649, 0.0, -0.971838, 2.606212, 0.0, 1.0, 0.0, 0.626182, 0.0, 0.0, 0.0, 1.0],
                [0.971838, 0.0, -0.235649, -5e-06, -0.235649, 0.0, -0.971838, 2.745977, 0.0, 1.0, 0.0, 0.625787, 0.0, 0.0, 0.0, 1.0],
                [0.971838, 0.0, -0.235649, -5e-06, -0.235649, 0.0, -0.971838, 2.816466, 0.0, 1.0, 0.0, 0.623019, 0.0, 0.0, 0.0, 1.0],
                [0.971838, 0.0, -0.235649, -5e-06, -0.235649, 0.0, -0.971838, 2.842747, 0.0, 1.0, 0.0, 0.615506, 0.0, 0.0, 0.0, 1.0],
                [0.971838, 0.0, -0.235649, -5e-06, -0.235649, 0.0, -0.971838, 2.84989, 0.0, 1.0, 0.0, 0.600876, 0.0, 0.0, 0.0, 1.0],
                [0.982332, 0.0, -0.187144, -5e-06, -0.187144, 0.0, -0.982332, 2.858203, 0.0, 1.0, 0.0, 0.563262, 0.0, 0.0, 0.0, 1.0],
                [0.998058, 0.0, -0.062292, -5e-06, -0.062292, 0.0, -0.998058, 2.868957, 0.0, 1.0, 0.0, 0.535138, 0.0, 0.0, 0.0, 1.0],
                [0.994354, 0.017985, 0.104579, -5e-06, 0.103868, 0.036731, -0.993913, 2.879107, -0.021717, 0.999163, 0.034655, 0.54541, 0.0, 0.0, 0.0, 1.0],
                [0.961176, 0.047263, 0.27186, -5e-06, 0.264617, 0.121426, -0.956678, 2.887381, -0.078226, 0.991475, 0.104205, 0.568007, 0.0, 0.0, 0.0, 1.0],
                [0.915664, 0.065549, 0.396564, -5e-06, 0.376294, 0.207013, -0.903077, 2.892953, -0.14129, 0.97614, 0.164888, 0.590604, 0.0, 0.0, 0.0, 1.0],
                [0.892928, 0.070824, 0.444594, -5e-06, 0.416423, 0.245365, -0.875436, 2.894994, -0.17109, 0.96684, 0.1896, 0.600876, 0.0, 0.0, 0.0, 1.0],
                [0.892928, 0.070824, 0.444594, -5e-06, 0.416423, 0.245365, -0.875436, 2.894994, -0.17109, 0.96684, 0.1896, 0.600876, 0.0, 0.0, 0.0, 1.0],
                [0.892928, 0.070824, 0.444594, -5e-06, 0.416423, 0.245365, -0.875436, 2.894994, -0.17109, 0.96684, 0.1896, 0.600876, 0.0, 0.0, 0.0, 1.0],
                [0.892928, 0.070824, 0.444594, -5e-06, 0.416423, 0.245365, -0.875436, 2.894994, -0.17109, 0.96684, 0.1896, 0.600876, 0.0, 0.0, 0.0, 1.0],
                [0.892928, 0.070824, 0.444594, -5e-06, 0.416423, 0.245365, -0.875436, 2.894994, -0.17109, 0.96684, 0.1896, 0.600876, 0.0, 0.0, 0.0, 1.0],
                [0.892928, 0.070824, 0.444594, -5e-06, 0.416423, 0.245365, -0.875436, 2.894994, -0.17109, 0.96684, 0.1896, 0.600876, 0.0, 0.0, 0.0, 1.0],
                [0.892928, 0.070824, 0.444594, -5e-06, 0.416423, 0.245365, -0.875436, 2.894994, -0.17109, 0.96684, 0.1896, 0.600876, 0.0, 0.0, 0.0, 1.0],
                [0.892928, 0.070824, 0.444594, -5e-06, 0.416423, 0.245365, -0.875436, 2.894994, -0.17109, 0.96684, 0.1896, 0.600876, 0.0, 0.0, 0.0, 1.0],
                [0.892928, 0.070824, 0.444594, -5e-06, 0.416423, 0.245365, -0.875436, 2.894994, -0.17109, 0.96684, 0.1896, 0.600876, 0.0, 0.0, 0.0, 1.0],
                [0.892928, 0.070824, 0.444594, -5e-06, 0.416423, 0.245365, -0.875436, 2.894994, -0.17109, 0.96684, 0.1896, 0.600876, 0.0, 0.0, 0.0, 1.0],
                [0.892928, 0.070824, 0.444594, -5e-06, 0.416423, 0.245365, -0.875436, 2.894994, -0.17109, 0.96684, 0.1896, 0.600876, 0.0, 0.0, 0.0, 1.0],
                [0.892928, 0.070824, 0.444594, -5e-06, 0.416423, 0.245365, -0.875436, 2.894994, -0.17109, 0.96684, 0.1896, 0.600876, 0.0, 0.0, 0.0, 1.0],
                [0.892928, 0.070824, 0.444594, -5e-06, 0.416423, 0.245365, -0.875436, 2.894994, -0.17109, 0.96684, 0.1896, 0.600876, 0.0, 0.0, 0.0, 1.0],
                [0.892928, 0.070824, 0.444594, -5e-06, 0.416423, 0.245365, -0.875436, 2.894994, -0.17109, 0.96684, 0.1896, 0.600876, 0.0, 0.0, 0.0, 1.0],
                [0.892928, 0.070824, 0.444594, -5e-06, 0.416423, 0.245365, -0.875436, 2.894994, -0.17109, 0.96684, 0.1896, 0.600876, 0.0, 0.0, 0.0, 1.0],
                [0.892928, 0.070824, 0.444594, -5e-06, 0.416423, 0.245365, -0.875436, 2.894994, -0.17109, 0.96684, 0.1896, 0.600876, 0.0, 0.0, 0.0, 1.0],
                [0.892928, 0.070824, 0.444594, -5e-06, 0.416423, 0.245365, -0.875436, 2.894994, -0.17109, 0.96684, 0.1896, 0.600876, 0.0, 0.0, 0.0, 1.0],
                [0.892928, 0.070824, 0.444594, -5e-06, 0.416423, 0.245365, -0.875436, 2.894994, -0.17109, 0.96684, 0.1896, 0.600876, 0.0, 0.0, 0.0, 1.0],
                [0.892928, 0.070824, 0.444594, -5e-06, 0.416423, 0.245365, -0.875436, 2.894994, -0.17109, 0.96684, 0.1896, 0.600876, 0.0, 0.0, 0.0, 1.0],
                [0.892928, 0.070824, 0.444594, -5e-06, 0.416423, 0.245365, -0.875436, 2.894994, -0.17109, 0.96684, 0.1896, 0.600876, 0.0, 0.0, 0.0, 1.0],
                [0.892928, 0.070824, 0.444594, -5e-06, 0.416423, 0.245365, -0.875436, 2.894994, -0.17109, 0.96684, 0.1896, 0.600876, 0.0, 0.0, 0.0, 1.0],
                [0.892928, 0.070824, 0.444594, -5e-06, 0.416423, 0.245365, -0.875436, 2.894994, -0.17109, 0.96684, 0.1896, 0.600876, 0.0, 0.0, 0.0, 1.0],
                [0.892928, 0.070824, 0.444594, -5e-06, 0.416423, 0.245365, -0.875436, 2.894994, -0.17109, 0.96684, 0.1896, 0.600876, 0.0, 0.0, 0.0, 1.0],
                [0.892928, 0.070824, 0.444594, -5e-06, 0.416423, 0.245365, -0.875436, 2.894994, -0.17109, 0.96684, 0.1896, 0.600876, 0.0, 0.0, 0.0, 1.0],
                [0.892928, 0.070824, 0.444594, -5e-06, 0.416423, 0.245365, -0.875436, 2.894994, -0.17109, 0.96684, 0.1896, 0.600876, 0.0, 0.0, 0.0, 1.0],
                [0.892928, 0.070824, 0.444594, -5e-06, 0.416423, 0.245365, -0.875436, 2.894994, -0.17109, 0.96684, 0.1896, 0.600876, 0.0, 0.0, 0.0, 1.0],
                [0.894288, 0.07089, 0.44184, -5e-06, 0.413916, 0.244199, -0.87695, 2.89719, -0.170064, 0.967131, 0.189041, 0.60154, 0.0, 0.0, 0.0, 1.0],
                [0.898178, 0.071061, 0.43385, -5e-06, 0.406634, 0.240822, -0.881279, 2.903538, -0.167105, 0.967964, 0.187405, 0.60346, 0.0, 0.0, 0.0, 1.0],
                [0.90426, 0.07127, 0.420991, -5e-06, 0.394893, 0.23541, -0.888055, 2.913678, -0.162397, 0.969279, 0.184728, 0.606526, 0.0, 0.0, 0.0, 1.0],
                [0.912142, 0.071426, 0.403602, -5e-06, 0.378971, 0.228133, -0.896848, 2.927247, -0.156133, 0.971006, 0.181022, 0.61063, 0.0, 0.0, 0.0, 1.0],
                [0.921394, 0.071422, 0.382011, -5e-06, 0.359133, 0.219165, -0.907188, 2.943885, -0.148516, 0.97307, 0.176287, 0.615661, 0.0, 0.0, 0.0, 1.0],
                [0.931563, 0.071143, 0.356552, -5e-06, 0.335647, 0.208681, -0.918582, 2.963232, -0.139757, 0.975393, 0.170521, 0.621511, 0.0, 0.0, 0.0, 1.0],
                [0.942189, 0.070478, 0.327587, -5e-06, 0.308806, 0.196871, -0.930527, 2.984924, -0.130074, 0.977893, 0.163725, 0.628072, 0.0, 0.0, 0.0, 1.0],
                [0.95282, 0.069322, 0.295513, -5e-06, 0.278939, 0.183933, -0.942529, 3.008603, -0.119693, 0.980491, 0.155919, 0.635232, 0.0, 0.0, 0.0, 1.0],
                [0.963031, 0.067588, 0.260772, -5e-06, 0.246423, 0.170082, -0.954122, 3.033906, -0.10884, 0.983109, 0.147139, 0.642884, 0.0, 0.0, 0.0, 1.0],
                [0.972438, 0.065212, 0.223856, -5e-06, 0.211686, 0.155542, -0.964881, 3.060473, -0.097741, 0.985674, 0.137451, 0.650918, 0.0, 0.0, 0.0, 1.0],
                [0.980714, 0.062159, 0.185302, -5e-06, 0.17521, 0.140549, -0.974447, 3.087943, -0.086614, 0.988121, 0.126947, 0.659225, 0.0, 0.0, 0.0, 1.0],
                [0.987604, 0.058425, 0.145685, -5e-06, 0.137522, 0.125342, -0.982536, 3.115954, -0.075665, 0.990392, 0.115754, 0.667696, 0.0, 0.0, 0.0, 1.0],
                [0.992938, 0.054044, 0.105612, -5e-06, 0.099192, 0.110163, -0.988951, 3.144146, -0.065081, 0.992443, 0.104025, 0.676221, 0.0, 0.0, 0.0, 1.0],
                [0.996631, 0.049083, 0.065704, -5e-06, 0.060813, 0.095248, -0.993594, 3.172157, -0.055026, 0.994243, 0.091942, 0.684692, 0.0, 0.0, 0.0, 1.0],
                [0.998693, 0.043643, 0.026584, -5e-06, 0.022992, 0.080819, -0.996464, 3.199627, -0.045638, 0.995773, 0.07971, 0.692999, 0.0, 0.0, 0.0, 1.0],
                [0.999221, 0.037859, -0.011141, -5e-06, -0.013666, 0.067086, -0.997654, 3.226194, -0.037022, 0.997029, 0.067551, 0.701033, 0.0, 0.0, 0.0, 1.0],
                [0.998391, 0.031886, -0.046888, -5e-06, -0.048571, 0.054238, -0.997346, 3.251497, -0.029258, 0.998019, 0.0557, 0.708685, 0.0, 0.0, 0.0, 1.0],
                [0.99645, 0.025903, -0.080107, -5e-06, -0.081158, 0.042444, -0.995797, 3.275176, -0.022394, 0.998763, 0.044395, 0.715845, 0.0, 0.0, 0.0, 1.0],
                [0.993696, 0.020101, -0.110292, -5e-06, -0.110895, 0.031849, -0.993322, 3.296869, -0.016454, 0.99929, 0.033878, 0.722405, 0.0, 0.0, 0.0, 1.0],
                [0.990466, 0.014679, -0.136971, -5e-06, -0.13728, 0.022584, -0.990275, 3.316215, -0.011443, 0.999637, 0.024383, 0.728256, 0.0, 0.0, 0.0, 1.0],
                [0.987115, 0.009836, -0.159712, -5e-06, -0.159845, 0.01476, -0.987032, 3.332853, -0.007351, 0.999843, 0.016142, 0.733287, 0.0, 0.0, 0.0, 1.0],
                [0.983995, 0.005768, -0.178103, -5e-06, -0.178148, 0.008484, -0.983967, 3.346422, -0.004165, 0.999947, 0.009376, 0.737391, 0.0, 0.0, 0.0, 1.0],
                [0.981441, 0.002661, -0.191748, -5e-06, -0.191758, 0.003857, -0.981435, 3.356562, -0.001873, 0.999989, 0.004295, 0.740457, 0.0, 0.0, 0.0, 1.0],
                [0.979745, 0.000688, -0.200248, -5e-06, -0.200248, 0.000988, -0.979745, 3.36291, -0.000476, 0.999999, 0.001105, 0.742377, 0.0, 0.0, 0.0, 1.0],
                [0.979141, -0.0, -0.20318, -5e-06, -0.20318, 0.0, -0.979141, 3.365106, 0.0, 1.0, 0.0, 0.743041, 0.0, 0.0, 0.0, 1.0]
            ]
        },
        {
            "name": "Thigh_R",
            "time": [0.0, 0.0111, 0.0222, 0.0333, 0.0444, 0.0556, 0.0667, 0.0778, 0.0889, 0.1, 0.1111, 0.1222, 0.1333, 0.1444, 0.1556, 0.1667, 0.1778, 0.1889, 0.2, 0.2111, 0.2222, 0.2333, 0.2444, 0.2556, 0.2667, 0.2778, 0.2889, 0.3, 0.3111, 0.3222, 0.3333, 0.3444, 0.3556, 0.3667, 0.3778, 0.3889, 0.4, 0.4111, 0.4222, 0.4333, 0.4444, 0.4556, 0.4667, 0.4778, 0.4889, 0.5, 0.5111, 0.5222, 0.5333, 0.5444, 0.5556, 0.5667, 0.5778, 0.5889, 0.6, 0.6111, 0.6222, 0.6333, 0.6444, 0.6556, 0.6667, 0.6778, 0.6889, 0.7, 0.7111, 0.7222, 0.7333, 0.7444, 0.7556, 0.7667, 0.7778, 0.7889, 0.8, 0.8111, 0.8222, 0.8333, 0.8444, 0.8556, 0.8667, 0.8778, 0.8889, 0.9, 0.9111, 0.9222, 0.9333, 0.9444],
            "transform": [
                [0.911817, 0.33755, 0.233772, 0.124994, -0.003339, -0.56323, 0.826293, -0.002831, 0.410583, -0.754207, -0.512437, -1.2e-05, 0.0, 0.0, 0.0, 1.0],
                [0.911817, 0.33755, 0.233772, 0.124994, -0.003339, -0.56323, 0.826293, -0.002831, 0.410583, -0.754207, -0.512437, -1.2e-05, 0.0, 0.0, 0.0, 1.0],
                [0.911817, 0.33755, 0.233772, 0.124994, -0.003339, -0.56323, 0.826293, -0.002831, 0.410583, -0.754207, -0.512437, -1.2e-05, 0.0, 0.0, 0.0, 1.0],
                [0.912903, 0.299982, 0.276798, 0.124994, -0.002171, -0.674557, 0.738219, -0.002831, 0.408169, -0.674522, -0.615155, -1.2e-05, 0.0, 0.0, 0.0, 1.0],
                [0.921592, 0.081136, 0.379586, 0.124994, 0.048526, -0.994319, 0.094719, -0.002831, 0.385115, -0.068872, -0.920295, -1.2e-05, 0.0, 0.0, 0.0, 1.0],
                [0.941971, -0.045334, 0.332618, 0.124994, 0.114601, -0.887884, -0.445563, -0.002831, 0.315526, 0.457825, -0.831168, -1.2e-05, 0.0, 0.0, 0.0, 1.0],
                [0.967223, 0.056709, 0.247513, 0.124994, 0.135532, -0.93958, -0.314353, -0.002831, 0.214731, 0.337595, -0.916472, -1.2e-05, 0.0, 0.0, 0.0, 1.0],
                [0.980757, 0.132072, 0.143779, 0.124994, 0.159507, -0.966715, -0.200038, -0.002831, 0.112574, 0.219123, -0.969181, -1.2e-05, 0.0, 0.0, 0.0, 1.0],
                [0.98254, 0.181119, 0.042552, 0.124994, 0.184899, -0.975985, -0.115164, -0.002831, 0.020672, 0.12102, -0.992435, -1.2e-05, 0.0, 0.0, 0.0, 1.0],
                [0.978465, 0.199902, -0.051423, 0.124994, 0.201872, -0.978732, 0.036438, -0.002831, -0.043045, -0.046034, -0.998012, -1.2e-05, 0.0, 0.0, 0.0, 1.0],
                [0.976785, 0.184128, -0.109484, 0.124994, 0.20557, -0.949439, 0.237282, -0.002831, -0.060258, -0.25428, -0.965252, -1.2e-05, 0.0, 0.0, 0.0, 1.0],
                [0.979643, 0.146202, -0.137567, 0.124994, 0.194581, -0.860095, 0.471564, -0.002831, -0.049377, -0.488731, -0.871036, -1.2e-05, 0.0, 0.0, 0.0, 1.0],
                [0.983987, 0.094594, -0.151066, 0.124994, 0.173617, -0.700422, 0.69229, -0.002831, -0.040324, -0.707431, -0.70563, -1.2e-05, 0.0, 0.0, 0.0, 1.0],
                [0.98834, 0.049569, -0.143967, 0.124994, 0.148804, -0.514798, 0.844299, -0.002831, -0.032263, -0.855875, -0.516172, -1.2e-05, 0.0, 0.0, 0.0, 1.0],
                [0.991623, 0.024747, -0.126771, 0.124994, 0.126877, -0.370475, 0.920136, -0.002831, -0.024195, -0.928511, -0.370512, -1.2e-05, 0.0, 0.0, 0.0, 1.0],
                [0.993348, 0.018025, -0.113732, 0.124994, 0.114091, -0.28777, 0.95088, -0.002831, -0.015589, -0.957528, -0.287912, -1.2e-05, 0.0, 0.0, 0.0, 1.0],
                [0.993783, 0.020662, -0.109398, 0.124994, 0.111139, -0.241971, 0.963898, -0.002831, -0.006555, -0.970062, -0.242764, -1.2e-05, 0.0, 0.0, 0.0, 1.0],
                [0.993152, 0.027982, -0.113428, 0.124994, 0.116797, -0.215119, 0.969579, -0.002831, 0.00273, -0.976185, -0.216915, -1.2e-05, 0.0, 0.0, 0.0, 1.0],
                [0.991464, 0.03778, -0.12479, 0.124994, 0.129856, -0.200059, 0.971141, -0.002831, 0.011724, -0.979054, -0.203258, -1.2e-05, 0.0, 0.0, 0.0, 1.0],
                [0.988685, 0.049002, -0.141778, 0.124994, 0.148709, -0.196089, 0.969245, -0.002831, 0.019694, -0.979359, -0.201157, -1.2e-05, 0.0, 0.0, 0.0, 1.0],
                [0.984941, 0.061214, -0.161691, 0.124994, 0.170935, -0.204531, 0.96382, -0.002831, 0.025928, -0.976943, -0.211915, -1.2e-05, 0.0, 0.0, 0.0, 1.0],
                [0.980718, 0.074083, -0.180842, 0.124994, 0.193115, -0.225413, 0.954933, -0.002831, 0.029981, -0.971441, -0.235373, -1.2e-05, 0.0, 0.0, 0.0, 1.0],
                [0.976951, 0.086576, -0.195116, 0.124994, 0.211078, -0.255615, 0.943455, -0.002831, 0.031806, -0.962893, -0.267999, -1.2e-05, 0.0, 0.0, 0.0, 1.0],
                [0.973813, 0.097221, -0.205515, 0.124994, 0.225202, -0.28849, 0.930622, -0.002831, 0.031187, -0.952532, -0.302831, -1.2e-05, 0.0, 0.0, 0.0, 1.0],
                [0.969781, 0.110905, -0.217313, 0.124994, 0.242229, -0.33125, 0.91192, -0.002831, 0.029152, -0.937001, -0.348105, -1.2e-05, 0.0, 0.0, 0.0, 1.0],
                [0.969781, 0.110905, -0.217313, 0.124994, 0.242229, -0.33125, 0.91192, -0.002831, 0.029152, -0.937001, -0.348105, -1.2e-05, 0.0, 0.0, 0.0, 1.0],
                [0.981598, 0.089861, -0.168491, 0.124994, 0.188112, -0.303323, 0.934136, -0.002831, 0.032835, -0.94864, -0.314646, -1.2e-05, 0.0, 0.0, 0.0, 1.0],
                [0.989751, 0.08926, -0.111468, 0.124994, 0.138227, -0.402842, 0.904772, -0.002831, 0.035856, -0.910905, -0.411052, -1.2e-05, 0.0, 0.0, 0.0, 1.0],
                [0.9935, 0.089455, -0.070396, 0.124994, 0.107164, -0.526436, 0.843434, -0.002831, 0.038391, -0.845494, -0.532601, -1.2e-05, 0.0, 0.0, 0.0, 1.0],
                [0.994619, 0.087753, -0.055075, 0.124994, 0.095038, -0.561127, 0.822255, -0.002831, 0.041251, -0.823063, -0.566449, -1.2e-05, 0.0, 0.0, 0.0, 1.0],
                [0.99036, 0.133408, -0.03727, 0.124994, 0.096012, -0.467208, 0.878919, -0.002831, 0.099842, -0.874023, -0.475514, -1.2e-05, 0.0, 0.0, 0.0, 1.0],
                [0.966857, 0.25522, 0.006987, 0.124994, 0.10021, -0.404514, 0.909025, -0.002831, 0.234829, -0.878196, -0.416683, -1.2e-05, 0.0, 0.0, 0.0, 1.0],
                [0.908318, 0.412556, 0.068953, 0.124994, 0.109017, -0.392649, 0.913205, -0.002831, 0.403822, -0.821962, -0.401626, -1.2e-05, 0.0, 0.0, 0.0, 1.0],
                [0.815668, 0.566819, 0.115756, 0.124994, 0.111501, -0.350367, 0.929952, -0.002831, 0.567672, -0.745624, -0.348985, -1.2e-05, 0.0, 0.0, 0.0, 1.0],
                [0.724183, 0.675071, 0.140838, 0.124994, 0.097834, -0.302737, 0.948039, -0.002831, 0.682632, -0.672774, -0.285282, -1.2e-05, 0.0, 0.0, 0.0, 1.0],
                [0.684933, 0.713436, 0.147897, 0.124994, 0.081429, -0.276669, 0.95751, -0.002831, 0.724041, -0.643786, -0.247594, -1.1e-05, 0.0, 0.0, 0.0, 1.0],
                [0.686714, 0.71149, 0.149008, 0.124994, 0.072422, -0.270926, 0.959873, -0.002831, 0.723311, -0.648365, -0.237576, -1.1e-05, 0.0, 0.0, 0.0, 1.0],
                [0.687388, 0.710684, 0.14975, 0.124994, 0.068934, -0.269094, 0.960644, -0.002831, 0.723012, -0.650011, -0.233963, -1.1e-05, 0.0, 0.0, 0.0, 1.0],
                [0.687388, 0.710684, 0.14975, 0.124994, 0.068934, -0.269094, 0.960644, -0.002831, 0.723012, -0.650011, -0.233963, -1.1e-05, 0.0, 0.0, 0.0, 1.0],
                [0.687388, 0.710684, 0.14975, 0.124994, 0.068934, -0.269094, 0.960644, -0.002831, 0.723012, -0.650011, -0.233963, -1.1e-05, 0.0, 0.0, 0.0, 1.0],
                [0.687388, 0.710684, 0.14975, 0.124994, 0.068934, -0.269094, 0.960644, -0.002831, 0.723012, -0.650011, -0.233963, -1.1e-05, 0.0, 0.0, 0.0, 1.0],
                [0.687388, 0.710684, 0.14975, 0.124994, 0.068934, -0.269094, 0.960644, -0.002831, 0.723012, -0.650011, -0.233963, -1.1e-05, 0.0, 0.0, 0.0, 1.0],
                [0.687388, 0.710684, 0.14975, 0.124994, 0.068934, -0.269094, 0.960644, -0.002831, 0.723012, -0.650011, -0.233963, -1.1e-05, 0.0, 0.0, 0.0, 1.0],
                [0.687388, 0.710684, 0.14975, 0.124994, 0.068934, -0.269094, 0.960644, -0.002831, 0.723012, -0.650011, -0.233963, -1.1e-05, 0.0, 0.0, 0.0, 1.0],
                [0.687388, 0.710684, 0.14975, 0.124994, 0.068934, -0.269094, 0.960644, -0.002831, 0.723012, -0.650011, -0.233963, -1.1e-05, 0.0, 0.0, 0.0, 1.0],
                [0.687388, 0.710684, 0.14975, 0.124994, 0.068934, -0.269094, 0.960644, -0.002831, 0.723012, -0.650011, -0.233963, -1.1e-05, 0.0, 0.0, 0.0, 1.0],
                [0.687388, 0.710684, 0.14975, 0.124994, 0.068934, -0.269094, 0.960644, -0.002831, 0.723012, -0.650011, -0.233963, -1.1e-05, 0.0, 0.0, 0.0, 1.0],
                [0.687388, 0.710684, 0.14975, 0.124994, 0.068934, -0.269094, 0.960644, -0.002831, 0.723012, -0.650011, -0.233963, -1.1e-05, 0.0, 0.0, 0.0, 1.0],
                [0.687388, 0.710684, 0.14975, 0.124994, 0.068934, -0.269094, 0.960644, -0.002831, 0.723012, -0.650011, -0.233963, -1.1e-05, 0.0, 0.0, 0.0, 1.0],
                [0.687388, 0.710684, 0.14975, 0.124994, 0.068934, -0.269094, 0.960644, -0.002831, 0.723012, -0.650011, -0.233963, -1.1e-05, 0.0, 0.0, 0.0, 1.0],
                [0.687388, 0.710684, 0.14975, 0.124994, 0.068934, -0.269094, 0.960644, -0.002831, 0.723012, -0.650011, -0.233963, -1.1e-05, 0.0, 0.0, 0.0, 1.0],
                [0.687388, 0.710684, 0.14975, 0.124994, 0.068934, -0.269094, 0.960644, -0.002831, 0.723012, -0.650011, -0.233963, -1.1e-05, 0.0, 0.0, 0.0, 1.0],
                [0.687388, 0.710684, 0.14975, 0.124994, 0.068934, -0.269094, 0.960644, -0.002831, 0.723012, -0.650011, -0.233963, -1.1e-05, 0.0, 0.0, 0.0, 1.0],
                [0.687388, 0.710684, 0.14975, 0.124994, 0.068934, -0.269094, 0.960644, -0.002831, 0.723012, -0.650011, -0.233963, -1.1e-05, 0.0, 0.0, 0.0, 1.0],
                [0.687388, 0.710684, 0.14975, 0.124994, 0.068934, -0.269094, 0.960644, -0.002831, 0.723012, -0.650011, -0.233963, -1.1e-05, 0.0, 0.0, 0.0, 1.0],
                [0.687388, 0.710684, 0.14975, 0.124994, 0.068934, -0.269094, 0.960644, -0.002831, 0.723012, -0.650011, -0.233963, -1.1e-05, 0.0, 0.0, 0.0, 1.0],
                [0.687388, 0.710684, 0.14975, 0.124994, 0.068934, -0.269094, 0.960644, -0.002831, 0.723012, -0.650011, -0.233963, -1.1e-05, 0.0, 0.0, 0.0, 1.0],
                [0.687388, 0.710684, 0.14975, 0.124994, 0.068934, -0.269094, 0.960644, -0.002831, 0.723012, -0.650011, -0.233963, -1.1e-05, 0.0, 0.0, 0.0, 1.0],
                [0.687388, 0.710684, 0.14975, 0.124994, 0.068934, -0.269094, 0.960644, -0.002831, 0.723012, -0.650011, -0.233963, -1.1e-05, 0.0, 0.0, 0.0, 1.0],
                [0.687388, 0.710684, 0.14975, 0.124994, 0.068934, -0.269094, 0.960644, -0.002831, 0.723012, -0.650011, -0.233963, -1.1e-05, 0.0, 0.0, 0.0, 1.0],
                [0.687388, 0.710684, 0.14975, 0.124994, 0.068934, -0.269094, 0.960644, -0.002831, 0.723012, -0.650011, -0.233963, -1.1e-05, 0.0, 0.0, 0.0, 1.0],
                [0.689039, 0.708563, 0.152192, 0.124994, 0.068719, -0.272931, 0.959576, -0.002831, 0.721459, -0.650726, -0.236753, -1.2e-05, 0.0, 0.0, 0.0, 1.0],
                [0.693761, 0.702376, 0.159254, 0.124994, 0.068113, -0.284119, 0.956367, -0.002831, 0.716977, -0.652641, -0.244952, -1.2e-05, 0.0, 0.0, 0.0, 1.0],
                [0.701148, 0.692317, 0.170546, 0.124994, 0.067192, -0.30228, 0.950848, -0.002831, 0.709842, -0.655225, -0.258462, -1.2e-05, 0.0, 0.0, 0.0, 1.0],
                [0.710738, 0.678521, 0.185634, 0.124994, 0.066058, -0.327097, 0.942679, -0.002831, 0.700349, -0.657734, -0.277302, -1.2e-05, 0.0, 0.0, 0.0, 1.0],
                [0.72203, 0.661099, 0.204006, 0.124994, 0.064841, -0.358227, 0.93138, -0.002831, 0.688816, -0.659255, -0.301518, -1.2e-05, 0.0, 0.0, 0.0, 1.0],
                [0.734518, 0.640184, 0.225047, 0.124994, 0.063698, -0.395221, 0.916375, -0.002831, 0.675593, -0.658757, -0.331076, -1.2e-05, 0.0, 0.0, 0.0, 1.0],
                [0.747704, 0.615967, 0.248035, 0.124994, 0.062812, -0.437461, 0.897041, -0.002831, 0.661055, -0.65514, -0.365782, -1.2e-05, 0.0, 0.0, 0.0, 1.0],
                [0.761124, 0.58874, 0.272165, 0.124994, 0.062394, -0.484129, 0.872769, -0.002831, 0.645598, -0.647303, -0.405217, -1.2e-05, 0.0, 0.0, 0.0, 1.0],
                [0.774361, 0.558919, 0.296603, 0.124994, 0.06267, -0.534198, 0.843033, -0.002831, 0.629633, -0.634222, -0.44869, -1.2e-05, 0.0, 0.0, 0.0, 1.0],
                [0.78706, 0.527054, 0.320545, 0.124994, 0.063872, -0.586459, 0.807457, -0.002831, 0.61356, -0.615042, -0.495243, -1.2e-05, 0.0, 0.0, 0.0, 1.0],
                [0.798938, 0.493806, 0.343296, 0.124994, 0.066222, -0.639575, 0.765871, -0.002831, 0.597756, -0.589148, -0.543683, -1.2e-05, 0.0, 0.0, 0.0, 1.0],
                [0.809783, 0.45991, 0.364326, 0.124994, 0.069914, -0.692154, 0.718355, -0.002831, 0.582549, -0.556239, -0.59265, -1.2e-05, 0.0, 0.0, 0.0, 1.0],
                [0.819455, 0.426105, 0.383312, 0.124994, 0.075083, -0.742833, 0.665252, -0.002831, 0.568204, -0.516363, -0.640712, -1.2e-05, 0.0, 0.0, 0.0, 1.0],
                [0.827878, 0.393065, 0.400146, 0.124994, 0.081791, -0.79036, 0.607156, -0.002831, 0.554912, -0.469922, -0.686472, -1.1e-05, 0.0, 0.0, 0.0, 1.0],
                [0.835034, 0.361331, 0.41492, 0.124994, 0.09, -0.833672, 0.544876, -0.002831, 0.542788, -0.417646, -0.728666, -1.2e-05, 0.0, 0.0, 0.0, 1.0],
                [0.840952, 0.331252, 0.427868, 0.124994, 0.099559, -0.871942, 0.479377, -0.002831, 0.531871, -0.360535, -0.766243, -1.2e-05, 0.0, 0.0, 0.0, 1.0],
                [0.845703, 0.302972, 0.43931, 0.124994, 0.110201, -0.904616, 0.411731, -0.002831, 0.522151, -0.299789, -0.798426, -1.2e-05, 0.0, 0.0, 0.0, 1.0],
                [0.849387, 0.276433, 0.449584, 0.124994, 0.12155, -0.931416, 0.343056, -0.002831, 0.513582, -0.23674, -0.824735, -1.1e-05, 0.0, 0.0, 0.0, 1.0],
                [0.85213, 0.251414, 0.458982, 0.124994, 0.133135, -0.95233, 0.274479, -0.002831, 0.506111, -0.172785, -0.844984, -1.2e-05, 0.0, 0.0, 0.0, 1.0],
                [0.854076, 0.227607, 0.467706, 0.124994, 0.144421, -0.967589, 0.207148, -0.002831, 0.499697, -0.109373, -0.859268, -1.2e-05, 0.0, 0.0, 0.0, 1.0],
                [0.855378, 0.204736, 0.475827, 0.124994, 0.154835, -0.977635, 0.142309, -0.002831, 0.494322, -0.048053, -0.86795, -1.1e-05, 0.0, 0.0, 0.0, 1.0],
                [0.856188, 0.18275, 0.483264, 0.124994, 0.163803, -0.983113, 0.081567, -0.002831, 0.49001, 0.009324, -0.871667, -1.2e-05, 0.0, 0.0, 0.0, 1.0],
                [0.856647, 0.162233, 0.48973, 0.124994, 0.170775, -0.984923, 0.027553, -0.002831, 0.486817, 0.06003, -0.871439, -1.3e-05, 0.0, 0.0, 0.0, 1.0],
                [0.856871, 0.145494, 0.494573, 0.124994, 0.175256, -0.984421, -0.01404, -0.002831, 0.484826, 0.098707, -0.869023, -1.2e-05, 0.0, 0.0, 0.0, 1.0],
                [0.856938, 0.138252, 0.496531, 0.124994, 0.176827, -0.983744, -0.031266, -0.002831, 0.484137, 0.114593, -0.867456, -1.2e-05, 0.0, 0.0, 0.0, 1.0]
            ]
        },
        {
            "name": "Leg_R",
            "time": [0.0, 0.0111, 0.0222, 0.0333, 0.0444, 0.0556, 0.0667, 0.0778, 0.0889, 0.1, 0.1111, 0.1222, 0.1333, 0.1444, 0.1556, 0.1667, 0.1778, 0.1889, 0.2, 0.2111, 0.2222, 0.2333, 0.2444, 0.2556, 0.2667, 0.2778, 0.2889, 0.3, 0.3111, 0.3222, 0.3333, 0.3444, 0.3556, 0.3667, 0.3778, 0.3889, 0.4, 0.4111, 0.4222, 0.4333, 0.4444, 0.4556, 0.4667, 0.4778, 0.4889, 0.5, 0.5111, 0.5222, 0.5333, 0.5444, 0.5556, 0.5667, 0.5778, 0.5889, 0.6, 0.6111, 0.6222, 0.6333, 0.6444, 0.6556, 0.6667, 0.6778, 0.6889, 0.7, 0.7111, 0.7222, 0.7333, 0.7444, 0.7556, 0.7667, 0.7778, 0.7889, 0.8, 0.8111, 0.8222, 0.8333, 0.8444, 0.8556, 0.8667, 0.8778, 0.8889, 0.9, 0.9111, 0.9222, 0.9333, 0.9444],
            "transform": [
                [1.0, -1e-06, 1e-06, 0.0, -0.0, 0.503638, 0.863914, 0.374726, -1e-06, -0.863917, 0.503637, -0.0, 0.0, 0.0, 0.0, 1.0],
                [1.0, -1e-06, 1e-06, 0.0, -0.0, 0.503638, 0.863914, 0.374726, -1e-06, -0.863917, 0.503637, -0.0, 0.0, 0.0, 0.0, 1.0],
                [1.0, -1e-06, 1e-06, 0.0, -0.0, 0.503638, 0.863914, 0.374726, -1e-06, -0.863917, 0.503637, -0.0, 0.0, 0.0, 0.0, 1.0],
                [1.0, -1e-06, 0.0, 0.0, -0.0, 0.182251, 0.983251, 0.374726, -1e-06, -0.983253, 0.18225, -0.0, 0.0, 0.0, 0.0, 1.0],
                [1.0, -1e-06, 1e-06, 0.0, -0.0, 0.353306, 0.935507, 0.374726, -1e-06, -0.935509, 0.353305, -0.0, 0.0, 0.0, 0.0, 1.0],
                [1.0, -0.0, 1e-06, 0.0, -0.0, 0.79773, 0.603016, 0.374726, -1e-06, -0.603019, 0.797726, -0.0, 0.0, 0.0, 0.0, 1.0],
                [1.000001, -1e-06, 1e-06, -0.0, -0.0, 0.588329, 0.808621, 0.374726, -1e-06, -0.808623, 0.588328, -0.0, 0.0, 0.0, 0.0, 1.0],
                [1.0, -1e-06, 1e-06, 0.0, -0.0, 0.428977, 0.903314, 0.374726, -1e-06, -0.903317, 0.428976, 0.0, 0.0, 0.0, 0.0, 1.0],
                [1.0, -1e-06, 0.0, -0.0, -0.0, 0.341186, 0.939995, 0.374726, -1e-06, -0.939997, 0.341185, -0.0, 0.0, 0.0, 0.0, 1.0],
                [1.0, -1e-06, 0.0, 0.0, -0.0, 0.190268, 0.981731, 0.374726, -1e-06, -0.981733, 0.190267, 0.0, 0.0, 0.0, 0.0, 1.0],
                [1.0, -1e-06, 0.0, 0.0, -0.0, 0.014754, 0.99989, 0.374726, -1e-06, -0.999892, 0.014754, 0.0, 0.0, 0.0, 0.0, 1.0],
                [1.0, -1e-06, 0.0, -0.0, -0.0, -0.146424, 0.989221, 0.374726, -1e-06, -0.989223, -0.146424, -0.0, 0.0, 0.0, 0.0, 1.0],
                [1.0, -1e-06, 0.0, -0.0, -0.0, -0.244419, 0.969669, 0.374726, -1e-06, -0.969671, -0.244419, -0.0, 0.0, 0.0, 0.0, 1.0],
                [1.0, -1e-06, 0.0, 0.0, -0.0, -0.254366, 0.967107, 0.374726, -1e-06, -0.967109, -0.254365, 0.0, 0.0, 0.0, 0.0, 1.0],
                [1.0, -1e-06, 0.0, 0.0, -0.0, -0.195783, 0.980646, 0.374726, -1e-06, -0.980648, -0.195783, -0.0, 0.0, 0.0, 0.0, 1.0],
                [1.0, -1e-06, 0.0, -0.0, -0.0, -0.123323, 0.992365, 0.374726, -1e-06, -0.992368, -0.123322, 0.0, 0.0, 0.0, 0.0, 1.0],
                [1.0, -1e-06, 0.0, 0.0, -0.0, -0.076562, 0.997063, 0.374726, -1e-06, -0.997065, -0.076562, 0.0, 0.0, 0.0, 0.0, 1.0],
                [1.0, -1e-06, 0.0, -0.0, -0.0, -0.065807, 0.997831, 0.374726, -1e-06, -0.997833, -0.065807, -0.0, 0.0, 0.0, 0.0, 1.0],
                [1.0, -1e-06, 0.0, 0.0, -0.0, -0.087305, 0.99618, 0.374726, -1e-06, -0.996182, -0.087305, 0.0, 0.0, 0.0, 0.0, 1.0],
                [1.0, -1e-06, 0.0, 0.0, -0.0, -0.129991, 0.991514, 0.374726, -1e-06, -0.991516, -0.129991, -0.0, 0.0, 0.0, 0.0, 1.0],
                [1.0, -1e-06, 0.0, 0.0, -0.0, -0.180577, 0.98356, 0.374726, -1e-06, -0.983562, -0.180577, -0.0, 0.0, 0.0, 0.0, 1.0],
                [1.0, -1e-06, 0.0, 0.0, -0.0, -0.227033, 0.973886, 0.374726, -1e-06, -0.973888, -0.227032, 0.0, 0.0, 0.0, 0.0, 1.0],
                [1.0, -1e-06, 0.0, -0.0, -0.0, -0.260421, 0.965494, 0.374726, -1e-06, -0.965496, -0.26042, 0.0, 0.0, 0.0, 0.0, 1.0],
                [1.0, -1e-06, 0.0, 0.0, -0.0, -0.282026, 0.959405, 0.374726, -1e-06, -0.959408, -0.282026, 0.0, 0.0, 0.0, 0.0, 1.0],
                [1.0, -1e-06, -0.0, 0.0, -0.0, -0.302883, 0.953026, 0.374726, -1e-06, -0.953029, -0.302882, -0.0, 0.0, 0.0, 0.0, 1.0],
                [1.0, -1e-06, 0.0, -0.0, -0.0, -0.302883, 0.953027, 0.374726, -1e-06, -0.953029, -0.302882, 0.0, 0.0, 0.0, 0.0, 1.0],
                [1.0, -1e-06, 0.0, 0.0, -0.0, -0.152114, 0.988362, 0.374727, -1e-06, -0.988364, -0.152114, -0.0, 0.0, 0.0, 0.0, 1.0],
                [1.0, -1e-06, 0.0, -0.0, -0.0, 0.130626, 0.991431, 0.374726, -1e-06, -0.991433, 0.130626, -0.0, 0.0, 0.0, 0.0, 1.0],
                [1.0, -1e-06, 1e-06, 0.0, -0.0, 0.412217, 0.911084, 0.374726, -1e-06, -0.911087, 0.412216, 0.0, 0.0, 0.0, 0.0, 1.0],
                [1.0, -1e-06, 1e-06, -0.0, -0.0, 0.507713, 0.861525, 0.374726, -1e-06, -0.861528, 0.507711, 0.0, 0.0, 0.0, 0.0, 1.0],
                [1.0, -1e-06, 1e-06, 0.0, -0.0, 0.34989, 0.936789, 0.374726, -1e-06, -0.936791, 0.349889, -0.0, 0.0, 0.0, 0.0, 1.0],
                [1.0, -1e-06, 0.0, 0.0, -0.0, 0.213776, 0.976882, 0.374726, -1e-06, -0.976884, 0.213776, -0.0, 0.0, 0.0, 0.0, 1.0],
                [1.0, -1e-06, 0.0, -0.0, -0.0, 0.219187, 0.975682, 0.374726, -1e-06, -0.975684, 0.219187, -0.0, 0.0, 0.0, 0.0, 1.0],
                [1.0, -1e-06, 0.0, 0.0, -0.0, 0.272144, 0.962256, 0.374726, -1e-06, -0.962258, 0.272144, -0.0, 0.0, 0.0, 0.0, 1.0],
                [1.0, -1e-06, 0.0, 0.0, -0.0, 0.341444, 0.939901, 0.374727, -1e-06, -0.939904, 0.341443, 0.0, 0.0, 0.0, 0.0, 1.0],
                [1.0, -1e-06, 1e-06, -0.0, -0.0, 0.393508, 0.91932, 0.374726, -1e-06, -0.919322, 0.393507, -0.0, 0.0, 0.0, 0.0, 1.0],
                [1.0, -1e-06, 1e-06, 0.0, -0.0, 0.420102, 0.907476, 0.374726, -1e-06, -0.907478, 0.420101, -0.0, 0.0, 0.0, 0.0, 1.0],
                [1.0, -1e-06, 1e-06, -0.0, -0.0, 0.430801, 0.902446, 0.374726, -1e-06, -0.902448, 0.4308, -0.0, 0.0, 0.0, 0.0, 1.0],
                [1.0, -1e-06, 1e-06, 0.0, -0.0, 0.430801, 0.902446, 0.374726, -1e-06, -0.902448, 0.4308, -0.0, 0.0, 0.0, 0.0, 1.0],
                [1.0, -1e-06, 1e-06, -0.0, -0.0, 0.430801, 0.902446, 0.374726, -1e-06, -0.902448, 0.4308, -0.0, 0.0, 0.0, 0.0, 1.0],
                [1.0, -1e-06, 1e-06, 0.0, -0.0, 0.430801, 0.902446, 0.374726, -1e-06, -0.902448, 0.4308, -0.0, 0.0, 0.0, 0.0, 1.0],
                [1.0, -1e-06, 1e-06, -0.0, -0.0, 0.430801, 0.902446, 0.374726, -1e-06, -0.902448, 0.4308, -0.0, 0.0, 0.0, 0.0, 1.0],
                [1.0, -1e-06, 1e-06, 0.0, -0.0, 0.430801, 0.902446, 0.374726, -1e-06, -0.902448, 0.4308, -0.0, 0.0, 0.0, 0.0, 1.0],
                [1.0, -1e-06, 1e-06, -0.0, -0.0, 0.430801, 0.902446, 0.374726, -1e-06, -0.902448, 0.4308, -0.0, 0.0, 0.0, 0.0, 1.0],
                [1.0, -1e-06, 1e-06, 0.0, -0.0, 0.430801, 0.902446, 0.374726, -1e-06, -0.902448, 0.4308, -0.0, 0.0, 0.0, 0.0, 1.0],
                [1.0, -1e-06, 1e-06, -0.0, -0.0, 0.430801, 0.902446, 0.374726, -1e-06, -0.902448, 0.4308, -0.0, 0.0, 0.0, 0.0, 1.0],
                [1.0, -1e-06, 1e-06, 0.0, -0.0, 0.430801, 0.902446, 0.374726, -1e-06, -0.902448, 0.4308, -0.0, 0.0, 0.0, 0.0, 1.0],
                [1.0, -1e-06, 1e-06, -0.0, -0.0, 0.430801, 0.902446, 0.374726, -1e-06, -0.902448, 0.4308, -0.0, 0.0, 0.0, 0.0, 1.0],
                [1.0, -1e-06, 1e-06, 0.0, -0.0, 0.430801, 0.902446, 0.374726, -1e-06, -0.902448, 0.4308, -0.0, 0.0, 0.0, 0.0, 1.0],
                [1.0, -1e-06, 1e-06, -0.0, -0.0, 0.430801, 0.902446, 0.374726, -1e-06, -0.902448, 0.4308, -0.0, 0.0, 0.0, 0.0, 1.0],
                [1.0, -1e-06, 1e-06, 0.0, -0.0, 0.430801, 0.902446, 0.374726, -1e-06, -0.902448, 0.4308, -0.0, 0.0, 0.0, 0.0, 1.0],
                [1.0, -1e-06, 1e-06, -0.0, -0.0, 0.430801, 0.902446, 0.374726, -1e-06, -0.902448, 0.4308, -0.0, 0.0, 0.0, 0.0, 1.0],
                [1.0, -1e-06, 1e-06, 0.0, -0.0, 0.430801, 0.902446, 0.374726, -1e-06, -0.902448, 0.4308, -0.0, 0.0, 0.0, 0.0, 1.0],
                [1.0, -1e-06, 1e-06, -0.0, -0.0, 0.430801, 0.902446, 0.374726, -1e-06, -0.902448, 0.4308, -0.0, 0.0, 0.0, 0.0, 1.0],
                [1.0, -1e-06, 1e-06, 0.0, -0.0, 0.430801, 0.902446, 0.374726, -1e-06, -0.902448, 0.4308, -0.0, 0.0, 0.0, 0.0, 1.0],
                [1.0, -1e-06, 1e-06, -0.0, -0.0, 0.430801, 0.902446, 0.374726, -1e-06, -0.902448, 0.4308, -0.0, 0.0, 0.0, 0.0, 1.0],
                [1.0, -1e-06, 1e-06, 0.0, -0.0, 0.430801, 0.902446, 0.374726, -1e-06, -0.902448, 0.4308, -0.0, 0.0, 0.0, 0.0, 1.0],
                [1.0, -1e-06, 1e-06, -0.0, -0.0, 0.430801, 0.902446, 0.374726, -1e-06, -0.902448, 0.4308, -0.0, 0.0, 0.0, 0.0, 1.0],
                [1.0, -1e-06, 1e-06, 0.0, -0.0, 0.430801, 0.902446, 0.374726, -1e-06, -0.902448, 0.4308, -0.0, 0.0, 0.0, 0.0, 1.0],
                [1.0, -1e-06, 1e-06, -0.0, -0.0, 0.430801, 0.902446, 0.374726, -1e-06, -0.902448, 0.4308, -0.0, 0.0, 0.0, 0.0, 1.0],
                [1.0, -1e-06, 1e-06, 0.0, -0.0, 0.430801, 0.902446, 0.374726, -1e-06, -0.902448, 0.4308, -0.0, 0.0, 0.0, 0.0, 1.0],
                [1.000001, -1e-06, 1e-06, 0.0, -0.0, 0.429782, 0.902932, 0.374726, -1e-06, -0.902934, 0.429781, 0.0, 0.0, 0.0, 0.0, 1.0],
                [1.0, -1e-06, 1e-06, -0.0, -0.0, 0.427045, 0.904229, 0.374726, -1e-06, -0.904232, 0.427044, -0.0, 0.0, 0.0, 0.0, 1.0],
                [1.0, -1e-06, 1e-06, 0.0, -0.0, 0.423317, 0.905981, 0.374726, -1e-06, -0.905983, 0.423316, -0.0, 0.0, 0.0, 0.0, 1.0],
                [1.0, -1e-06, 0.0, -0.0, -0.0, 0.419558, 0.907728, 0.374726, -1e-06, -0.90773, 0.419557, -0.0, 0.0, 0.0, 0.0, 1.0],
                [1.0, -1e-06, 0.0, -0.0, -0.0, 0.416854, 0.908973, 0.374726, -1e-06, -0.908975, 0.416853, 0.0, 0.0, 0.0, 0.0, 1.0],
                [1.0, -1e-06, 1e-06, -0.0, -0.0, 0.416314, 0.90922, 0.374726, -1e-06, -0.909222, 0.416313, 0.0, 0.0, 0.0, 0.0, 1.0],
                [1.0, -1e-06, 1e-06, -0.0, -0.0, 0.418991, 0.907989, 0.374726, -1e-06, -0.907992, 0.41899, 0.0, 0.0, 0.0, 0.0, 1.0],
                [1.0, -1e-06, 1e-06, -0.0, -0.0, 0.425814, 0.90481, 0.374726, -1e-06, -0.904812, 0.425813, 0.0, 0.0, 0.0, 0.0, 1.0],
                [1.0, -1e-06, 1e-06, -0.0, -0.0, 0.437531, 0.899202, 0.374726, -1e-06, -0.899205, 0.43753, -0.0, 0.0, 0.0, 0.0, 1.0],
                [1.0, -1e-06, 1e-06, -0.0, -0.0, 0.454664, 0.890662, 0.374726, -1e-06, -0.890664, 0.454663, 0.0, 0.0, 0.0, 0.0, 1.0],
                [1.0, -1e-06, 1e-06, 0.0, -0.0, 0.477493, 0.878635, 0.374726, -1e-06, -0.878638, 0.477492, -0.0, 0.0, 0.0, 0.0, 1.0],
                [1.0, -1e-06, 1e-06, -0.0, -0.0, 0.50603, 0.862515, 0.374726, -1e-06, -0.862518, 0.506028, 0.0, 0.0, 0.0, 0.0, 1.0],
                [1.0, -1e-06, 1e-06, 0.0, -0.0, 0.540023, 0.84165, 0.374726, -1e-06, -0.841652, 0.540021, 0.0, 0.0, 0.0, 0.0, 1.0],
                [1.0, -1e-06, 1e-06, -0.0, -0.0, 0.578953, 0.81536, 0.374726, -1e-06, -0.815362, 0.578952, 0.0, 0.0, 0.0, 0.0, 1.0],
                [1.0, -1e-06, 1e-06, -0.0, -0.0, 0.622052, 0.782975, 0.374726, -1e-06, -0.782978, 0.62205, 0.0, 0.0, 0.0, 0.0, 1.0],
                [1.0, -1e-06, 1e-06, -0.0, -0.0, 0.668318, 0.743875, 0.374726, -1e-06, -0.743878, 0.668315, 0.0, 0.0, 0.0, 0.0, 1.0],
                [1.0, -1e-06, 1e-06, -0.0, -0.0, 0.716532, 0.697554, 0.374726, -1e-06, -0.697557, 0.71653, 0.0, 0.0, 0.0, 0.0, 1.0],
                [1.0, -1e-06, 1e-06, -0.0, -0.0, 0.765289, 0.643688, 0.374726, -1e-06, -0.643691, 0.765286, -0.0, 0.0, 0.0, 0.0, 1.0],
                [1.0, -0.0, 1e-06, -0.0, -0.0, 0.813027, 0.582228, 0.374726, -1e-06, -0.582231, 0.813023, 0.0, 0.0, 0.0, 0.0, 1.0],
                [1.0, -0.0, 1e-06, 0.0, -0.0, 0.858069, 0.513537, 0.374726, -1e-06, -0.513539, 0.858065, -0.0, 0.0, 0.0, 0.0, 1.0],
                [1.0, -0.0, 1e-06, -0.0, -0.0, 0.898661, 0.438648, 0.374726, -1e-06, -0.43865, 0.898656, -0.0, 0.0, 0.0, 0.0, 1.0],
                [1.0, -0.0, 1e-06, 0.0, -0.0, 0.933024, 0.35982, 0.374726, -1e-06, -0.359822, 0.933019, 0.0, 0.0, 0.0, 0.0, 1.0],
