{
    "animation": [
        {
            "name": "Root",
            "time": [0.0, 0.0167, 0.0333, 0.05, 0.0667, 0.0833, 0.1, 0.1167, 0.1333, 0.15, 0.1667, 0.1833, 0.2, 0.2167, 0.2333, 0.25, 0.2667, 0.2833, 0.3, 0.3167, 0.3333, 0.35, 0.3667, 0.3833, 0.4, 0.4167, 0.4333, 0.45, 0.4667, 0.4833, 0.5, 0.5167, 0.5333, 0.55, 0.5667, 0.5833, 0.6, 0.6167, 0.6333, 0.65, 0.6667, 0.6833, 0.7, 0.7167, 0.7333, 0.75, 0.7667, 0.7833, 0.8, 0.8167, 0.8333, 0.85, 0.8667, 0.8833, 0.9, 0.9167, 0.9333, 0.95, 0.9667, 0.9833, 1.0, 1.0167, 1.0333, 1.05, 1.0667, 1.0833, 1.1, 1.1167, 1.1333, 1.15, 1.1667, 1.1833, 1.2, 1.2167, 1.2333, 1.25, 1.2667, 1.2833, 1.3, 1.3167, 1.3333, 1.35, 1.3667, 1.3833, 1.4, 1.4167, 1.4333, 1.45, 1.4667, 1.4833, 1.5, 1.5167, 1.5333, 1.55, 1.5667, 1.5833, 1.6, 1.6167, 1.6333, 1.65, 1.6667],
            "transform": [
                [0.692508, -0.037156, 0.720453, 0.031932, 0.703478, 0.256065, -0.662985, -0.136006, -0.159849, 0.965945, 0.203466, 0.615888, 0.0, 0.0, 0.0, 1.0],
                [0.68692, -0.04041, 0.725609, 0.032642, 0.708992, 0.25653, -0.656903, -0.136, -0.159595, 0.965691, 0.204866, 0.615881, 0.0, 0.0, 0.0, 1.0],
                [0.670599, -0.049787, 0.740148, 0.034673, 0.724596, 0.257718, -0.639173, -0.135956, -0.158927, 0.964937, 0.208901, 0.615832, 0.0, 0.0, 0.0, 1.0],
                [0.643853, -0.064767, 0.762403, 0.037879, 0.748646, 0.25915, -0.610221, -0.135839, -0.158055, 0.963663, 0.215342, 0.6157, 0.0, 0.0, 0.0, 1.0],
                [0.606722, -0.084844, 0.790373, 0.042113, 0.779204, 0.260178, -0.570218, -0.13561, -0.157259, 0.961826, 0.223967, 0.615443, 0.0, 0.0, 0.0, 1.0],
                [0.559213, -0.109452, 0.821767, 0.047228, 0.814048, 0.260053, -0.519324, -0.135232, -0.156862, 0.959371, 0.234524, 0.615018, 0.0, 0.0, 0.0, 1.0],
                [0.501541, -0.137898, 0.854073, 0.053077, 0.850732, 0.257998, -0.457922, -0.13467, -0.157203, 0.956254, 0.24671, 0.614385, 0.0, 0.0, 0.0, 1.0],
                [0.434327, -0.169322, 0.884698, 0.059513, 0.886683, 0.253299, -0.386823, -0.133884, -0.158595, 0.952455, 0.260149, 0.613502, 0.0, 0.0, 0.0, 1.0],
                [0.358756, -0.202693, 0.911158, 0.06639, 0.919391, 0.245401, -0.307407, -0.132838, -0.16129, 0.947995, 0.274393, 0.612326, 0.0, 0.0, 0.0, 1.0],
                [0.276639, -0.236846, 0.93133, 0.07356, 0.946627, 0.234005, -0.221673, -0.131496, -0.165434, 0.942945, 0.28894, 0.610816, 0.0, 0.0, 0.0, 1.0],
                [0.190347, -0.270564, 0.943697, 0.080878, 0.966702, 0.219135, -0.132161, -0.129819, -0.171039, 0.93743, 0.303266, 0.608931, 0.0, 0.0, 0.0, 1.0],
                [0.102659, -0.302684, 0.947546, 0.088195, 0.978666, 0.201164, -0.04177, -0.127771, -0.177969, 0.93162, 0.316878, 0.606628, 0.0, 0.0, 0.0, 1.0],
                [0.016492, -0.332214, 0.94306, 0.095366, 0.982421, 0.180795, 0.046508, -0.125315, -0.185951, 0.925714, 0.329355, 0.603866, 0.0, 0.0, 0.0, 1.0],
                [-0.065357, -0.358413, 0.931272, 0.102243, 0.978703, 0.158978, 0.129871, -0.122414, -0.194599, 0.919927, 0.34039, 0.600603, 0.0, 0.0, 0.0, 1.0],
                [-0.140448, -0.380841, 0.913912, 0.108679, 0.968957, 0.136816, 0.20592, -0.11903, -0.20346, 0.914463, 0.349803, 0.596798, 0.0, 0.0, 0.0, 1.0],
                [-0.20683, -0.39934, 0.893168, 0.114528, 0.955119, 0.115454, 0.272796, -0.115126, -0.212058, 0.909504, 0.357538, 0.592408, 0.0, 0.0, 0.0, 1.0],
                [-0.263058, -0.413988, 0.871444, 0.119643, 0.939378, 0.095998, 0.32917, -0.110665, -0.219929, 0.905206, 0.363638, 0.587392, 0.0, 0.0, 0.0, 1.0],
                [-0.308115, -0.425013, 0.851134, 0.123877, 0.923957, 0.079456, 0.374153, -0.105611, -0.226648, 0.901693, 0.368212, 0.581708, 0.0, 0.0, 0.0, 1.0],
                [-0.341251, -0.432694, 0.83446, 0.127082, 0.910934, 0.066721, 0.407122, -0.099925, -0.231835, 0.899069, 0.371387, 0.575315, 0.0, 0.0, 0.0, 1.0],
                [-0.361783, -0.437262, 0.823356, 0.129114, 0.902117, 0.058576, 0.427498, -0.093571, -0.235158, 0.897424, 0.37327, 0.56817, 0.0, 0.0, 0.0, 1.0],
                [-0.368869, -0.438804, 0.819382, 0.129823, 0.898936, 0.055719, 0.434522, -0.086512, -0.236325, 0.896853, 0.373904, 0.560232, 0.0, 0.0, 0.0, 1.0],
                [-0.366194, -0.436076, 0.822034, 0.127368, 0.900717, 0.055743, 0.430816, -0.07417, -0.233691, 0.898182, 0.372368, 0.550784, 0.0, 0.0, 0.0, 1.0],
                [-0.358661, -0.428552, 0.829281, 0.120473, 0.905545, 0.05593, 0.420548, -0.05232, -0.226608, 0.901785, 0.368013, 0.539569, 0.0, 0.0, 0.0, 1.0],
                [-0.34694, -0.417193, 0.83999, 0.109848, 0.912601, 0.056402, 0.404943, -0.021457, -0.216316, 0.907066, 0.361163, 0.527239, 0.0, 0.0, 0.0, 1.0],
                [-0.331702, -0.402953, 0.852996, 0.096201, 0.921046, 0.057272, 0.38522, 0.017924, -0.204078, 0.913427, 0.352141, 0.514442, 0.0, 0.0, 0.0, 1.0],
                [-0.313696, -0.386807, 0.867165, 0.080242, 0.930079, 0.058702, 0.36264, 0.065329, -0.191176, 0.92029, 0.341346, 0.501831, 0.0, 0.0, 0.0, 1.0],
                [-0.293797, -0.369766, 0.881451, 0.06268, 0.938978, 0.06094, 0.338536, 0.120264, -0.178895, 0.927124, 0.329298, 0.490054, 0.0, 0.0, 0.0, 1.0],
                [-0.273027, -0.352881, 0.894947, 0.044223, 0.947135, 0.064341, 0.314318, 0.182233, -0.168499, 0.933453, 0.316659, 0.479762, 0.0, 0.0, 0.0, 1.0],
                [-0.252544, -0.337243, 0.906912, 0.025581, 0.95406, 0.069375, 0.291471, 0.250744, -0.161214, 0.938858, 0.304229, 0.471605, 0.0, 0.0, 0.0, 1.0],
                [-0.233609, -0.323968, 0.916773, 0.007462, 0.959374, 0.076611, 0.271538, 0.3253, -0.158204, 0.942961, 0.292909, 0.466234, 0.0, 0.0, 0.0, 1.0],
                [-0.217526, -0.314202, 0.9241, -0.009425, 0.962757, 0.086678, 0.256097, 0.405407, -0.160566, 0.945391, 0.283645, 0.4643, 0.0, 0.0, 0.0, 1.0],
                [-0.205157, -0.308779, 0.928744, -0.024523, 0.964035, 0.100061, 0.24622, 0.490352, -0.168959, 0.945856, 0.277145, 0.46732, 0.0, 0.0, 0.0, 1.0],
                [-0.195641, -0.307083, 0.931356, -0.037879, 0.963562, 0.116458, 0.240804, 0.578541, -0.18241, 0.94453, 0.273109, 0.475582, 0.0, 0.0, 0.0, 1.0],
                [-0.187628, -0.308079, 0.932675, -0.049692, 0.961757, 0.135282, 0.238165, 0.66816, -0.199548, 0.941693, 0.270914, 0.487886, 0.0, 0.0, 0.0, 1.0],
                [-0.179752, -0.310691, 0.93336, -0.060161, 0.959017, 0.155916, 0.236593, 0.757395, -0.219033, 0.937636, 0.269932, 0.503033, 0.0, 0.0, 0.0, 1.0],
                [-0.170667, -0.313801, 0.934025, -0.069486, 0.955763, 0.17775, 0.234357, 0.844435, -0.239564, 0.932702, 0.269584, 0.519824, 0.0, 0.0, 0.0, 1.0],
                [-0.159076, -0.316244, 0.935246, -0.077866, 0.952449, 0.200201, 0.229698, 0.927464, -0.259878, 0.927313, 0.269359, 0.53706, 0.0, 0.0, 0.0, 1.0],
                [-0.143724, -0.31681, 0.937537, -0.085501, 0.949545, 0.222714, 0.220824, 1.00467, -0.278762, 0.921971, 0.268816, 0.553543, 0.0, 0.0, 0.0, 1.0],
                [-0.123374, -0.314248, 0.94129, -0.092588, 0.94748, 0.244729, 0.205888, 1.074239, -0.295061, 0.917254, 0.267551, 0.568072, 0.0, 0.0, 0.0, 1.0],
                [-0.096772, -0.30727, 0.946689, -0.099328, 0.946554, 0.265625, 0.182973, 1.134358, -0.307687, 0.913799, 0.265143, 0.579449, 0.0, 0.0, 0.0, 1.0],
                [-0.062598, -0.29456, 0.953581, -0.105919, 0.946819, 0.284627, 0.150075, 1.183214, -0.315621, 0.912262, 0.261078, 0.586474, 0.0, 0.0, 0.0, 1.0],
                [-0.018653, -0.277096, 0.960661, -0.112505, 0.947192, 0.302741, 0.105715, 1.221635, -0.320124, 0.911902, 0.256817, 0.590437, 0.0, 0.0, 0.0, 1.0],
                [0.034532, -0.256988, 0.965798, -0.119005, 0.945714, 0.320883, 0.05157, 1.252263, -0.32316, 0.911587, 0.254118, 0.593509, 0.0, 0.0, 0.0, 1.0],
                [0.094114, -0.234765, 0.967486, -0.12528, 0.941088, 0.338028, -0.009522, 1.276002, -0.324802, 0.911385, 0.252747, 0.595819, 0.0, 0.0, 0.0, 1.0],
                [0.15711, -0.211175, 0.964739, -0.131193, 0.932534, 0.353308, -0.074529, 1.293756, -0.325111, 0.911361, 0.252437, 0.597492, 0.0, 0.0, 0.0, 1.0],
                [0.220518, -0.187158, 0.957259, -0.136608, 0.919939, 0.366081, -0.140347, 1.306431, -0.324167, 0.911568, 0.252901, 0.598657, 0.0, 0.0, 0.0, 1.0],
                [0.281472, -0.163778, 0.94549, -0.141385, 0.903903, 0.375974, -0.203965, 1.314932, -0.322075, 0.912042, 0.253865, 0.599441, 0.0, 0.0, 0.0, 1.0],
                [0.337396, -0.142151, 0.930568, -0.145388, 0.885676, 0.382888, -0.262631, 1.320162, -0.31897, 0.912792, 0.255085, 0.599971, 0.0, 0.0, 0.0, 1.0],
                [0.386087, -0.123373, 0.914175, -0.14848, 0.867009, 0.386954, -0.313946, 1.323027, -0.315011, 0.913808, 0.256364, 0.600374, 0.0, 0.0, 0.0, 1.0],
                [0.4257, -0.10847, 0.898339, -0.150522, 0.849972, 0.388457, -0.355876, 1.324431, -0.310365, 0.91506, 0.257563, 0.600777, 0.0, 0.0, 0.0, 1.0],
                [0.454638, -0.098383, 0.885226, -0.151377, 0.836755, 0.387739, -0.386651, 1.325279, -0.305197, 0.916504, 0.258603, 0.601309, 0.0, 0.0, 0.0, 1.0],
                [0.477123, -0.091135, 0.874099, -0.151589, 0.826149, 0.385714, -0.410734, 1.326322, -0.29972, 0.918106, 0.259324, 0.602072, 0.0, 0.0, 0.0, 1.0],
                [0.498424, -0.084163, 0.862838, -0.151793, 0.815537, 0.383116, -0.43373, 1.327699, -0.294063, 0.919858, 0.259593, 0.60308, 0.0, 0.0, 0.0, 1.0],
                [0.518579, -0.077482, 0.851512, -0.151988, 0.804976, 0.37998, -0.455663, 1.329396, -0.288252, 0.921744, 0.259421, 0.604321, 0.0, 0.0, 0.0, 1.0],
                [0.537628, -0.0711, 0.840179, -0.152175, 0.794516, 0.376342, -0.476561, 1.331397, -0.282311, 0.923749, 0.258822, 0.605786, 0.0, 0.0, 0.0, 1.0],
                [0.555611, -0.065025, 0.828896, -0.152354, 0.784204, 0.372236, -0.496453, 1.333688, -0.276263, 0.925857, 0.257812, 0.607462, 0.0, 0.0, 0.0, 1.0],
                [0.57257, -0.059262, 0.817711, -0.152525, 0.774076, 0.367696, -0.515369, 1.336255, -0.270128, 0.928056, 0.256405, 0.60934, 0.0, 0.0, 0.0, 1.0],
                [0.588547, -0.053813, 0.80667, -0.152689, 0.76417, 0.362756, -0.53334, 1.339083, -0.263924, 0.930329, 0.254621, 0.611409, 0.0, 0.0, 0.0, 1.0],
                [0.603584, -0.048677, 0.795812, -0.152845, 0.754516, 0.357447, -0.550398, 1.342156, -0.257669, 0.932664, 0.252476, 0.613658, 0.0, 0.0, 0.0, 1.0],
                [0.617721, -0.043852, 0.785174, -0.152994, 0.745138, 0.351799, -0.566575, 1.345461, -0.251378, 0.935048, 0.24999, 0.616077, 0.0, 0.0, 0.0, 1.0],
                [0.631, -0.039335, 0.774785, -0.153136, 0.736058, 0.345844, -0.581902, 1.348983, -0.245066, 0.937467, 0.247181, 0.618654, 0.0, 0.0, 0.0, 1.0],
                [0.643461, -0.03512, 0.764673, -0.153271, 0.727296, 0.33961, -0.596411, 1.352707, -0.238745, 0.93991, 0.244069, 0.621379, 0.0, 0.0, 0.0, 1.0],
                [0.655142, -0.0312, 0.754861, -0.153399, 0.718865, 0.333126, -0.610132, 1.356618, -0.232428, 0.942366, 0.240674, 0.624241, 0.0, 0.0, 0.0, 1.0],
                [0.666082, -0.027568, 0.745369, -0.153521, 0.710776, 0.326418, -0.623096, 1.360703, -0.226125, 0.944823, 0.237016, 0.62723, 0.0, 0.0, 0.0, 1.0],
                [0.676315, -0.024214, 0.736214, -0.153636, 0.70304, 0.319513, -0.635332, 1.364945, -0.219846, 0.947272, 0.233115, 0.630334, 0.0, 0.0, 0.0, 1.0],
                [0.685879, -0.02113, 0.727409, -0.153745, 0.695661, 0.312436, -0.646868, 1.369331, -0.213601, 0.949704, 0.228993, 0.633544, 0.0, 0.0, 0.0, 1.0],
                [0.694806, -0.018304, 0.718964, -0.153848, 0.688644, 0.305213, -0.657734, 1.373847, -0.207398, 0.952108, 0.224669, 0.636848, 0.0, 0.0, 0.0, 1.0],
                [0.703128, -0.015727, 0.710889, -0.153945, 0.681991, 0.297866, -0.667956, 1.378476, -0.201244, 0.954478, 0.220164, 0.640235, 0.0, 0.0, 0.0, 1.0],
                [0.710878, -0.013387, 0.703188, -0.154036, 0.6757, 0.290418, -0.67756, 1.383206, -0.195148, 0.956806, 0.215497, 0.643696, 0.0, 0.0, 0.0, 1.0],
                [0.718083, -0.011272, 0.695866, -0.154122, 0.66977, 0.282894, -0.686571, 1.38802, -0.189117, 0.959085, 0.210691, 0.647219, 0.0, 0.0, 0.0, 1.0],
                [0.724772, -0.009371, 0.688925, -0.154203, 0.664198, 0.275314, -0.695014, 1.392905, -0.183157, 0.961309, 0.205764, 0.650793, 0.0, 0.0, 0.0, 1.0],
                [0.730973, -0.007672, 0.682363, -0.154278, 0.658978, 0.2677, -0.702912, 1.397845, -0.177276, 0.963472, 0.200737, 0.654408, 0.0, 0.0, 0.0, 1.0],
                [0.736711, -0.006164, 0.67618, -0.154348, 0.654104, 0.260073, -0.710288, 1.402827, -0.171478, 0.965569, 0.19563, 0.658053, 0.0, 0.0, 0.0, 1.0],
                [0.74201, -0.004833, 0.670372, -0.154414, 0.64957, 0.252454, -0.717165, 1.407835, -0.165772, 0.967597, 0.190463, 0.661718, 0.0, 0.0, 0.0, 1.0],
                [0.746893, -0.003669, 0.664934, -0.154474, 0.645367, 0.244863, -0.723563, 1.412855, -0.160163, 0.969551, 0.185254, 0.665391, 0.0, 0.0, 0.0, 1.0],
                [0.751383, -0.00266, 0.659861, -0.154531, 0.641486, 0.23732, -0.729503, 1.417872, -0.154658, 0.971428, 0.180024, 0.669063, 0.0, 0.0, 0.0, 1.0],
                [0.755501, -0.001794, 0.655145, -0.154583, 0.637917, 0.229844, -0.735006, 1.422872, -0.149263, 0.973226, 0.174792, 0.672721, 0.0, 0.0, 0.0, 1.0],
                [0.759268, -0.00106, 0.650777, -0.15463, 0.63465, 0.222456, -0.74009, 1.42784, -0.143984, 0.974942, 0.169576, 0.676356, 0.0, 0.0, 0.0, 1.0],
                [0.762702, -0.000448, 0.64675, -0.154674, 0.631674, 0.215173, -0.744774, 1.432761, -0.13883, 0.976576, 0.164396, 0.679957, 0.0, 0.0, 0.0, 1.0],
                [0.765822, 5.4e-05, 0.643052, -0.154714, 0.628977, 0.208016, -0.749077, 1.43762, -0.133806, 0.978125, 0.159269, 0.683513, 0.0, 0.0, 0.0, 1.0],
                [0.768647, 0.000456, 0.639674, -0.154751, 0.626548, 0.201003, -0.753018, 1.442404, -0.12892, 0.97959, 0.154215, 0.687014, 0.0, 0.0, 0.0, 1.0],
                [0.771192, 0.000768, 0.636602, -0.154783, 0.624373, 0.194153, -0.756613, 1.447097, -0.124179, 0.980971, 0.14925, 0.690448, 0.0, 0.0, 0.0, 1.0],
                [0.773475, 0.000999, 0.633825, -0.154813, 0.622442, 0.187484, -0.759879, 1.451685, -0.119591, 0.982267, 0.144392, 0.693805, 0.0, 0.0, 0.0, 1.0],
                [0.775513, 0.001159, 0.631331, -0.15484, 0.620739, 0.181015, -0.762835, 1.456153, -0.115164, 0.98348, 0.13966, 0.697074, 0.0, 0.0, 0.0, 1.0],
                [0.777319, 0.001256, 0.629105, -0.154863, 0.619253, 0.174765, -0.765495, 1.460486, -0.110907, 0.984609, 0.13507, 0.700245, 0.0, 0.0, 0.0, 1.0],
                [0.778911, 0.001299, 0.627134, -0.154884, 0.61797, 0.168751, -0.767878, 1.46467, -0.106827, 0.985658, 0.130639, 0.703306, 0.0, 0.0, 0.0, 1.0],
                [0.780301, 0.001297, 0.625403, -0.154902, 0.616875, 0.162994, -0.769999, 1.46869, -0.102935, 0.986626, 0.126384, 0.706248, 0.0, 0.0, 0.0, 1.0],
                [0.781504, 0.001256, 0.623899, -0.154918, 0.615957, 0.157509, -0.771873, 1.472532, -0.099239, 0.987517, 0.122321, 0.709059, 0.0, 0.0, 0.0, 1.0],
                [0.782535, 0.001184, 0.622605, -0.154931, 0.615199, 0.152318, -0.773517, 1.476181, -0.095749, 0.988331, 0.118466, 0.711729, 0.0, 0.0, 0.0, 1.0],
                [0.783408, 0.001087, 0.621507, -0.154943, 0.614589, 0.147436, -0.774947, 1.479622, -0.092475, 0.989071, 0.114835, 0.714247, 0.0, 0.0, 0.0, 1.0],
                [0.784136, 0.000973, 0.620589, -0.154952, 0.614112, 0.142884, -0.776177, 1.48284, -0.089427, 0.989739, 0.111443, 0.716602, 0.0, 0.0, 0.0, 1.0],
                [0.784732, 0.000846, 0.619835, -0.15496, 0.613754, 0.138679, -0.777222, 1.485821, -0.086615, 0.990337, 0.108306, 0.718784, 0.0, 0.0, 0.0, 1.0],
                [0.78521, 0.000713, 0.619229, -0.154966, 0.613499, 0.134839, -0.778099, 1.488551, -0.084051, 0.990867, 0.105439, 0.720781, 0.0, 0.0, 0.0, 1.0],
                [0.785583, 0.00058, 0.618756, -0.154971, 0.613333, 0.131383, -0.77882, 1.491015, -0.081745, 0.991332, 0.102856, 0.722584, 0.0, 0.0, 0.0, 1.0],
                [0.785864, 0.00045, 0.618399, -0.154975, 0.613241, 0.128329, -0.779402, 1.493197, -0.079709, 0.991732, 0.100573, 0.724181, 0.0, 0.0, 0.0, 1.0],
                [0.786066, 0.000329, 0.618142, -0.154978, 0.613207, 0.125695, -0.779857, 1.495084, -0.077953, 0.992069, 0.098603, 0.725561, 0.0, 0.0, 0.0, 1.0],
                [0.786203, 0.000221, 0.617969, -0.154979, 0.613217, 0.123499, -0.780201, 1.496661, -0.076491, 0.992345, 0.09696, 0.726715, 0.0, 0.0, 0.0, 1.0],
                [0.786286, 0.00013, 0.617862, -0.15498, 0.613253, 0.12176, -0.780446, 1.497913, -0.075332, 0.99256, 0.095659, 0.727631, 0.0, 0.0, 0.0, 1.0],
                [0.78633, 6e-05, 0.617807, -0.154981, 0.613299, 0.120496, -0.780605, 1.498825, -0.07449, 0.992714, 0.094713, 0.728299, 0.0, 0.0, 0.0, 1.0],
                [0.786347, 1.6e-05, 0.617785, -0.154981, 0.61334, 0.119724, -0.780692, 1.499383, -0.073976, 0.992807, 0.094135, 0.728707, 0.0, 0.0, 0.0, 1.0],
                [0.78635, 0.0, 0.617782, -0.154981, 0.613357, 0.119463, -0.780718, 1.499572, -0.073802, 0.992839, 0.09394, 0.728846, 0.0, 0.0, 0.0, 1.0]
            ]
        },
        {
            "name": "Thigh_R",
            "time": [0.0, 0.0167, 0.0333, 0.05, 0.0667, 0.0833, 0.1, 0.1167, 0.1333, 0.15, 0.1667, 0.1833, 0.2, 0.2167, 0.2333, 0.25, 0.2667, 0.2833, 0.3, 0.3167, 0.3333, 0.35, 0.3667, 0.3833, 0.4, 0.4167, 0.4333, 0.45, 0.4667, 0.4833, 0.5, 0.5167, 0.5333, 0.55, 0.5667, 0.5833, 0.6, 0.6167, 0.6333, 0.65, 0.6667, 0.6833, 0.7, 0.7167, 0.7333, 0.75, 0.7667, 0.7833, 0.8, 0.8167, 0.8333, 0.85, 0.8667, 0.8833, 0.9, 0.9167, 0.9333, 0.95, 0.9667, 0.9833, 1.0, 1.0167, 1.0333, 1.05, 1.0667, 1.0833, 1.1, 1.1167, 1.1333, 1.15, 1.1667, 1.1833, 1.2, 1.2167, 1.2333, 1.25, 1.2667, 1.2833, 1.3, 1.3167, 1.3333, 1.35, 1.3667, 1.3833, 1.4, 1.4167, 1.4333, 1.45, 1.4667, 1.4833, 1.5, 1.5167, 1.5333, 1.55, 1.5667, 1.5833, 1.6, 1.6167, 1.6333, 1.65, 1.6667],
            "transform": [
                [0.728539, 0.668291, 0.150388, 0.124994, 0.081769, -0.302815, 0.949535, -0.002831, 0.680107, -0.679475, -0.275258, -1.2e-05, 0.0, 0.0, 0.0, 1.0],
                [0.724742, 0.671901, 0.152636, 0.124994, 0.080293, -0.302373, 0.949803, -0.002831, 0.684326, -0.676105, -0.273092, -1.2e-05, 0.0, 0.0, 0.0, 1.0],
                [0.713599, 0.682253, 0.159079, 0.124994, 0.07597, -0.301099, 0.950562, -0.002831, 0.696423, -0.666233, -0.266695, -1.2e-05, 0.0, 0.0, 0.0, 1.0],
                [0.695173, 0.698619, 0.169306, 0.124994, 0.068858, -0.299159, 0.951716, -0.002831, 0.715537, -0.649948, -0.256073, -1.2e-05, 0.0, 0.0, 0.0, 1.0],
                [0.669241, 0.720184, 0.182891, 0.124994, 0.058952, -0.296823, 0.953111, -0.002831, 0.740703, -0.627078, -0.241103, -1.2e-05, 0.0, 0.0, 0.0, 1.0],
                [0.635447, 0.745977, 0.199308, 0.124994, 0.046266, -0.294443, 0.954549, -0.002831, 0.770756, -0.597344, -0.221617, -1.2e-05, 0.0, 0.0, 0.0, 1.0],
                [0.593472, 0.774806, 0.217863, 0.124994, 0.0309, -0.29242, 0.955791, -0.002831, 0.804261, -0.560502, -0.197484, -1.2e-05, 0.0, 0.0, 0.0, 1.0],
                [0.543208, 0.805261, 0.23765, 0.124994, 0.0131, -0.291146, 0.956589, -0.002831, 0.839496, -0.516513, -0.168702, -1.2e-05, 0.0, 0.0, 0.0, 1.0],
                [0.484946, 0.83575, 0.257576, 0.124994, -0.006716, -0.290958, 0.956712, -0.002831, 0.874518, -0.465683, -0.135487, -1.2e-05, 0.0, 0.0, 0.0, 1.0],
                [0.419514, 0.864636, 0.276425, 0.124994, -0.027962, -0.292063, 0.955991, -0.002831, 0.907318, -0.40878, -0.098348, -1.2e-05, 0.0, 0.0, 0.0, 1.0],
                [0.34834, 0.890405, 0.292976, 0.124994, -0.049928, -0.294484, 0.954351, -0.002831, 0.936037, -0.347066, -0.058124, -1.2e-05, 0.0, 0.0, 0.0, 1.0],
                [0.273419, 0.911873, 0.306147, 0.124994, -0.071851, -0.298023, 0.951851, -0.002831, 0.959207, -0.282251, -0.015966, -1.2e-05, 0.0, 0.0, 0.0, 1.0],
                [0.197152, 0.928345, 0.315125, 0.124994, -0.093001, -0.302274, 0.948674, -0.002831, 0.975951, -0.216339, 0.026743, -1.2e-05, 0.0, 0.0, 0.0, 1.0],
                [0.122122, 0.939695, 0.319462, 0.124994, -0.112756, -0.306651, 0.94512, -0.002831, 0.986089, -0.151441, 0.068507, -1.2e-05, 0.0, 0.0, 0.0, 1.0],
                [0.050854, 0.946353, 0.319102, 0.124994, -0.130653, -0.310464, 0.941563, -0.002831, 0.990122, -0.089574, 0.107856, -1.2e-05, 0.0, 0.0, 0.0, 1.0],
                [-0.014387, 0.949197, 0.314349, 0.124994, -0.146407, -0.312992, 0.938403, -0.002831, 0.989119, -0.032522, 0.143472, -1.2e-05, 0.0, 0.0, 0.0, 1.0],
                [-0.071696, 0.949397, 0.305783, 0.124994, -0.159883, -0.313546, 0.936017, -0.002831, 0.984529, 0.018219, 0.174273, -1.2e-05, 0.0, 0.0, 0.0, 1.0],
                [-0.119541, 0.948251, 0.294153, 0.124994, -0.171058, -0.311517, 0.934717, -0.002831, 0.977982, 0.061418, 0.199446, -1.2e-05, 0.0, 0.0, 0.0, 1.0],
                [-0.156673, 0.947048, 0.28027, 0.124994, -0.179959, -0.306397, 0.934738, -0.002831, 0.971117, 0.096011, 0.218434, -1.2e-05, 0.0, 0.0, 0.0, 1.0],
                [-0.181995, 0.946942, 0.26491, 0.124994, -0.186602, -0.297772, 0.936222, -0.002831, 0.965431, 0.120955, 0.230895, -1.2e-05, 0.0, 0.0, 0.0, 1.0],
                [-0.194378, 0.948867, 0.24873, 0.124994, -0.190937, -0.285315, 0.939223, -0.002831, 0.962164, 0.135072, 0.236634, -1.2e-05, 0.0, 0.0, 0.0, 1.0],
                [-0.19728, 0.950937, 0.238319, 0.124994, -0.189548, -0.275508, 0.942427, -0.002831, 0.961848, 0.140748, 0.234601, -1.2e-05, 0.0, 0.0, 0.0, 1.0],
                [-0.195568, 0.950408, 0.241817, 0.124994, -0.179904, -0.277162, 0.943831, -0.002831, 0.964048, 0.141079, 0.225187, -1.2e-05, 0.0, 0.0, 0.0, 1.0],
                [-0.19003, 0.945913, 0.262934, 0.124994, -0.163166, -0.294517, 0.941614, -0.002831, 0.968125, 0.136033, 0.210309, -1.2e-05, 0.0, 0.0, 0.0, 1.0],
                [-0.181435, 0.934603, 0.305935, 0.124994, -0.14052, -0.332545, 0.93256, -0.002831, 0.973311, 0.126209, 0.191665, -1.2e-05, 0.0, 0.0, 0.0, 1.0],
                [-0.17059, 0.911397, 0.374502, 0.124994, -0.113266, -0.39569, 0.911372, -0.002831, 0.97881, 0.113052, 0.170732, -1.2e-05, 0.0, 0.0, 0.0, 1.0],
                [-0.158379, 0.868545, 0.46962, 0.124994, -0.082924, -0.485642, 0.870216, -0.002831, 0.98389, 0.098881, 0.148939, -1.2e-05, 0.0, 0.0, 0.0, 1.0],
                [-0.145761, 0.796624, 0.586636, 0.124994, -0.051326, -0.598258, 0.799658, -0.002831, 0.987987, 0.086449, 0.128091, -1.2e-05, 0.0, 0.0, 0.0, 1.0],
                [-0.13372, 0.687957, 0.713325, 0.124994, -0.020742, -0.721573, 0.692026, -0.002831, 0.990802, 0.077741, 0.110758, -1.2e-05, 0.0, 0.0, 0.0, 1.0],
                [-0.123171, 0.540934, 0.831997, 0.124994, 0.006012, -0.837957, 0.545701, -0.002831, 0.992367, 0.072217, 0.09996, -1.2e-05, 0.0, 0.0, 0.0, 1.0],
                [-0.114822, 0.360872, 0.92552, 0.124994, 0.025472, -0.930304, 0.365899, -0.002831, 0.993059, 0.065588, 0.097627, -1.2e-05, 0.0, 0.0, 0.0, 1.0],
                [-0.111898, 0.267477, 0.957045, 0.124994, 0.051276, -0.960254, 0.274371, -0.002831, 0.992396, 0.079775, 0.093735, -1.2e-05, 0.0, 0.0, 0.0, 1.0],
                [-0.115116, 0.349642, 0.929785, 0.124994, 0.094179, -0.927947, 0.360612, -0.002831, 0.988878, 0.129078, 0.073893, -1.2e-05, 0.0, 0.0, 0.0, 1.0],
                [-0.120923, 0.553622, 0.823942, 0.124994, 0.14588, -0.811108, 0.56641, -0.002831, 0.981884, 0.188688, 0.017319, -1.2e-05, 0.0, 0.0, 0.0, 1.0],
                [-0.124596, 0.808331, 0.575391, 0.124994, 0.19297, -0.549094, 0.813178, -0.002831, 0.973262, 0.212351, -0.087568, -1.2e-05, 0.0, 0.0, 0.0, 1.0],
                [-0.120247, 0.972881, 0.197588, 0.124994, 0.215366, -0.168727, 0.961847, -0.002831, 0.969101, 0.158213, -0.189237, -1.2e-05, 0.0, 0.0, 0.0, 1.0],
                [-0.103917, 0.992909, -0.057699, 0.124994, 0.200954, 0.077778, 0.976509, -0.002831, 0.974073, 0.089881, -0.207611, -1.2e-05, 0.0, 0.0, 0.0, 1.0],
                [-0.078734, 0.993286, -0.08474, 0.124994, 0.171127, 0.097209, 0.980443, -0.002831, 0.982099, 0.062692, -0.177632, -1.2e-05, 0.0, 0.0, 0.0, 1.0],
                [-0.047935, 0.998378, 0.030662, 0.124994, 0.145552, -0.023387, 0.989074, -0.002831, 0.988188, 0.051873, -0.144195, -1.2e-05, 0.0, 0.0, 0.0, 1.0],
                [-0.012636, 0.980812, 0.194539, 0.124994, 0.132131, -0.19121, 0.972615, -0.002831, 0.991151, 0.037994, -0.12718, -1.2e-05, 0.0, 0.0, 0.0, 1.0],
                [0.027055, 0.969076, 0.245267, 0.124994, 0.133302, -0.246662, 0.95989, -0.002831, 0.990705, 0.006725, -0.135854, -1.2e-05, 0.0, 0.0, 0.0, 1.0],
                [0.073779, 0.979146, 0.189279, 0.124994, 0.143833, -0.198259, 0.96954, -0.002831, 0.986847, -0.044307, -0.155461, -1.2e-05, 0.0, 0.0, 0.0, 1.0],
                [0.128258, 0.980253, 0.150501, 0.124994, 0.157005, -0.16991, 0.972872, -0.002831, 0.979234, -0.101149, -0.175698, -1.2e-05, 0.0, 0.0, 0.0, 1.0],
                [0.187492, 0.975101, 0.11841, 0.124994, 0.172358, -0.151337, 0.97334, -0.002831, 0.967026, -0.162084, -0.196441, -1.2e-05, 0.0, 0.0, 0.0, 1.0],
                [0.248498, 0.964553, 0.088783, 0.124994, 0.189208, -0.138228, 0.972159, -0.002831, 0.949973, -0.224781, -0.216851, -1.2e-05, 0.0, 0.0, 0.0, 1.0],
                [0.308474, 0.949324, 0.060205, 0.124994, 0.206682, -0.128669, 0.969911, -0.002831, 0.928508, -0.286748, -0.2359, -1.2e-05, 0.0, 0.0, 0.0, 1.0],
                [0.364961, 0.930442, 0.03282, 0.124994, 0.223774, -0.121883, 0.966991, -0.002831, 0.90373, -0.34557, -0.252691, -1.2e-05, 0.0, 0.0, 0.0, 1.0],
                [0.415981, 0.909338, 0.007665, 0.124994, 0.239412, -0.117644, 0.963764, -0.002831, 0.877291, -0.399073, -0.266645, -1.2e-05, 0.0, 0.0, 0.0, 1.0],
                [0.460064, 0.887777, -0.013803, 0.124994, 0.252526, -0.115928, 0.960621, -0.002831, 0.851218, -0.445432, -0.277522, -1.2e-05, 0.0, 0.0, 0.0, 1.0],
                [0.49617, 0.867707, -0.029989, 0.124994, 0.262078, -0.116752, 0.957959, -0.00283, 0.827726, -0.483169, -0.285336, -1.2e-05, 0.0, 0.0, 0.0, 1.0],
                [0.523524, 0.851101, -0.039318, 0.124994, 0.267078, -0.120113, 0.95616, -0.002831, 0.809068, -0.511073, -0.290193, -1.2e-05, 0.0, 0.0, 0.0, 1.0],
                [0.54573, 0.836807, -0.043919, 0.124994, 0.269291, -0.125506, 0.954846, -0.002831, 0.793511, -0.532915, -0.293838, -1.2e-05, 0.0, 0.0, 0.0, 1.0],
                [0.566893, 0.822447, -0.047026, 0.124994, 0.271117, -0.13236, 0.953403, -0.002831, 0.777899, -0.553226, -0.298013, -1.2e-05, 0.0, 0.0, 0.0, 1.0],
                [0.587037, 0.80809, -0.048735, 0.124994, 0.272549, -0.140591, 0.951815, -0.002831, 0.762301, -0.572032, -0.302777, -1.2e-05, 0.0, 0.0, 0.0, 1.0],
                [0.606191, 0.793798, -0.049147, 0.124994, 0.27359, -0.150106, 0.950062, -0.002831, 0.74678, -0.589364, -0.308168, -1.2e-05, 0.0, 0.0, 0.0, 1.0],
                [0.624385, 0.779617, -0.048355, 0.124994, 0.274237, -0.160826, 0.948119, -0.002831, 0.731393, -0.605251, -0.314218, -1.2e-05, 0.0, 0.0, 0.0, 1.0],
                [0.641652, 0.765587, -0.046449, 0.124994, 0.274499, -0.172668, 0.945958, -0.002831, 0.716194, -0.619725, -0.320946, -1.2e-05, 0.0, 0.0, 0.0, 1.0],
                [0.658022, 0.751739, -0.043515, 0.124994, 0.27438, -0.185555, 0.94355, -0.002831, 0.701229, -0.632815, -0.328361, -1.2e-05, 0.0, 0.0, 0.0, 1.0],
                [0.67353, 0.738096, -0.039633, 0.124994, 0.273889, -0.199408, 0.940862, -0.002831, 0.686544, -0.644552, -0.336464, -1.2e-05, 0.0, 0.0, 0.0, 1.0],
                [0.688206, 0.724676, -0.034882, 0.124994, 0.273039, -0.214154, 0.937864, -0.002831, 0.672177, -0.654966, -0.345248, -1.2e-05, 0.0, 0.0, 0.0, 1.0],
                [0.702084, 0.711487, -0.029331, 0.124994, 0.271841, -0.229722, 0.934521, -0.002831, 0.658163, -0.664086, -0.354697, -1.2e-05, 0.0, 0.0, 0.0, 1.0],
                [0.715198, 0.69854, -0.023051, 0.124994, 0.270312, -0.24604, 0.930804, -0.002831, 0.644534, -0.671939, -0.364792, -1.2e-05, 0.0, 0.0, 0.0, 1.0],
                [0.727577, 0.685835, -0.016108, 0.124994, 0.268466, -0.26304, 0.926681, -0.002831, 0.631314, -0.678555, -0.375506, -1.2e-05, 0.0, 0.0, 0.0, 1.0],
                [0.739253, 0.673372, -0.00856, 0.124994, 0.26632, -0.280652, 0.922122, -0.002831, 0.618529, -0.68396, -0.386806, -1.2e-05, 0.0, 0.0, 0.0, 1.0],
                [0.750256, 0.661146, -0.000467, 0.124994, 0.263893, -0.298811, 0.9171, -0.002831, 0.606199, -0.688181, -0.398657, -1.2e-05, 0.0, 0.0, 0.0, 1.0],
                [0.760615, 0.649152, 0.008115, 0.124994, 0.261204, -0.317448, 0.911592, -0.002831, 0.594338, -0.691249, -0.411017, -1.2e-05, 0.0, 0.0, 0.0, 1.0],
                [0.770357, 0.637381, 0.017137, 0.124994, 0.258272, -0.336502, 0.905573, -0.002831, 0.582962, -0.693187, -0.423845, -1.2e-05, 0.0, 0.0, 0.0, 1.0],
                [0.779511, 0.625824, 0.026546, 0.124994, 0.255119, -0.355903, 0.899026, -0.002831, 0.57208, -0.694027, -0.437091, -1.2e-05, 0.0, 0.0, 0.0, 1.0],
                [0.788103, 0.61447, 0.036296, 0.124994, 0.251764, -0.37559, 0.891935, -0.002831, 0.561701, -0.693797, -0.450706, -1.2e-05, 0.0, 0.0, 0.0, 1.0],
                [0.796158, 0.60331, 0.046341, 0.124994, 0.248229, -0.395498, 0.884287, -0.002831, 0.551828, -0.692528, -0.464639, -1.2e-05, 0.0, 0.0, 0.0, 1.0],
                [0.8037, 0.592333, 0.056638, 0.124994, 0.244536, -0.415565, 0.876076, -0.002831, 0.542465, -0.690251, -0.478837, -1.2e-05, 0.0, 0.0, 0.0, 1.0],
                [0.810751, 0.581526, 0.067145, 0.124994, 0.240705, -0.435725, 0.867297, -0.002831, 0.533613, -0.686999, -0.493243, -1.2e-05, 0.0, 0.0, 0.0, 1.0],
                [0.817335, 0.570881, 0.07782, 0.124994, 0.236759, -0.45592, 0.857952, -0.002831, 0.525269, -0.682808, -0.507803, -1.2e-05, 0.0, 0.0, 0.0, 1.0],
                [0.823474, 0.560389, 0.088623, 0.124994, 0.232718, -0.476085, 0.848049, -0.002831, 0.517429, -0.677721, -0.522457, -1.2e-05, 0.0, 0.0, 0.0, 1.0],
                [0.829187, 0.55004, 0.099518, 0.124994, 0.228603, -0.496162, 0.837595, -0.002831, 0.510088, -0.671772, -0.537153, -1.2e-05, 0.0, 0.0, 0.0, 1.0],
                [0.834495, 0.539829, 0.110464, 0.124994, 0.224435, -0.516089, 0.826608, -0.002831, 0.503237, -0.665007, -0.551831, -1.1e-05, 0.0, 0.0, 0.0, 1.0],
                [0.839415, 0.529751, 0.121427, 0.124994, 0.220235, -0.535807, 0.815112, -0.002831, 0.496869, -0.657473, -0.566436, -1.2e-05, 0.0, 0.0, 0.0, 1.0],
                [0.843967, 0.519803, 0.132369, 0.124994, 0.216023, -0.555259, 0.803133, -0.002831, 0.490971, -0.649222, -0.580911, -1.1e-05, 0.0, 0.0, 0.0, 1.0],
                [0.84817, 0.509985, 0.143257, 0.124994, 0.211818, -0.574389, 0.790702, -0.00283, 0.485532, -0.640303, -0.595205, -1.2e-05, 0.0, 0.0, 0.0, 1.0],
                [0.852038, 0.500298, 0.154054, 0.124994, 0.20764, -0.593143, 0.77786, -0.002831, 0.480538, -0.630778, -0.609263, -1.2e-05, 0.0, 0.0, 0.0, 1.0],
                [0.855589, 0.490746, 0.164726, 0.124994, 0.203506, -0.611467, 0.764653, -0.002831, 0.475975, -0.620704, -0.623035, -1.2e-05, 0.0, 0.0, 0.0, 1.0],
                [0.858839, 0.481337, 0.175239, 0.124994, 0.199436, -0.629308, 0.75113, -0.002831, 0.471826, -0.61015, -0.636471, -1.2e-05, 0.0, 0.0, 0.0, 1.0],
                [0.861804, 0.472081, 0.18556, 0.124994, 0.195446, -0.646619, 0.737349, -0.002831, 0.468075, -0.599182, -0.649526, -1.3e-05, 0.0, 0.0, 0.0, 1.0],
                [0.864498, 0.462992, 0.195653, 0.124994, 0.191552, -0.663351, 0.723376, -0.002831, 0.464705, -0.587877, -0.662154, -1.2e-05, 0.0, 0.0, 0.0, 1.0],
                [0.866936, 0.454089, 0.205487, 0.124994, 0.187773, -0.679457, 0.70928, -0.002831, 0.461696, -0.576314, -0.674312, -1.2e-05, 0.0, 0.0, 0.0, 1.0],
                [0.869132, 0.445389, 0.215027, 0.124994, 0.184122, -0.694895, 0.69514, -0.002831, 0.459029, -0.564576, -0.685963, -1.2e-05, 0.0, 0.0, 0.0, 1.0],
                [0.871101, 0.436921, 0.224239, 0.124994, 0.180615, -0.709621, 0.68104, -0.002831, 0.456685, -0.552752, -0.697067, -1.2e-05, 0.0, 0.0, 0.0, 1.0],
                [0.872855, 0.428711, 0.233088, 0.124994, 0.177266, -0.723595, 0.667073, -0.002831, 0.454644, -0.540938, -0.707591, -1.2e-05, 0.0, 0.0, 0.0, 1.0],
                [0.874408, 0.420795, 0.241541, 0.124994, 0.17409, -0.736777, 0.653338, -0.002831, 0.452884, -0.529233, -0.7175, -1.2e-05, 0.0, 0.0, 0.0, 1.0],
                [0.875772, 0.413208, 0.249561, 0.124994, 0.171098, -0.74913, 0.639944, -0.002831, 0.451384, -0.517745, -0.726768, -1.1e-05, 0.0, 0.0, 0.0, 1.0],
                [0.876961, 0.405996, 0.25711, 0.124994, 0.168305, -0.760613, 0.627008, -0.002831, 0.450125, -0.506588, -0.735361, -1.2e-05, 0.0, 0.0, 0.0, 1.0],
                [0.877986, 0.399203, 0.264151, 0.124994, 0.165723, -0.771192, 0.614652, -0.002831, 0.449083, -0.495879, -0.743255, -1.2e-05, 0.0, 0.0, 0.0, 1.0],
                [0.878859, 0.392882, 0.270644, 0.124994, 0.163364, -0.780829, 0.603007, -0.002831, 0.448238, -0.485744, -0.750423, -1.2e-05, 0.0, 0.0, 0.0, 1.0],
                [0.879592, 0.387086, 0.276549, 0.124994, 0.16124, -0.789486, 0.592209, -0.002831, 0.447569, -0.476311, -0.756841, -1.2e-05, 0.0, 0.0, 0.0, 1.0],
                [0.880197, 0.381876, 0.281822, 0.124994, 0.159362, -0.797125, 0.582403, -0.002831, 0.447054, -0.467717, -0.762485, -1.2e-05, 0.0, 0.0, 0.0, 1.0],
                [0.880682, 0.377309, 0.286418, 0.124994, 0.157741, -0.803708, 0.573734, -0.002831, 0.446672, -0.460097, -0.76733, -1.1e-05, 0.0, 0.0, 0.0, 1.0],
                [0.881059, 0.373449, 0.290291, 0.124994, 0.156389, -0.809192, 0.566346, -0.002831, 0.446403, -0.453585, -0.771352, -1.2e-05, 0.0, 0.0, 0.0, 1.0],
                [0.881338, 0.370358, 0.29339, 0.124994, 0.155318, -0.813535, 0.560389, -0.002831, 0.446228, -0.448322, -0.774524, -1.2e-05, 0.0, 0.0, 0.0, 1.0],
                [0.881527, 0.368089, 0.295667, 0.124994, 0.154538, -0.816695, 0.55599, -0.00283, 0.446125, -0.444428, -0.776824, -1.2e-05, 0.0, 0.0, 0.0, 1.0],
                [0.881635, 0.366698, 0.297071, 0.124994, 0.154061, -0.818625, 0.553279, -0.002831, 0.446076, -0.442022, -0.778224, -1.2e-05, 0.0, 0.0, 0.0, 1.0],
                [0.88167, 0.366226, 0.297551, 0.124994, 0.1539, -0.81928, 0.552354, -0.002831, 0.446064, -0.4412, -0.778697, -1.2e-05, 0.0, 0.0, 0.0, 1.0]
            ]
        },
        {
            "name": "Leg_R",
            "time": [0.0, 0.0167, 0.0333, 0.05, 0.0667, 0.0833, 0.1, 0.1167, 0.1333, 0.15, 0.1667, 0.1833, 0.2, 0.2167, 0.2333, 0.25, 0.2667, 0.2833, 0.3, 0.3167, 0.3333, 0.35, 0.3667, 0.3833, 0.4, 0.4167, 0.4333, 0.45, 0.4667, 0.4833, 0.5, 0.5167, 0.5333, 0.55, 0.5667, 0.5833, 0.6, 0.6167, 0.6333, 0.65, 0.6667, 0.6833, 0.7, 0.7167, 0.7333, 0.75, 0.7667, 0.7833, 0.8, 0.8167, 0.8333, 0.85, 0.8667, 0.8833, 0.9, 0.9167, 0.9333, 0.95, 0.9667, 0.9833, 1.0, 1.0167, 1.0333, 1.05, 1.0667, 1.0833, 1.1, 1.1167, 1.1333, 1.15, 1.1667, 1.1833, 1.2, 1.2167, 1.2333, 1.25, 1.2667, 1.2833, 1.3, 1.3167, 1.3333, 1.35, 1.3667, 1.3833, 1.4, 1.4167, 1.4333, 1.45, 1.4667, 1.4833, 1.5, 1.5167, 1.5333, 1.55, 1.5667, 1.5833, 1.6, 1.6167, 1.6333, 1.65, 1.6667],
            "transform": [
                [1.0, -1e-06, 1e-06, 0.0, -0.0, 0.550084, 0.835109, 0.374726, -1e-06, -0.835112, 0.550079, -0.0, 0.0, 0.0, 0.0, 1.0],
                [1.000001, -1e-06, 1e-06, 0.0, -0.0, 0.548585, 0.836095, 0.374726, -1e-06, -0.836098, 0.548581, 0.0, 0.0, 0.0, 0.0, 1.0],
                [1.0, -1e-06, 1e-06, -0.0, -0.0, 0.544176, 0.838971, 0.374726, -1e-06, -0.838974, 0.544172, 0.0, 0.0, 0.0, 0.0, 1.0],
                [1.000001, -1e-06, 1e-06, 0.0, -0.0, 0.537034, 0.84356, 0.374726, -1e-06, -0.843563, 0.53703, 0.0, 0.0, 0.0, 0.0, 1.0],
                [1.0, -1e-06, 1e-06, 0.0, -0.0, 0.527405, 0.849613, 0.374726, -1e-06, -0.849617, 0.527401, -0.0, 0.0, 0.0, 0.0, 1.0],
                [1.0, -1e-06, 1e-06, -0.0, -0.0, 0.515593, 0.856833, 0.374726, -1e-06, -0.856836, 0.51559, -0.0, 0.0, 0.0, 0.0, 1.0],
                [1.0, -1e-06, 1e-06, 0.0, -0.0, 0.501945, 0.864899, 0.374726, -1e-06, -0.864901, 0.501942, 0.0, 0.0, 0.0, 0.0, 1.0],
                [1.0, -1e-06, 1e-06, -0.0, -0.0, 0.486807, 0.873509, 0.374726, -1e-06, -0.873511, 0.486804, -0.0, 0.0, 0.0, 0.0, 1.0],
                [1.0, -1e-06, 1e-06, 0.0, -0.0, 0.470508, 0.882395, 0.374726, -1e-06, -0.882398, 0.470504, -0.0, 0.0, 0.0, 0.0, 1.0],
                [1.0, -1e-06, 1e-06, 0.0, -0.0, 0.453304, 0.891355, 0.374726, -1e-06, -0.891357, 0.453301, -0.0, 0.0, 0.0, 0.0, 1.0],
                [1.000001, -1e-06, 1e-06, -0.0, -0.0, 0.435343, 0.900264, 0.374726, -1e-06, -0.900266, 0.435341, -0.0, 0.0, 0.0, 0.0, 1.0],
                [1.0, -1e-06, 1e-06, 0.0, -0.0, 0.416628, 0.909076, 0.374726, -1e-06, -0.909079, 0.416625, -0.0, 0.0, 0.0, 0.0, 1.0],
                [1.000001, -1e-06, 1e-06, 0.0, -0.0, 0.397008, 0.917814, 0.374726, -1e-06, -0.917817, 0.397005, -0.0, 0.0, 0.0, 0.0, 1.0],
                [1.0, -1e-06, 1e-06, 0.0, -0.0, 0.376184, 0.926544, 0.374726, -1e-06, -0.926547, 0.376181, -0.0, 0.0, 0.0, 0.0, 1.0],
                [1.000001, -1e-06, 1e-06, -0.0, -0.0, 0.353741, 0.935343, 0.374726, -1e-06, -0.935345, 0.353739, 0.0, 0.0, 0.0, 0.0, 1.0],
                [1.0, -1e-06, 1e-06, 0.0, -0.0, 0.329197, 0.94426, 0.374726, -1e-06, -0.944263, 0.329195, 0.0, 0.0, 0.0, 0.0, 1.0],
                [1.0, -1e-06, 1e-06, -0.0, -0.0, 0.302048, 0.953292, 0.374726, -1e-06, -0.953294, 0.302045, -0.0, 0.0, 0.0, 0.0, 1.0],
                [1.000001, -1e-06, 0.0, 0.0, -0.0, 0.271823, 0.962346, 0.374726, -1e-06, -0.962349, 0.271821, -0.0, 0.0, 0.0, 0.0, 1.0],
                [1.0, -1e-06, 0.0, -0.0, -0.0, 0.238117, 0.971235, 0.374726, -1e-06, -0.971238, 0.238115, -0.0, 0.0, 0.0, 0.0, 1.0],
                [1.0, -1e-06, 0.0, 0.0, -0.0, 0.200633, 0.979666, 0.374726, -1e-06, -0.979668, 0.200632, 0.0, 0.0, 0.0, 0.0, 1.0],
                [1.000001, -1e-06, 0.0, -0.0, -0.0, 0.159205, 0.987245, 0.374726, -1e-06, -0.987247, 0.159204, -0.0, 0.0, 0.0, 0.0, 1.0],
                [1.0, -1e-06, 0.0, 0.0, -0.0, 0.105732, 0.994394, 0.374726, -1e-06, -0.994396, 0.105732, 0.0, 0.0, 0.0, 0.0, 1.0],
                [1.0, -1e-06, 0.0, -0.0, -0.0, 0.036314, 0.99934, 0.374726, -1e-06, -0.999342, 0.036314, 0.0, 0.0, 0.0, 0.0, 1.0],
                [1.0, -1e-06, 0.0, 0.0, -0.0, -0.041455, 0.999139, 0.374726, -1e-06, -0.999141, -0.041455, -0.0, 0.0, 0.0, 0.0, 1.0],
                [1.0, -1e-06, 0.0, -0.0, -0.0, -0.118655, 0.992934, 0.374726, -1e-06, -0.992936, -0.118654, -0.0, 0.0, 0.0, 0.0, 1.0],
                [1.0, -1e-06, 0.0, 0.0, -0.0, -0.185561, 0.982632, 0.374726, -1e-06, -0.982634, -0.18556, 0.0, 0.0, 0.0, 0.0, 1.0],
                [1.0, -1e-06, 0.0, 0.0, -0.0, -0.232087, 0.972694, 0.374726, -1e-06, -0.972696, -0.232086, 0.0, 0.0, 0.0, 0.0, 1.0],
                [1.0, -1e-06, 0.0, 0.0, -0.0, -0.248121, 0.968728, 0.374726, -1e-06, -0.96873, -0.248119, -0.0, 0.0, 0.0, 0.0, 1.0],
                [1.0, -1e-06, 0.0, 0.0, -0.0, -0.223786, 0.974637, 0.374726, -1e-06, -0.974639, -0.223785, -0.0, 0.0, 0.0, 0.0, 1.0],
                [1.0, -1e-06, 0.0, 0.0, -0.0, -0.149639, 0.98874, 0.374726, -1e-06, -0.988741, -0.149638, 0.0, 0.0, 0.0, 0.0, 1.0],
                [1.0, -1e-06, 0.0, 0.0, -0.0, -0.016797, 0.999858, 0.374726, -1e-06, -0.999859, -0.016797, 0.0, 0.0, 0.0, 0.0, 1.0],
                [1.0, -1e-06, 0.0, -0.0, -0.0, 0.034913, 0.99939, 0.374726, -1e-06, -0.999391, 0.034913, -0.0, 0.0, 0.0, 0.0, 1.0],
                [1.0, -1e-06, 0.0, -0.0, -0.0, -0.110219, 0.993906, 0.374726, -1e-06, -0.993908, -0.110218, 0.0, 0.0, 0.0, 0.0, 1.0],
                [1.0, -1e-06, 0.0, 0.0, -0.0, -0.343607, 0.939113, 0.374726, -1e-06, -0.939115, -0.343605, 0.0, 0.0, 0.0, 0.0, 1.0],
                [1.000001, -1e-06, -0.0, 0.0, -0.0, -0.532675, 0.846321, 0.374726, -1e-06, -0.846323, -0.532671, 0.0, 0.0, 0.0, 0.0, 1.0],
                [1.0, -1e-06, -0.0, 0.0, -0.0, -0.568866, 0.82243, 0.374726, -1e-06, -0.822432, -0.568863, 0.0, 0.0, 0.0, 0.0, 1.0],
                [1.0, -1e-06, -0.0, 0.0, -0.0, -0.393014, 0.919532, 0.374726, -1e-06, -0.919534, -0.393012, 0.0, 0.0, 0.0, 0.0, 1.0],
