{
    "animation": [
        {
            "name": "Root",
            "time": [0.0, 0.0111, 0.0222, 0.0333, 0.0444, 0.0556, 0.0667, 0.0778, 0.0889, 0.1, 0.1111, 0.1222, 0.1333, 0.1444, 0.1556, 0.1667, 0.1778, 0.1889, 0.2, 0.2111, 0.2222, 0.2333, 0.2444, 0.2556, 0.2667, 0.2778, 0.2889, 0.3, 0.3111, 0.3222, 0.3333, 0.3444, 0.3556, 0.3667, 0.3778, 0.3889, 0.4, 0.4111, 0.4222, 0.4333, 0.4444, 0.4556, 0.4667, 0.4778, 0.4889, 0.5, 0.5111, 0.5222, 0.5333, 0.5444, 0.5556, 0.5667, 0.5778, 0.5889, 0.6, 0.6111, 0.6222, 0.6333, 0.6444, 0.6556, 0.6667],
            "transform": [
                [1.0, 0.0, 0.0, -5e-06, 0.0, 0.0, -1.0, 0.000946, 0.0, 1.0, 0.0, 0.756016, 0.0, 0.0, 0.0, 1.0],
                [1.0, 0.0, 0.0, -5e-06, 0.0, 0.0, -1.0, 0.000946, 0.0, 1.0, 0.0, 0.756016, 0.0, 0.0, 0.0, 1.0],
                [1.0, 0.0, 0.0, -5e-06, 0.0, 0.0, -1.0, 0.000946, 0.0, 1.0, 0.0, 0.756016, 0.0, 0.0, 0.0, 1.0],
                [1.0, 0.0, 0.0, -5e-06, 0.0, 0.0, -1.0, 0.000946, 0.0, 1.0, 0.0, 0.756016, 0.0, 0.0, 0.0, 1.0],
                [0.999365, 0.0, -0.035631, -5e-06, -0.035631, 0.0, -0.999365, 0.000946, 0.0, 1.0, 0.0, 0.745168, 0.0, 0.0, 0.0, 1.0],
                [0.991773, 0.0, -0.128005, -5e-06, -0.128005, 0.0, -0.991773, 0.000946, 0.0, 1.0, 0.0, 0.716949, 0.0, 0.0, 0.0, 1.0],
                [0.967297, 0.0, -0.253648, -5e-06, -0.253648, 0.0, -0.967297, 0.000946, 0.0, 1.0, 0.0, 0.677851, 0.0, 0.0, 0.0, 1.0],
                [0.922367, 0.0, -0.386314, -5e-06, -0.386314, 0.0, -0.922367, 0.000946, 0.0, 1.0, 0.0, 0.634366, 0.0, 0.0, 0.0, 1.0],
                [0.865462, 0.0, -0.500974, -5e-06, -0.500974, 0.0, -0.865462, 0.000946, 0.0, 1.0, 0.0, 0.592983, 0.0, 0.0, 0.0, 1.0],
                [0.815359, 0.0, -0.578956, -5e-06, -0.578956, 0.0, -0.815359, 0.000946, 0.0, 1.0, 0.0, 0.560196, 0.0, 0.0, 0.0, 1.0],
                [0.794202, 0.0, -0.607653, -5e-06, -0.607653, 0.0, -0.794202, 0.000946, 0.0, 1.0, 0.0, 0.542493, 0.0, 0.0, 0.0, 1.0],
                [0.794197, 3e-06, -0.60766, -5e-06, -0.607655, 0.004373, -0.794189, 0.000963, 0.002655, 0.99999, 0.003475, 0.535989, 0.0, 0.0, 0.0, 1.0],
                [0.794233, 9e-06, -0.607614, -5e-06, -0.607547, 0.014802, -0.794146, 0.001077, 0.008987, 0.99989, 0.011762, 0.532045, 0.0, 0.0, 0.0, 1.0],
                [0.794346, 1.3e-05, -0.607466, -5e-06, -0.607241, 0.027247, -0.79405, 0.001388, 0.016541, 0.999629, 0.021651, 0.530019, 0.0, 0.0, 0.0, 1.0],
                [0.794571, 1.2e-05, -0.607171, -5e-06, -0.606741, 0.037671, -0.794007, 0.001993, 0.022863, 0.99929, 0.029939, 0.529273, 0.0, 0.0, 0.0, 1.0],
                [0.794944, 0.0, -0.606683, -5e-06, -0.606146, 0.042044, -0.794241, 0.002991, 0.025507, 0.999116, 0.033422, 0.529166, 0.0, 0.0, 0.0, 1.0],
                [0.799902, -0.000169, -0.600131, -5e-06, -0.599619, 0.041082, -0.799231, 0.015656, 0.024789, 0.999156, 0.03276, 0.529176, 0.0, 0.0, 0.0, 1.0],
                [0.81246, -0.000566, -0.583017, -5e-06, -0.582569, 0.038424, -0.811873, 0.048649, 0.022862, 0.999261, 0.030889, 0.529246, 0.0, 0.0, 0.0, 1.0],
                [0.830352, -0.001048, -0.557238, -5e-06, -0.556878, 0.03443, -0.829881, 0.098151, 0.020055, 0.999407, 0.028006, 0.529436, 0.0, 0.0, 0.0, 1.0],
                [0.851268, -0.001467, -0.52473, -5e-06, -0.524466, 0.029464, -0.850922, 0.160341, 0.016709, 0.999565, 0.024313, 0.529807, 0.0, 0.0, 0.0, 1.0],
                [0.873044, -0.001706, -0.487638, -5e-06, -0.487463, 0.023906, -0.872816, 0.2314, 0.013147, 0.999713, 0.02004, 0.530418, 0.0, 0.0, 0.0, 1.0],
                [0.893839, -0.001701, -0.448386, -5e-06, -0.448285, 0.018149, -0.893707, 0.307507, 0.009658, 0.999834, 0.01546, 0.531329, 0.0, 0.0, 0.0, 1.0],
                [0.912233, -0.001453, -0.409669, -5e-06, -0.40962, 0.012591, -0.912169, 0.384842, 0.006484, 0.99992, 0.010891, 0.5326, 0.0, 0.0, 0.0, 1.0],
                [0.927275, -0.001028, -0.374379, -5e-06, -0.374361, 0.007624, -0.927252, 0.459584, 0.003808, 0.99997, 0.006685, 0.534293, 0.0, 0.0, 0.0, 1.0],
                [0.938417, -0.000547, -0.345505, -5e-06, -0.345501, 0.003628, -0.938411, 0.527915, 0.001766, 0.999993, 0.003216, 0.536465, 0.0, 0.0, 0.0, 1.0],
                [0.945356, -0.000156, -0.326041, -5e-06, -0.326041, 0.000967, -0.945355, 0.586013, 0.000463, 1.0, 0.000864, 0.539179, 0.0, 0.0, 0.0, 1.0],
                [0.947782, -0.0, -0.318919, -5e-06, -0.318919, 0.0, -0.947782, 0.630058, 0.0, 1.0, 0.0, 0.542493, 0.0, 0.0, 0.0, 1.0],
                [0.947782, 0.0, -0.318919, -5e-06, -0.318919, -0.0, -0.947782, 0.657675, -0.0, 1.0, -0.0, 0.546644, 0.0, 0.0, 0.0, 1.0],
                [0.947782, -0.0, -0.318919, -5e-06, -0.318919, -0.0, -0.947782, 0.672263, -0.0, 1.0, -0.0, 0.551559, 0.0, 0.0, 0.0, 1.0],
                [0.947782, 0.0, -0.318919, -5e-06, -0.318919, 0.0, -0.947782, 0.678669, 0.0, 1.0, 0.0, 0.55683, 0.0, 0.0, 0.0, 1.0],
                [0.947782, 0.0, -0.318919, -5e-06, -0.318919, 0.0, -0.947782, 0.681735, 0.0, 1.0, 0.0, 0.562053, 0.0, 0.0, 0.0, 1.0],
                [0.947782, -0.0, -0.318919, -5e-06, -0.318919, -0.0, -0.947782, 0.686308, 0.0, 1.0, -0.0, 0.566822, 0.0, 0.0, 0.0, 1.0],
                [0.947782, 0.0, -0.318919, -5e-06, -0.318919, 0.0, -0.947782, 0.697232, 0.0, 1.0, 0.0, 0.570731, 0.0, 0.0, 0.0, 1.0],
                [0.947782, 0.0, -0.318919, -5e-06, -0.318919, 0.0, -0.947782, 0.719351, 0.0, 1.0, 0.0, 0.573373, 0.0, 0.0, 0.0, 1.0],
                [0.947782, 0.0, -0.318919, -5e-06, -0.318919, 0.0, -0.947782, 0.757511, 0.0, 1.0, 0.0, 0.574344, 0.0, 0.0, 0.0, 1.0],
                [0.979042, 0.0, -0.20366, -5e-06, -0.20366, 0.0, -0.979042, 0.822334, 0.0, 1.0, 0.0, 0.57241, 0.0, 0.0, 0.0, 1.0],
                [0.997987, 0.0, 0.063424, -5e-06, 0.063424, 0.0, -0.997987, 0.902812, 0.0, 1.0, 0.0, 0.568154, 0.0, 0.0, 0.0, 1.0],
                [0.945384, 0.0, 0.32596, -5e-06, 0.32596, 0.0, -0.945384, 0.971341, 0.0, 1.0, 0.0, 0.563898, 0.0, 0.0, 0.0, 1.0],
                [0.899785, 0.0, 0.436335, -5e-06, 0.436335, 0.0, -0.899785, 1.000318, 0.0, 1.0, 0.0, 0.561964, 0.0, 0.0, 0.0, 1.0],
                [0.899785, 0.0, 0.436335, -5e-06, 0.436335, 0.0, -0.899785, 1.000318, 0.0, 1.0, 0.0, 0.561964, 0.0, 0.0, 0.0, 1.0],
                [0.899785, 0.0, 0.436335, -5e-06, 0.436335, 0.0, -0.899785, 1.000318, 0.0, 1.0, 0.0, 0.561964, 0.0, 0.0, 0.0, 1.0],
                [0.899785, 0.0, 0.436335, -5e-06, 0.436335, 0.0, -0.899785, 1.000318, 0.0, 1.0, 0.0, 0.561964, 0.0, 0.0, 0.0, 1.0],
                [0.899785, 0.0, 0.436335, -5e-06, 0.436335, 0.0, -0.899785, 1.000318, 0.0, 1.0, 0.0, 0.561964, 0.0, 0.0, 0.0, 1.0],
                [0.899785, 0.0, 0.436335, -5e-06, 0.436335, 0.0, -0.899785, 1.000318, 0.0, 1.0, 0.0, 0.561964, 0.0, 0.0, 0.0, 1.0],
                [0.899785, 0.0, 0.436335, -5e-06, 0.436335, 0.0, -0.899785, 1.000318, 0.0, 1.0, 0.0, 0.561964, 0.0, 0.0, 0.0, 1.0],
                [0.899785, 0.0, 0.436335, -5e-06, 0.436335, 0.0, -0.899785, 1.000318, 0.0, 1.0, 0.0, 0.561964, 0.0, 0.0, 0.0, 1.0],
                [0.899785, 0.0, 0.436335, -5e-06, 0.436335, 0.0, -0.899785, 1.000318, 0.0, 1.0, 0.0, 0.561964, 0.0, 0.0, 0.0, 1.0],
                [0.899785, 0.0, 0.436335, -5e-06, 0.436335, 0.0, -0.899785, 1.000318, 0.0, 1.0, 0.0, 0.561964, 0.0, 0.0, 0.0, 1.0],
                [0.899785, 0.0, 0.436335, -5e-06, 0.436335, 0.0, -0.899785, 1.000318, 0.0, 1.0, 0.0, 0.561964, 0.0, 0.0, 0.0, 1.0],
                [0.899785, 0.0, 0.436335, -5e-06, 0.436335, 0.0, -0.899785, 1.000318, 0.0, 1.0, 0.0, 0.561964, 0.0, 0.0, 0.0, 1.0],
                [0.899785, 0.0, 0.436335, -5e-06, 0.436335, 0.0, -0.899785, 1.000318, 0.0, 1.0, 0.0, 0.561964, 0.0, 0.0, 0.0, 1.0],
                [0.899785, 0.0, 0.436335, -5e-06, 0.436335, 0.0, -0.899785, 1.000318, 0.0, 1.0, 0.0, 0.561964, 0.0, 0.0, 0.0, 1.0],
                [0.899785, 0.0, 0.436335, -5e-06, 0.436335, 0.0, -0.899785, 1.000318, 0.0, 1.0, 0.0, 0.561964, 0.0, 0.0, 0.0, 1.0],
                [0.899785, 0.0, 0.436335, -5e-06, 0.436335, 0.0, -0.899785, 1.000318, 0.0, 1.0, 0.0, 0.561964, 0.0, 0.0, 0.0, 1.0],
                [0.899785, 0.0, 0.436335, -5e-06, 0.436335, 0.0, -0.899785, 1.000318, 0.0, 1.0, 0.0, 0.561964, 0.0, 0.0, 0.0, 1.0],
                [0.899785, 0.0, 0.436335, -5e-06, 0.436335, 0.0, -0.899785, 1.000318, 0.0, 1.0, 0.0, 0.561964, 0.0, 0.0, 0.0, 1.0],
                [0.899785, 0.0, 0.436335, -5e-06, 0.436335, 0.0, -0.899785, 1.000318, 0.0, 1.0, 0.0, 0.561964, 0.0, 0.0, 0.0, 1.0],
                [0.899785, 0.0, 0.436335, -5e-06, 0.436335, 0.0, -0.899785, 1.000318, 0.0, 1.0, 0.0, 0.561964, 0.0, 0.0, 0.0, 1.0],
                [0.899785, 0.0, 0.436335, -5e-06, 0.436335, 0.0, -0.899785, 1.000318, 0.0, 1.0, 0.0, 0.561964, 0.0, 0.0, 0.0, 1.0],
                [0.899785, 0.0, 0.436335, -5e-06, 0.436335, 0.0, -0.899785, 1.000318, 0.0, 1.0, 0.0, 0.561964, 0.0, 0.0, 0.0, 1.0],
                [0.899785, 0.0, 0.436335, -5e-06, 0.436335, 0.0, -0.899785, 1.000318, 0.0, 1.0, 0.0, 0.561964, 0.0, 0.0, 0.0, 1.0]
            ]
        },
        {
            "name": "Thigh_R",
            "time": [0.0, 0.0111, 0.0222, 0.0333, 0.0444, 0.0556, 0.0667, 0.0778, 0.0889, 0.1, 0.1111, 0.1222, 0.1333, 0.1444, 0.1556, 0.1667, 0.1778, 0.1889, 0.2, 0.2111, 0.2222, 0.2333, 0.2444, 0.2556, 0.2667, 0.2778, 0.2889, 0.3, 0.3111, 0.3222, 0.3333, 0.3444, 0.3556, 0.3667, 0.3778, 0.3889, 0.4, 0.4111, 0.4222, 0.4333, 0.4444, 0.4556, 0.4667, 0.4778, 0.4889, 0.5, 0.5111, 0.5222, 0.5333, 0.5444, 0.5556, 0.5667, 0.5778, 0.5889, 0.6, 0.6111, 0.6222, 0.6333, 0.6444, 0.6556, 0.6667],
            "transform": [
                [0.996582, 0.07395, 0.036819, 0.124994, 0.067847, -0.986972, 0.145877, -0.002831, 0.047127, -0.14288, -0.988618, -1.2e-05, 0.0, 0.0, 0.0, 1.0],
                [0.996582, 0.07395, 0.036819, 0.124994, 0.067847, -0.986972, 0.145877, -0.002831, 0.047127, -0.14288, -0.988618, -1.2e-05, 0.0, 0.0, 0.0, 1.0],
                [0.996582, 0.07395, 0.036819, 0.124994, 0.067847, -0.986972, 0.145877, -0.002831, 0.047127, -0.14288, -0.988618, -1.2e-05, 0.0, 0.0, 0.0, 1.0],
                [0.996582, 0.07395, 0.036819, 0.124994, 0.067847, -0.986972, 0.145877, -0.002831, 0.047127, -0.14288, -0.988618, -1.2e-05, 0.0, 0.0, 0.0, 1.0],
                [0.993551, 0.090997, 0.067641, 0.124994, 0.073099, -0.970114, 0.231369, -0.002831, 0.086674, -0.224932, -0.970512, -1.2e-05, 0.0, 0.0, 0.0, 1.0],
                [0.982204, 0.147276, 0.116554, 0.124994, 0.10059, -0.936562, 0.335755, -0.002831, 0.158609, -0.318055, -0.934711, -1.2e-05, 0.0, 0.0, 0.0, 1.0],
                [0.965737, 0.231264, 0.11777, 0.124994, 0.166997, -0.90112, 0.400114, -0.002831, 0.198657, -0.366737, -0.908867, -1.2e-05, 0.0, 0.0, 0.0, 1.0],
                [0.943238, 0.326541, 0.060603, 0.124994, 0.272918, -0.866075, 0.41884, -0.002831, 0.189255, -0.378526, -0.906036, -1.2e-05, 0.0, 0.0, 0.0, 1.0],
                [0.904196, 0.426626, -0.020452, 0.124994, 0.399746, -0.828415, 0.392337, -0.002831, 0.150438, -0.362925, -0.919594, -1.2e-05, 0.0, 0.0, 0.0, 1.0],
                [0.849946, 0.521047, -0.078104, 0.124994, 0.515163, -0.790803, 0.330508, -0.002831, 0.110446, -0.32115, -0.940566, -1.2e-05, 0.0, 0.0, 0.0, 1.0],
                [0.803759, 0.589943, -0.07705, 0.124994, 0.588538, -0.769427, 0.248198, -0.002831, 0.087138, -0.244838, -0.965641, -1.2e-05, 0.0, 0.0, 0.0, 1.0],
                [0.786549, 0.614958, -0.05626, 0.124994, 0.614778, -0.771203, 0.165204, -0.002831, 0.058205, -0.164528, -0.984653, -1.2e-05, 0.0, 0.0, 0.0, 1.0],
                [0.791125, 0.608154, -0.065337, 0.124994, 0.611616, -0.785343, 0.095713, -0.002831, 0.006896, -0.115681, -0.993263, -1.2e-05, 0.0, 0.0, 0.0, 1.0],
                [0.80387, 0.587501, -0.092915, 0.124994, 0.592821, -0.804098, 0.044574, -0.002831, -0.048525, -0.090913, -0.994676, -1.2e-05, 0.0, 0.0, 0.0, 1.0],
                [0.814558, 0.567036, -0.122329, 0.124994, 0.572733, -0.819612, 0.014493, -0.002831, -0.092045, -0.081867, -0.992384, -1.2e-05, 0.0, 0.0, 0.0, 1.0],
                [0.817866, 0.55876, -0.137409, 0.124994, 0.564356, -0.825528, 0.00214, -0.002831, -0.112239, -0.079298, -0.990512, -1.2e-05, 0.0, 0.0, 0.0, 1.0],
                [0.820152, 0.551845, -0.151053, 0.124994, 0.55991, -0.828442, 0.013491, -0.002831, -0.117694, -0.09564, -0.988434, -1.2e-05, 0.0, 0.0, 0.0, 1.0],
                [0.829048, 0.528781, -0.18185, 0.124994, 0.545341, -0.836479, 0.053878, -0.002831, -0.123624, -0.143837, -0.981849, -1.2e-05, 0.0, 0.0, 0.0, 1.0],
                [0.842308, 0.491302, -0.221672, 0.124994, 0.523092, -0.844288, 0.116402, -0.002831, -0.129966, -0.214001, -0.968149, -1.2e-05, 0.0, 0.0, 0.0, 1.0],
                [0.857495, 0.442071, -0.2632, 0.124994, 0.496044, -0.846136, 0.194916, -0.002831, -0.136536, -0.297698, -0.944846, -1.2e-05, 0.0, 0.0, 0.0, 1.0],
                [0.872302, 0.385262, -0.3011, 0.124994, 0.467664, -0.837133, 0.283719, -0.002831, -0.142754, -0.388302, -0.910408, -1.2e-05, 0.0, 0.0, 0.0, 1.0],
                [0.885015, 0.326226, -0.33215, 0.124994, 0.441525, -0.814404, 0.376564, -0.002831, -0.147659, -0.479916, -0.864799, -1.2e-05, 0.0, 0.0, 0.0, 1.0],
                [0.894861, 0.270436, -0.355087, 0.124994, 0.420313, -0.778276, 0.466498, -0.002831, -0.150198, -0.566698, -0.810119, -1.2e-05, 0.0, 0.0, 0.0, 1.0],
                [0.902021, 0.222244, -0.370088, 0.124994, 0.404943, -0.732682, 0.546987, -0.002831, -0.149593, -0.643258, -0.750893, -1.2e-05, 0.0, 0.0, 0.0, 1.0],
                [0.907379, 0.18415, -0.377826, 0.124994, 0.394338, -0.684088, 0.613612, -0.002831, -0.145469, -0.705768, -0.693346, -1.2e-05, 0.0, 0.0, 0.0, 1.0],
                [0.912213, 0.157018, -0.378434, 0.124994, 0.385955, -0.639291, 0.665091, -0.002831, -0.137498, -0.752761, -0.643772, -1.2e-05, 0.0, 0.0, 0.0, 1.0],
                [0.917964, 0.141247, -0.370662, 0.124994, 0.376659, -0.603391, 0.702884, -0.002831, -0.124374, -0.784835, -0.607094, -1.2e-05, 0.0, 0.0, 0.0, 1.0],
                [0.922661, 0.133831, -0.361642, 0.124994, 0.369198, -0.577289, 0.728305, -0.002831, -0.111303, -0.805496, -0.582054, -1.2e-05, 0.0, 0.0, 0.0, 1.0],
                [0.925075, 0.124284, -0.358872, 0.124994, 0.365131, -0.550992, 0.750391, -0.002831, -0.104474, -0.825202, -0.55509, -1.2e-05, 0.0, 0.0, 0.0, 1.0],
                [0.927975, 0.104625, -0.357653, 0.124994, 0.358574, -0.51193, 0.78061, -0.002831, -0.101422, -0.85263, -0.512575, -1.2e-05, 0.0, 0.0, 0.0, 1.0],
                [0.934288, 0.07062, -0.349453, 0.124994, 0.342531, -0.449661, 0.82491, -0.002831, -0.09888, -0.890401, -0.444303, -1.2e-05, 0.0, 0.0, 0.0, 1.0],
                [0.946893, 0.027993, -0.320327, 0.124994, 0.307892, -0.366166, 0.878137, -0.002831, -0.092711, -0.930126, -0.35534, -1.2e-05, 0.0, 0.0, 0.0, 1.0],
                [0.96651, -0.024215, -0.255482, 0.124994, 0.234729, -0.31898, 0.918234, -0.002831, -0.103729, -0.94745, -0.302614, -1.2e-05, 0.0, 0.0, 0.0, 1.0],
                [0.980762, -0.069841, -0.182283, 0.124994, 0.141421, -0.389447, 0.910127, -0.002831, -0.134554, -0.918395, -0.372079, -1.2e-05, 0.0, 0.0, 0.0, 1.0],
                [0.985769, -0.073431, -0.151213, 0.124994, 0.055575, -0.706595, 0.705431, -0.002831, -0.158647, -0.703795, -0.69246, -1.2e-05, 0.0, 0.0, 0.0, 1.0],
                [0.998962, -0.039364, -0.022923, 0.124994, -0.011535, -0.705419, 0.708696, -0.002831, -0.044067, -0.707694, -0.705143, -1.2e-05, 0.0, 0.0, 0.0, 1.0],
                [0.970729, 0.170321, 0.169339, 0.124994, -0.031264, -0.609448, 0.792209, -0.002831, 0.238133, -0.774313, -0.586285, -1.2e-05, 0.0, 0.0, 0.0, 1.0],
                [0.86111, 0.443628, 0.248359, 0.124994, -0.004112, -0.4824, 0.875941, -0.002831, 0.508401, -0.755302, -0.413577, -1.2e-05, 0.0, 0.0, 0.0, 1.0],
                [0.790422, 0.547689, 0.274352, 0.124994, 0.0177, -0.468109, 0.883493, -0.002831, 0.612307, -0.693475, -0.379698, -1.2e-05, 0.0, 0.0, 0.0, 1.0],
                [0.808265, 0.533228, 0.249748, 0.124994, 0.036409, -0.468598, 0.882661, -0.002831, 0.587691, -0.70433, -0.398167, -1.2e-05, 0.0, 0.0, 0.0, 1.0],
                [0.829846, 0.514031, 0.217086, 0.124994, 0.060572, -0.469735, 0.880727, -0.002831, 0.554694, -0.717717, -0.420945, -1.2e-05, 0.0, 0.0, 0.0, 1.0],
                [0.80855, 0.532988, 0.24934, 0.124994, 0.036715, -0.468609, 0.882642, -0.002831, 0.587281, -0.704504, -0.398463, -1.2e-05, 0.0, 0.0, 0.0, 1.0],
                [0.785852, 0.551215, 0.280351, 0.124994, 0.013069, -0.46804, 0.883611, -0.002831, 0.618275, -0.690722, -0.375015, -1.2e-05, 0.0, 0.0, 0.0, 1.0],
                [0.785853, 0.551215, 0.280351, 0.124994, 0.013069, -0.46804, 0.883611, -0.002831, 0.618275, -0.690722, -0.375015, -1.2e-05, 0.0, 0.0, 0.0, 1.0],
                [0.785853, 0.551215, 0.280351, 0.124994, 0.013069, -0.46804, 0.883611, -0.002831, 0.618275, -0.690723, -0.375015, -1.2e-05, 0.0, 0.0, 0.0, 1.0],
                [0.785853, 0.551215, 0.280351, 0.124994, 0.013069, -0.46804, 0.883611, -0.002831, 0.618275, -0.690722, -0.375015, -1.2e-05, 0.0, 0.0, 0.0, 1.0],
                [0.785853, 0.551215, 0.280351, 0.124994, 0.013069, -0.46804, 0.883611, -0.002831, 0.618275, -0.690722, -0.375015, -1.2e-05, 0.0, 0.0, 0.0, 1.0],
                [0.785853, 0.551215, 0.280351, 0.124994, 0.013069, -0.46804, 0.883611, -0.002831, 0.618275, -0.690722, -0.375015, -1.2e-05, 0.0, 0.0, 0.0, 1.0],
                [0.785853, 0.551215, 0.280351, 0.124994, 0.013069, -0.46804, 0.883611, -0.002831, 0.618275, -0.690722, -0.375015, -1.2e-05, 0.0, 0.0, 0.0, 1.0],
                [0.785853, 0.551215, 0.280351, 0.124994, 0.013069, -0.46804, 0.883611, -0.002831, 0.618275, -0.690722, -0.375015, -1.2e-05, 0.0, 0.0, 0.0, 1.0],
                [0.785853, 0.551215, 0.280351, 0.124994, 0.013069, -0.46804, 0.883611, -0.002831, 0.618275, -0.690723, -0.375015, -1.2e-05, 0.0, 0.0, 0.0, 1.0],
                [0.785853, 0.551215, 0.280351, 0.124994, 0.013069, -0.46804, 0.883611, -0.002831, 0.618275, -0.690722, -0.375015, -1.2e-05, 0.0, 0.0, 0.0, 1.0],
                [0.785853, 0.551215, 0.280351, 0.124994, 0.013069, -0.46804, 0.883611, -0.002831, 0.618275, -0.690722, -0.375015, -1.2e-05, 0.0, 0.0, 0.0, 1.0],
                [0.785853, 0.551215, 0.280351, 0.124994, 0.013069, -0.46804, 0.88361, -0.002831, 0.618275, -0.690722, -0.375015, -1.2e-05, 0.0, 0.0, 0.0, 1.0],
                [0.785853, 0.551215, 0.280351, 0.124994, 0.013069, -0.46804, 0.883611, -0.002831, 0.618275, -0.690722, -0.375015, -1.2e-05, 0.0, 0.0, 0.0, 1.0],
                [0.785853, 0.551215, 0.280351, 0.124994, 0.013069, -0.46804, 0.883611, -0.002831, 0.618275, -0.690722, -0.375015, -1.2e-05, 0.0, 0.0, 0.0, 1.0],
                [0.785853, 0.551215, 0.280351, 0.124994, 0.013069, -0.46804, 0.883611, -0.002831, 0.618275, -0.690722, -0.375015, -1.2e-05, 0.0, 0.0, 0.0, 1.0],
                [0.785853, 0.551215, 0.280351, 0.124994, 0.013069, -0.46804, 0.883611, -0.002831, 0.618275, -0.690722, -0.375015, -1.2e-05, 0.0, 0.0, 0.0, 1.0],
                [0.785853, 0.551215, 0.280351, 0.124994, 0.013069, -0.46804, 0.883611, -0.002831, 0.618275, -0.690722, -0.375015, -1.2e-05, 0.0, 0.0, 0.0, 1.0],
                [0.785853, 0.551215, 0.280351, 0.124994, 0.013069, -0.46804, 0.883611, -0.002831, 0.618275, -0.690723, -0.375015, -1.2e-05, 0.0, 0.0, 0.0, 1.0],
                [0.785853, 0.551215, 0.280351, 0.124994, 0.013069, -0.46804, 0.883611, -0.002831, 0.618275, -0.690722, -0.375015, -1.2e-05, 0.0, 0.0, 0.0, 1.0]
            ]
        },
        {
            "name": "Leg_R",
            "time": [0.0, 0.0111, 0.0222, 0.0333, 0.0444, 0.0556, 0.0667, 0.0778, 0.0889, 0.1, 0.1111, 0.1222, 0.1333, 0.1444, 0.1556, 0.1667, 0.1778, 0.1889, 0.2, 0.2111, 0.2222, 0.2333, 0.2444, 0.2556, 0.2667, 0.2778, 0.2889, 0.3, 0.3111, 0.3222, 0.3333, 0.3444, 0.3556, 0.3667, 0.3778, 0.3889, 0.4, 0.4111, 0.4222, 0.4333, 0.4444, 0.4556, 0.4667, 0.4778, 0.4889, 0.5, 0.5111, 0.5222, 0.5333, 0.5444, 0.5556, 0.5667, 0.5778, 0.5889, 0.6, 0.6111, 0.6222, 0.6333, 0.6444, 0.6556, 0.6667],
            "transform": [
                [1.0, -0.0, 1e-06, 0.0, -0.0, 0.967457, 0.253045, 0.374726, -1e-06, -0.253047, 0.967452, 0.0, 0.0, 0.0, 0.0, 1.0],
                [1.0, -0.0, 1e-06, 0.0, -0.0, 0.967457, 0.253045, 0.374726, -1e-06, -0.253047, 0.967452, 0.0, 0.0, 0.0, 0.0, 1.0],
                [1.0, -0.0, 1e-06, 0.0, -0.0, 0.967457, 0.253045, 0.374726, -1e-06, -0.253047, 0.967452, 0.0, 0.0, 0.0, 0.0, 1.0],
                [1.0, -0.0, 1e-06, 0.0, -0.0, 0.967457, 0.253045, 0.374726, -1e-06, -0.253047, 0.967452, 0.0, 0.0, 0.0, 0.0, 1.0],
                [1.0, -0.0, 1e-06, 0.0, -0.0, 0.896357, 0.443336, 0.374726, -1e-06, -0.443338, 0.896353, -0.0, 0.0, 0.0, 0.0, 1.0],
                [1.0, -1e-06, 1e-06, 0.0, -0.0, 0.726226, 0.687456, 0.374726, -1e-06, -0.687459, 0.726223, -0.0, 0.0, 0.0, 0.0, 1.0],
                [1.0, -1e-06, 1e-06, -0.0, -0.0, 0.527915, 0.849297, 0.374726, -1e-06, -0.849299, 0.527913, -0.0, 0.0, 0.0, 0.0, 1.0],
                [1.0, -1e-06, 0.0, 0.0, -0.0, 0.36436, 0.931257, 0.374726, -1e-06, -0.931259, 0.364359, -0.0, 0.0, 0.0, 0.0, 1.0],
                [1.0, -1e-06, 0.0, -0.0, -0.0, 0.276775, 0.960934, 0.374726, -1e-06, -0.960936, 0.276774, 0.0, 0.0, 0.0, 0.0, 1.0],
                [1.0, -1e-06, 0.0, 0.0, -0.0, 0.277527, 0.960717, 0.374726, -1e-06, -0.960719, 0.277527, 0.0, 0.0, 0.0, 0.0, 1.0],
                [1.0, -1e-06, 1e-06, 0.0, -0.0, 0.352672, 0.935746, 0.374726, -1e-06, -0.935748, 0.352671, 0.0, 0.0, 0.0, 0.0, 1.0],
                [1.0, -1e-06, 1e-06, -0.0, -0.0, 0.443532, 0.896258, 0.374726, -1e-06, -0.89626, 0.44353, 0.0, 0.0, 0.0, 0.0, 1.0],
                [1.0, -1e-06, 0.0, 0.0, -0.0, 0.505724, 0.862695, 0.374726, -1e-06, -0.862697, 0.505722, -0.0, 0.0, 0.0, 0.0, 1.0],
                [1.0, -1e-06, 1e-06, -0.0, -0.0, 0.541669, 0.840591, 0.374726, -1e-06, -0.840594, 0.541667, 0.0, 0.0, 0.0, 0.0, 1.0],
                [1.0, -1e-06, 1e-06, 0.0, -0.0, 0.558879, 0.829248, 0.374726, -1e-06, -0.82925, 0.558878, 0.0, 0.0, 0.0, 0.0, 1.0],
                [1.0, -1e-06, 1e-06, 0.0, -0.0, 0.567183, 0.823591, 0.374726, -1e-06, -0.823593, 0.567181, 0.0, 0.0, 0.0, 0.0, 1.0],
                [1.000001, -1e-06, 1e-06, -0.0, -0.0, 0.547698, 0.836676, 0.374726, -1e-06, -0.836679, 0.547696, 0.0, 0.0, 0.0, 0.0, 1.0],
                [1.0, -1e-06, 1e-06, -0.0, -0.0, 0.48323, 0.875493, 0.374726, -1e-06, -0.875495, 0.483228, -0.0, 0.0, 0.0, 0.0, 1.0],
                [1.0, -1e-06, 1e-06, -0.0, -0.0, 0.38925, 0.921131, 0.374726, -1e-06, -0.921134, 0.389249, -0.0, 0.0, 0.0, 0.0, 1.0],
                [1.0, -1e-06, 1e-06, 0.0, -0.0, 0.282106, 0.959382, 0.374726, -1e-06, -0.959384, 0.282105, -0.0, 0.0, 0.0, 0.0, 1.0],
                [1.0, -1e-06, 0.0, -0.0, -0.0, 0.176675, 0.984268, 0.374726, -1e-06, -0.98427, 0.176675, 0.0, 0.0, 0.0, 0.0, 1.0],
                [1.0, -1e-06, 0.0, -0.0, -0.0, 0.084728, 0.996403, 0.374726, -1e-06, -0.996405, 0.084728, 0.0, 0.0, 0.0, 0.0, 1.0],
                [1.000001, -1e-06, 0.0, 0.0, -0.0, 0.013929, 0.999902, 0.374726, -1e-06, -0.999904, 0.013929, 0.0, 0.0, 0.0, 0.0, 1.0],
                [1.0, -1e-06, 0.0, 0.0, -0.0, -0.03255, 0.99947, 0.374726, -1e-06, -0.999471, -0.03255, 0.0, 0.0, 0.0, 0.0, 1.0],
                [1.0, -1e-06, 0.0, -0.0, -0.0, -0.055829, 0.998439, 0.374726, -1e-06, -0.998441, -0.055829, 0.0, 0.0, 0.0, 0.0, 1.0],
                [1.0, -1e-06, 0.0, 0.0, -0.0, -0.060567, 0.998163, 0.374726, -1e-06, -0.998165, -0.060567, 0.0, 0.0, 0.0, 0.0, 1.0],
                [1.0, -1e-06, 0.0, 0.0, -0.0, -0.053622, 0.99856, 0.374726, -1e-06, -0.998562, -0.053622, 0.0, 0.0, 0.0, 0.0, 1.0],
                [1.0, -1e-06, 0.0, -0.0, -0.0, -0.051128, 0.998691, 0.374726, -1e-06, -0.998693, -0.051128, 0.0, 0.0, 0.0, 0.0, 1.0],
                [1.0, -1e-06, 0.0, 0.0, -0.0, -0.059705, 0.998215, 0.374726, -1e-06, -0.998217, -0.059705, 0.0, 0.0, 0.0, 0.0, 1.0],
                [1.0, -1e-06, 0.0, 0.0, -0.0, -0.067799, 0.997698, 0.374726, -1e-06, -0.9977, -0.067799, 0.0, 0.0, 0.0, 0.0, 1.0],
                [1.0, -1e-06, 0.0, 0.0, -0.0, -0.054473, 0.998514, 0.374726, -1e-06, -0.998516, -0.054473, 0.0, 0.0, 0.0, 0.0, 1.0],
                [1.0, -1e-06, 0.0, -0.0, -0.0, 0.02352, 0.999723, 0.374726, -1e-06, -0.999724, 0.02352, -0.0, 0.0, 0.0, 0.0, 1.0],
                [1.0, -1e-06, 0.0, -0.0, -0.0, 0.238202, 0.971215, 0.374726, -1e-06, -0.971217, 0.238202, 0.0, 0.0, 0.0, 0.0, 1.0],
                [1.0, -1e-06, 1e-06, -0.0, -0.0, 0.602792, 0.797897, 0.374726, -1e-06, -0.7979, 0.60279, 0.0, 0.0, 0.0, 0.0, 1.0],
                [1.0, -0.0, 1e-06, 0.0, 0.0, 0.999992, 0.004683, 0.374726, -1e-06, -0.004683, 0.999986, 0.0, 0.0, 0.0, 0.0, 1.0],
                [1.0, -0.0, 1e-06, 0.0, 0.0, 0.999992, 0.004724, 0.374726, -1e-06, -0.004724, 0.999986, 0.0, 0.0, 0.0, 0.0, 1.0],
                [1.0, -0.0, 1e-06, -0.0, -0.0, 0.916986, 0.398924, 0.374726, -1e-06, -0.398926, 0.916981, -0.0, 0.0, 0.0, 0.0, 1.0],
                [1.0, -1e-06, 1e-06, 0.0, -0.0, 0.598258, 0.801303, 0.374726, -1e-06, -0.801305, 0.598256, -0.0, 0.0, 0.0, 0.0, 1.0],
                [1.0, -1e-06, 1e-06, -0.0, -0.0, 0.486879, 0.873469, 0.374726, -1e-06, -0.873471, 0.486877, -0.0, 0.0, 0.0, 0.0, 1.0],
                [1.0, -1e-06, 1e-06, 0.0, -0.0, 0.486879, 0.873469, 0.374726, -1e-06, -0.873471, 0.486877, -0.0, 0.0, 0.0, 0.0, 1.0],
                [1.0, -1e-06, 1e-06, 0.0, -0.0, 0.486878, 0.873469, 0.374726, -1e-06, -0.873471, 0.486877, 0.0, 0.0, 0.0, 0.0, 1.0],
                [1.0, -1e-06, 1e-06, -0.0, -0.0, 0.486878, 0.873469, 0.374726, -1e-06, -0.873471, 0.486877, -0.0, 0.0, 0.0, 0.0, 1.0],
                [1.0, -1e-06, 1e-06, -0.0, -0.0, 0.486879, 0.873469, 0.374726, -1e-06, -0.873471, 0.486877, -0.0, 0.0, 0.0, 0.0, 1.0],
                [1.0, -1e-06, 1e-06, -0.0, -0.0, 0.486879, 0.873469, 0.374726, -1e-06, -0.873471, 0.486877, -0.0, 0.0, 0.0, 0.0, 1.0],
                [1.0, -1e-06, 1e-06, 0.0, -0.0, 0.486878, 0.873469, 0.374726, -1e-06, -0.873471, 0.486877, 0.0, 0.0, 0.0, 0.0, 1.0],
                [1.0, -1e-06, 1e-06, -0.0, -0.0, 0.486879, 0.873469, 0.374726, -1e-06, -0.873471, 0.486877, -0.0, 0.0, 0.0, 0.0, 1.0],
                [1.0, -1e-06, 1e-06, -0.0, -0.0, 0.486879, 0.873469, 0.374726, -1e-06, -0.873471, 0.486877, 0.0, 0.0, 0.0, 0.0, 1.0],
                [1.0, -1e-06, 1e-06, -0.0, -0.0, 0.486879, 0.873469, 0.374726, -1e-06, -0.873471, 0.486877, -0.0, 0.0, 0.0, 0.0, 1.0],
                [1.0, -1e-06, 1e-06, 0.0, -0.0, 0.486878, 0.873469, 0.374726, -1e-06, -0.873471, 0.486877, -0.0, 0.0, 0.0, 0.0, 1.0],
                [1.0, -1e-06, 1e-06, -0.0, -0.0, 0.486879, 0.873469, 0.374726, -1e-06, -0.873471, 0.486877, -0.0, 0.0, 0.0, 0.0, 1.0],
                [1.0, -1e-06, 1e-06, -0.0, -0.0, 0.486879, 0.873469, 0.374726, -1e-06, -0.873471, 0.486877, 0.0, 0.0, 0.0, 0.0, 1.0],
                [1.0, -1e-06, 1e-06, -0.0, -0.0, 0.486879, 0.873469, 0.374726, -1e-06, -0.873471, 0.486877, -0.0, 0.0, 0.0, 0.0, 1.0],
                [1.0, -1e-06, 1e-06, -0.0, -0.0, 0.486879, 0.873469, 0.374726, -1e-06, -0.873471, 0.486877, -0.0, 0.0, 0.0, 0.0, 1.0],
                [1.0, -1e-06, 1e-06, 0.0, -0.0, 0.486879, 0.873469, 0.374726, -1e-06, -0.873471, 0.486877, -0.0, 0.0, 0.0, 0.0, 1.0],
                [1.0, -1e-06, 1e-06, -0.0, -0.0, 0.486878, 0.873469, 0.374726, -1e-06, -0.873471, 0.486877, -0.0, 0.0, 0.0, 0.0, 1.0],
                [1.0, -1e-06, 1e-06, 0.0, -0.0, 0.486878, 0.873469, 0.374726, -1e-06, -0.873471, 0.486877, -0.0, 0.0, 0.0, 0.0, 1.0],
                [1.0, -1e-06, 1e-06, -0.0, -0.0, 0.486878, 0.873469, 0.374726, -1e-06, -0.873471, 0.486877, 0.0, 0.0, 0.0, 0.0, 1.0],
                [1.0, -1e-06, 1e-06, -0.0, -0.0, 0.486878, 0.873469, 0.374726, -1e-06, -0.873471, 0.486877, -0.0, 0.0, 0.0, 0.0, 1.0],
                [1.0, -1e-06, 1e-06, 0.0, -0.0, 0.486878, 0.873469, 0.374726, -1e-06, -0.873471, 0.486877, -0.0, 0.0, 0.0, 0.0, 1.0],
                [1.0, -1e-06, 1e-06, 0.0, -0.0, 0.486878, 0.873469, 0.374726, -1e-06, -0.873471, 0.486877, 0.0, 0.0, 0.0, 0.0, 1.0],
                [1.0, -1e-06, 1e-06, 0.0, -0.0, 0.486878, 0.873469, 0.374726, -1e-06, -0.873471, 0.486877, -0.0, 0.0, 0.0, 0.0, 1.0]
            ]
        },
        {
            "name": "Knee_R",
            "time": [0.0, 0.6667],
            "transform": [
                [1.0, 0.0, -0.0, 0.0, -0.0, 0.00567, -0.999984, 0.374726, -0.0, 0.999984, 0.00567, 0.0, 0.0, 0.0, 0.0, 1.0],
                [1.0, 0.0, -0.0, -0.0, -0.0, 0.00567, -0.999984, 0.430119, -0.0, 0.999984, 0.00567, -0.000314, 0.0, 0.0, 0.0, 1.0]
            ]
        },
        {
            "name": "Thigh_L",
            "time": [0.0, 0.0111, 0.0222, 0.0333, 0.0444, 0.0556, 0.0667, 0.0778, 0.0889, 0.1, 0.1111, 0.1222, 0.1333, 0.1444, 0.1556, 0.1667, 0.1778, 0.1889, 0.2, 0.2111, 0.2222, 0.2333, 0.2444, 0.2556, 0.2667, 0.2778, 0.2889, 0.3, 0.3111, 0.3222, 0.3333, 0.3444, 0.3556, 0.3667, 0.3778, 0.3889, 0.4, 0.4111, 0.4222, 0.4333, 0.4444, 0.4556, 0.4667, 0.4778, 0.4889, 0.5, 0.5111, 0.5222, 0.5333, 0.5444, 0.5556, 0.5667, 0.5778, 0.5889, 0.6, 0.6111, 0.6222, 0.6333, 0.6444, 0.6556, 0.6667],
            "transform": [
                [0.997889, -0.054781, -0.03486, -0.125006, -0.049882, -0.990448, 0.128541, -0.002831, -0.041568, -0.126531, -0.991091, -1.2e-05, 0.0, 0.0, 0.0, 1.0],
                [0.997889, -0.054781, -0.03486, -0.125006, -0.049882, -0.990448, 0.128541, -0.002831, -0.041568, -0.126531, -0.991091, -1.2e-05, 0.0, 0.0, 0.0, 1.0],
                [0.997889, -0.054781, -0.03486, -0.125006, -0.049882, -0.990448, 0.128541, -0.002831, -0.041568, -0.126531, -0.991091, -1.2e-05, 0.0, 0.0, 0.0, 1.0],
                [0.997889, -0.054781, -0.03486, -0.125006, -0.049882, -0.990448, 0.128541, -0.002831, -0.041568, -0.126531, -0.991091, -1.2e-05, 0.0, 0.0, 0.0, 1.0],
                [0.995267, -0.066236, -0.07111, -0.125006, -0.04894, -0.9738, 0.222077, -0.002831, -0.083957, -0.217546, -0.972433, -1.2e-05, 0.0, 0.0, 0.0, 1.0],
                [0.979813, -0.116515, -0.162451, -0.125006, -0.046501, -0.923141, 0.381638, -0.002831, -0.194432, -0.36638, -0.909924, -1.2e-05, 0.0, 0.0, 0.0, 1.0],
                [0.937818, -0.219974, -0.268531, -0.125006, -0.042843, -0.841013, 0.539314, -0.002831, -0.344473, -0.494274, -0.798142, -1.2e-05, 0.0, 0.0, 0.0, 1.0],
                [0.86554, -0.362277, -0.345826, -0.125006, -0.037839, -0.73582, 0.676119, -0.002831, -0.499408, -0.572122, -0.65059, -1.2e-05, 0.0, 0.0, 0.0, 1.0],
                [0.778912, -0.505597, -0.371036, -0.125006, -0.031796, -0.622715, 0.781802, -0.002831, -0.626326, -0.597157, -0.501117, -1.2e-05, 0.0, 0.0, 0.0, 1.0],
                [0.708391, -0.610721, -0.353837, -0.125006, -0.026362, -0.523857, 0.851398, -0.002831, -0.705326, -0.593796, -0.387196, -1.2e-05, 0.0, 0.0, 0.0, 1.0],
                [0.684456, -0.652834, -0.324542, -0.125006, -0.023684, -0.46483, 0.885083, -0.002831, -0.728669, -0.598114, -0.333618, -1.2e-05, 0.0, 0.0, 0.0, 1.0],
                [0.691753, -0.656184, -0.301495, -0.125006, -0.023341, -0.437605, 0.898864, -0.002831, -0.721756, -0.614755, -0.318031, -1.2e-05, 0.0, 0.0, 0.0, 1.0],
                [0.698898, -0.656752, -0.283228, -0.125006, -0.024063, -0.417368, 0.908419, -0.002831, -0.714816, -0.628077, -0.307501, -1.2e-05, 0.0, 0.0, 0.0, 1.0],
                [0.705569, -0.65544, -0.269389, -0.125006, -0.025716, -0.40358, 0.914583, -0.002831, -0.708174, -0.638374, -0.301609, -1.2e-05, 0.0, 0.0, 0.0, 1.0],
                [0.711697, -0.652737, -0.259653, -0.125006, -0.028218, -0.395885, 0.917866, -0.002831, -0.701919, -0.645916, -0.30017, -1.2e-05, 0.0, 0.0, 0.0, 1.0],
                [0.717367, -0.648868, -0.253681, -0.125006, -0.031564, -0.394016, 0.918561, -0.002831, -0.695979, -0.650939, -0.303135, -1.2e-05, 0.0, 0.0, 0.0, 1.0],
                [0.727294, -0.637957, -0.253089, -0.125006, -0.036381, -0.404076, 0.914001, -0.002831, -0.685361, -0.655539, -0.317092, -1.2e-05, 0.0, 0.0, 0.0, 1.0],
                [0.744726, -0.614351, -0.260683, -0.125006, -0.042747, -0.433722, 0.900032, -0.002831, -0.666, -0.659133, -0.349266, -1.2e-05, 0.0, 0.0, 0.0, 1.0],
                [0.767367, -0.5777, -0.278226, -0.125006, -0.050101, -0.486602, 0.872186, -0.002831, -0.639247, -0.655347, -0.402346, -1.2e-05, 0.0, 0.0, 0.0, 1.0],
                [0.792796, -0.527417, -0.305459, -0.125006, -0.058121, -0.564312, 0.823512, -0.002831, -0.606709, -0.635124, -0.478038, -1.2e-05, 0.0, 0.0, 0.0, 1.0],
                [0.818688, -0.463944, -0.338387, -0.125006, -0.066681, -0.662101, 0.746442, -0.002831, -0.570354, -0.588539, -0.57299, -1.2e-05, 0.0, 0.0, 0.0, 1.0],
                [0.842995, -0.390322, -0.370146, -0.125006, -0.07582, -0.767452, 0.636606, -0.002831, -0.532551, -0.508591, -0.676553, -1.2e-05, 0.0, 0.0, 0.0, 1.0],
                [0.86487, -0.311776, -0.39344, -0.125006, -0.085313, -0.863638, 0.49684, -0.002831, -0.494692, -0.396137, -0.773534, -1.2e-05, 0.0, 0.0, 0.0, 1.0],
                [0.883604, -0.235027, -0.404976, -0.125006, -0.094233, -0.936462, 0.337872, -0.002831, -0.458653, -0.260383, -0.84961, -1.2e-05, 0.0, 0.0, 0.0, 1.0],
                [0.897994, -0.166332, -0.407357, -0.125006, -0.102016, -0.979274, 0.17497, -0.002831, -0.428017, -0.115565, -0.896351, -1.2e-05, 0.0, 0.0, 0.0, 1.0],
                [0.907132, -0.108982, -0.406489, -0.125006, -0.108654, -0.99379, 0.023965, -0.002831, -0.406577, 0.022428, -0.913341, -1.2e-05, 0.0, 0.0, 0.0, 1.0],
                [0.910094, -0.064165, -0.409404, -0.125006, -0.1147, -0.988346, -0.100074, -0.002831, -0.398211, 0.138035, -0.906848, -1.2e-05, 0.0, 0.0, 0.0, 1.0],
                [0.910081, -0.032505, -0.413152, -0.125006, -0.118741, -0.975575, -0.184806, -0.002831, -0.397054, 0.217247, -0.891713, -1.2e-05, 0.0, 0.0, 0.0, 1.0],
                [0.910576, -0.013311, -0.413126, -0.125006, -0.12008, -0.964894, -0.23358, -0.002831, -0.395514, 0.262301, -0.880208, -1.2e-05, 0.0, 0.0, 0.0, 1.0],
                [0.91084, -0.004135, -0.412738, -0.125006, -0.120709, -0.958903, -0.256775, -0.002831, -0.394714, 0.283702, -0.873907, -1.2e-05, 0.0, 0.0, 0.0, 1.0],
                [0.910231, -0.001011, -0.414099, -0.125006, -0.122465, -0.955924, -0.266855, -0.002831, -0.395577, 0.293612, -0.870236, -1.2e-05, 0.0, 0.0, 0.0, 1.0],
                [0.908169, 0.000759, -0.418601, -0.125006, -0.12705, -0.952326, -0.277365, -0.002831, -0.398855, 0.305078, -0.864778, -1.2e-05, 0.0, 0.0, 0.0, 1.0],
                [0.903762, -0.033522, -0.42672, -0.125006, -0.140853, -0.964697, -0.222531, -0.002831, -0.404195, 0.26122, -0.876578, -1.2e-05, 0.0, 0.0, 0.0, 1.0],
                [0.895834, -0.103003, -0.432286, -0.125006, -0.1657, -0.980037, -0.109863, -0.002831, -0.41234, 0.170049, -0.895019, -1.2e-05, 0.0, 0.0, 0.0, 1.0],
                [0.882974, -0.157755, -0.44212, -0.125006, -0.197636, -0.979228, -0.045303, -0.002831, -0.425789, 0.12738, -0.895811, -1.2e-05, 0.0, 0.0, 0.0, 1.0],
                [0.91327, -0.1752, -0.367753, -0.125006, -0.225993, -0.969025, -0.099577, -0.002831, -0.338916, 0.17405, -0.924577, -1.2e-05, 0.0, 0.0, 0.0, 1.0],
                [0.952249, -0.236372, -0.193257, -0.125006, -0.275779, -0.937503, -0.212212, -0.002831, -0.131018, 0.255375, -0.957924, -1.2e-05, 0.0, 0.0, 0.0, 1.0],
                [0.943433, -0.331221, 0.01502, -0.125006, -0.311204, -0.900227, -0.304536, -0.002831, 0.11439, 0.282635, -0.952382, -1.2e-05, 0.0, 0.0, 0.0, 1.0],
                [0.917156, -0.387282, 0.094008, -0.125006, -0.335527, -0.877662, -0.342242, -0.002831, 0.215051, 0.282347, -0.934897, -1.2e-05, 0.0, 0.0, 0.0, 1.0],
                [0.916604, -0.390566, 0.085416, -0.125006, -0.341859, -0.87645, -0.339068, -0.002831, 0.207291, 0.281591, -0.936876, -1.2e-05, 0.0, 0.0, 0.0, 1.0],
                [0.914476, -0.400092, 0.060486, -0.125006, -0.360062, -0.872798, -0.329512, -0.002831, 0.184627, 0.279552, -0.942212, -1.2e-05, 0.0, 0.0, 0.0, 1.0],
                [0.916028, -0.393517, 0.077693, -0.125006, -0.347526, -0.875339, -0.336163, -0.002831, 0.200293, 0.280934, -0.938593, -1.2e-05, 0.0, 0.0, 0.0, 1.0],
                [0.917227, -0.386813, 0.095235, -0.125006, -0.33462, -0.877834, -0.34269, -0.002831, 0.216158, 0.282457, -0.934609, -1.2e-05, 0.0, 0.0, 0.0, 1.0],
                [0.917227, -0.386814, 0.095235, -0.125006, -0.33462, -0.877834, -0.34269, -0.002831, 0.216158, 0.282457, -0.934609, -1.2e-05, 0.0, 0.0, 0.0, 1.0],
                [0.917227, -0.386814, 0.095235, -0.125006, -0.33462, -0.877834, -0.34269, -0.002831, 0.216158, 0.282457, -0.934609, -1.2e-05, 0.0, 0.0, 0.0, 1.0],
                [0.917227, -0.386813, 0.095235, -0.125006, -0.33462, -0.877834, -0.34269, -0.002831, 0.216158, 0.282457, -0.934609, -1.2e-05, 0.0, 0.0, 0.0, 1.0],
                [0.917227, -0.386814, 0.095235, -0.125006, -0.33462, -0.877834, -0.34269, -0.002831, 0.216158, 0.282457, -0.934609, -1.2e-05, 0.0, 0.0, 0.0, 1.0],
                [0.917227, -0.386813, 0.095235, -0.125006, -0.33462, -0.877834, -0.34269, -0.002831, 0.216158, 0.282457, -0.934609, -1.2e-05, 0.0, 0.0, 0.0, 1.0],
                [0.917227, -0.386814, 0.095235, -0.125006, -0.33462, -0.877834, -0.34269, -0.002831, 0.216158, 0.282457, -0.934609, -1.2e-05, 0.0, 0.0, 0.0, 1.0],
                [0.917227, -0.386814, 0.095235, -0.125006, -0.33462, -0.877834, -0.34269, -0.002831, 0.216158, 0.282457, -0.934609, -1.2e-05, 0.0, 0.0, 0.0, 1.0],
                [0.917227, -0.386813, 0.095235, -0.125006, -0.33462, -0.877834, -0.34269, -0.002831, 0.216158, 0.282457, -0.934609, -1.2e-05, 0.0, 0.0, 0.0, 1.0],
                [0.917227, -0.386814, 0.095235, -0.125006, -0.33462, -0.877834, -0.34269, -0.002831, 0.216158, 0.282457, -0.934609, -1.2e-05, 0.0, 0.0, 0.0, 1.0],
                [0.917227, -0.386813, 0.095235, -0.125006, -0.33462, -0.877834, -0.34269, -0.002831, 0.216158, 0.282457, -0.934609, -1.2e-05, 0.0, 0.0, 0.0, 1.0],
                [0.917227, -0.386814, 0.095235, -0.125006, -0.33462, -0.877834, -0.34269, -0.002831, 0.216158, 0.282457, -0.934609, -1.2e-05, 0.0, 0.0, 0.0, 1.0],
                [0.917227, -0.386814, 0.095235, -0.125006, -0.33462, -0.877834, -0.34269, -0.002831, 0.216158, 0.282457, -0.934608, -1.2e-05, 0.0, 0.0, 0.0, 1.0],
                [0.917227, -0.386813, 0.095235, -0.125006, -0.33462, -0.877834, -0.34269, -0.002831, 0.216158, 0.282457, -0.934609, -1.2e-05, 0.0, 0.0, 0.0, 1.0],
                [0.917227, -0.386814, 0.095235, -0.125006, -0.33462, -0.877834, -0.34269, -0.002831, 0.216158, 0.282457, -0.934608, -1.2e-05, 0.0, 0.0, 0.0, 1.0],
                [0.917227, -0.386813, 0.095235, -0.125006, -0.33462, -0.877834, -0.34269, -0.002831, 0.216158, 0.282457, -0.934609, -1.2e-05, 0.0, 0.0, 0.0, 1.0],
                [0.917227, -0.386814, 0.095235, -0.125006, -0.33462, -0.877834, -0.34269, -0.002831, 0.216158, 0.282457, -0.934608, -1.2e-05, 0.0, 0.0, 0.0, 1.0],
                [0.917227, -0.386814, 0.095235, -0.125006, -0.33462, -0.877834, -0.34269, -0.002831, 0.216158, 0.282457, -0.934608, -1.2e-05, 0.0, 0.0, 0.0, 1.0],
                [0.917227, -0.386813, 0.095235, -0.125006, -0.33462, -0.877834, -0.34269, -0.002831, 0.216158, 0.282457, -0.934609, -1.2e-05, 0.0, 0.0, 0.0, 1.0]
            ]
        },
        {
            "name": "Leg_L",
            "time": [0.0, 0.0111, 0.0222, 0.0333, 0.0444, 0.0556, 0.0667, 0.0778, 0.0889, 0.1, 0.1111, 0.1222, 0.1333, 0.1444, 0.1556, 0.1667, 0.1778, 0.1889, 0.2, 0.2111, 0.2222, 0.2333, 0.2444, 0.2556, 0.2667, 0.2778, 0.2889, 0.3, 0.3111, 0.3222, 0.3333, 0.3444, 0.3556, 0.3667, 0.3778, 0.3889, 0.4, 0.4111, 0.4222, 0.4333, 0.4444, 0.4556, 0.4667, 0.4778, 0.4889, 0.5, 0.5111, 0.5222, 0.5333, 0.5444, 0.5556, 0.5667, 0.5778, 0.5889, 0.6, 0.6111, 0.6222, 0.6333, 0.6444, 0.6556, 0.6667],
            "transform": [
                [1.0, -0.0, 1e-06, -0.0, -0.0, 0.962689, 0.27061, 0.374726, -1e-06, -0.27061, 0.962689, 0.0, 0.0, 0.0, 0.0, 1.0],
                [1.0, -0.0, 1e-06, 0.0, -0.0, 0.962689, 0.27061, 0.374726, -1e-06, -0.27061, 0.962689, -0.0, 0.0, 0.0, 0.0, 1.0],
