{
    "animation": [
        {
            "name": "Root",
            "time": [0.0, 0.0111, 0.0222, 0.0333, 0.0444, 0.0556, 0.0667, 0.0778, 0.0889, 0.1, 0.1111, 0.1222, 0.1333, 0.1444, 0.1556, 0.1667, 0.1778, 0.1889, 0.2, 0.2111, 0.2222, 0.2333, 0.2444, 0.2556, 0.2667, 0.2778, 0.2889, 0.3, 0.3111, 0.3222, 0.3333, 0.3444, 0.3556, 0.3667, 0.3778, 0.3889, 0.4, 0.4111, 0.4222, 0.4333, 0.4444, 0.4556, 0.4667, 0.4778, 0.4889, 0.5, 0.5111, 0.5222, 0.5333, 0.5444, 0.5556, 0.5667, 0.5778, 0.5889, 0.6, 0.6111, 0.6222, 0.6333, 0.6444, 0.6556, 0.6667, 0.6778, 0.6889, 0.7, 0.7111, 0.7222, 0.7333, 0.7444, 0.7556, 0.7667, 0.7778, 0.7889, 0.8, 0.8111, 0.8222, 0.8333, 0.8444, 0.8556, 0.8667, 0.8778, 0.8889, 0.9, 0.9111, 0.9222, 0.9333, 0.9444, 0.9556, 0.9667, 0.9778, 0.9889, 1.0, 1.0111, 1.0222, 1.0333, 1.0444, 1.0556, 1.0667, 1.0778, 1.0889, 1.1, 1.1111, 1.1222, 1.1333, 1.1444, 1.1556, 1.1667, 1.1778, 1.1889, 1.2, 1.2111, 1.2222, 1.2333, 1.2444, 1.2556, 1.2667, 1.2778, 1.2889, 1.3, 1.3111, 1.3222, 1.3333, 1.3444, 1.3556, 1.3667, 1.3778, 1.3889, 1.4, 1.4111, 1.4222, 1.4333, 1.4444, 1.4556, 1.4667, 1.4778, 1.4889, 1.5, 1.5111, 1.5222, 1.5333, 1.5444, 1.5556, 1.5667, 1.5778, 1.5889, 1.6, 1.6111, 1.6222, 1.6333, 1.6444, 1.6556, 1.6667, 1.6778, 1.6889, 1.7, 1.7111, 1.7222, 1.7333, 1.7444, 1.7556, 1.7667, 1.7778, 1.7889, 1.8, 1.8111, 1.8222, 1.8333, 1.8444, 1.8556, 1.8667, 1.8778, 1.8889, 1.9, 1.9111, 1.9222, 1.9333, 1.9444, 1.9556, 1.9667, 1.9778, 1.9889, 2.0, 2.0111, 2.0222, 2.0333, 2.0444, 2.0556, 2.0667, 2.0778, 2.0889, 2.1, 2.1111, 2.1222, 2.1333, 2.1444, 2.1556, 2.1667, 2.1778, 2.1889, 2.2, 2.2111, 2.2222],
            "transform": [
                [0.80565, 0.003838, 0.592379, -5e-06, 0.587777, 0.119401, -0.800164, 0.166856, -0.073802, 0.992839, 0.09394, 0.995391, 0.0, 0.0, 0.0, 1.0],
                [0.799823, 0.002335, 0.600231, -5e-06, 0.595792, 0.118365, -0.794369, 0.178296, -0.072901, 0.992967, 0.09328, 0.997003, 0.0, 0.0, 0.0, 1.0],
                [0.783141, -0.001805, 0.621841, -5e-06, 0.617851, 0.115393, -0.777782, 0.210141, -0.070352, 0.993318, 0.091485, 1.001492, 0.0, 0.0, 0.0, 1.0],
                [0.756431, -0.007982, 0.654025, -5e-06, 0.650699, 0.110623, -0.751234, 0.258683, -0.066354, 0.99383, 0.088873, 1.008334, 0.0, 0.0, 0.0, 1.0],
                [0.72042, -0.015552, 0.693363, -5e-06, 0.690841, 0.104171, -0.715463, 0.32021, -0.061101, 0.994438, 0.085791, 1.017006, 0.0, 0.0, 0.0, 1.0],
                [0.676152, -0.023859, 0.736376, -5e-06, 0.73472, 0.096211, -0.671514, 0.391012, -0.054826, 0.995075, 0.082583, 1.026986, 0.0, 0.0, 0.0, 1.0],
                [0.62526, -0.032272, 0.779749, -5e-06, 0.77895, 0.087029, -0.621017, 0.46738, -0.047819, 0.995683, 0.079554, 1.03775, 0.0, 0.0, 0.0, 1.0],
                [0.570085, -0.040238, 0.8206, -5e-06, 0.82059, 0.077042, -0.566301, 0.545603, -0.040434, 0.996216, 0.07694, 1.048776, 0.0, 0.0, 0.0, 1.0],
                [0.513623, -0.047326, 0.85671, -5e-06, 0.857378, 0.066793, -0.510334, 0.621971, -0.033071, 0.996644, 0.074883, 1.05954, 0.0, 0.0, 0.0, 1.0],
                [0.459342, -0.053249, 0.886662, -5e-06, 0.887875, 0.056915, -0.456552, 0.692773, -0.026154, 0.996958, 0.073422, 1.069519, 0.0, 0.0, 0.0, 1.0],
                [0.410931, -0.057868, 0.909828, -5e-06, 0.911445, 0.048088, -0.408603, 0.7543, -0.020106, 0.997165, 0.072504, 1.078192, 0.0, 0.0, 0.0, 1.0],
                [0.372083, -0.061157, 0.926182, -5e-06, 0.928073, 0.040992, -0.370136, 0.802842, -0.01533, 0.997286, 0.07201, 1.085034, 0.0, 0.0, 0.0, 1.0],
                [0.346345, -0.063141, 0.93598, -5e-06, 0.938028, 0.036285, -0.344655, 0.834687, -0.0122, 0.997345, 0.071796, 1.089522, 0.0, 0.0, 0.0, 1.0],
                [0.337058, -0.063821, 0.939318, -5e-06, 0.941419, 0.034586, -0.335462, 0.846127, -0.011078, 0.997362, 0.07174, 1.091135, 0.0, 0.0, 0.0, 1.0],
                [0.337058, -0.063821, 0.939318, 0.074863, 0.941419, 0.034586, -0.335462, 0.846127, -0.011078, 0.997362, 0.07174, 1.091135, 0.0, 0.0, 0.0, 1.0],
                [0.337058, -0.063821, 0.939318, 0.003582, 0.941419, 0.034586, -0.335462, 0.846127, -0.011078, 0.997362, 0.07174, 1.091135, 0.0, 0.0, 0.0, 1.0],
                [0.337058, -0.063821, 0.939318, 0.156769, 0.941419, 0.034586, -0.335462, 0.946225, -0.011078, 0.997362, 0.07174, 1.165106, 0.0, 0.0, 0.0, 1.0],
                [0.337058, -0.063821, 0.939318, 0.205717, 0.941419, 0.034586, -0.335462, 0.946225, -0.011078, 0.997362, 0.07174, 1.165106, 0.0, 0.0, 0.0, 1.0],
                [0.337058, -0.063821, 0.939318, 0.205717, 0.941419, 0.034586, -0.335462, 0.946225, -0.011078, 0.997362, 0.07174, 1.227233, 0.0, 0.0, 0.0, 1.0],
                [0.337058, -0.063821, 0.939318, -0.251443, 0.941419, 0.034586, -0.335462, 0.711707, -0.011078, 0.997362, 0.07174, 1.164477, 0.0, 0.0, 0.0, 1.0],
                [0.337058, -0.063821, 0.939318, -0.251443, 0.941419, 0.034586, -0.335462, 0.711707, -0.011078, 0.997362, 0.07174, 1.08706, 0.0, 0.0, 0.0, 1.0],
                [0.337058, -0.063821, 0.939318, -0.198451, 0.941419, 0.034586, -0.335462, 0.711707, -0.011078, 0.997362, 0.07174, 1.08706, 0.0, 0.0, 0.0, 1.0],
                [0.337058, -0.063821, 0.939318, 0.027221, 0.941419, 0.034586, -0.335462, 0.846127, -0.011078, 0.997362, 0.07174, 1.005176, 0.0, 0.0, 0.0, 1.0],
                [0.337058, -0.063821, 0.939318, -0.010005, 0.941419, 0.034586, -0.335462, 0.846127, -0.011078, 0.997362, 0.07174, 1.005176, 0.0, 0.0, 0.0, 1.0],
                [0.337058, -0.063821, 0.939318, 0.171769, 0.941419, 0.034586, -0.335462, 0.846127, -0.011078, 0.997362, 0.07174, 1.005176, 0.0, 0.0, 0.0, 1.0],
                [0.337058, -0.063821, 0.939318, -5e-06, 0.941419, 0.034586, -0.335462, 0.846127, -0.011078, 0.997362, 0.07174, 1.091135, 0.0, 0.0, 0.0, 1.0],
                [0.337058, -0.063821, 0.939318, -5e-06, 0.941419, 0.034586, -0.335462, 0.846127, -0.011078, 0.997362, 0.07174, 1.091135, 0.0, 0.0, 0.0, 1.0],
                [0.337058, -0.063821, 0.939318, -5e-06, 0.941419, 0.034586, -0.335462, 0.846127, -0.011078, 0.997362, 0.07174, 1.091135, 0.0, 0.0, 0.0, 1.0],
                [0.337058, -0.063821, 0.939318, -5e-06, 0.941419, 0.034586, -0.335462, 0.846127, -0.011078, 0.997362, 0.07174, 1.091135, 0.0, 0.0, 0.0, 1.0],
                [0.337058, -0.063821, 0.939318, -5e-06, 0.941419, 0.034586, -0.335462, 0.846127, -0.011078, 0.997362, 0.07174, 1.091135, 0.0, 0.0, 0.0, 1.0],
                [0.337058, -0.063821, 0.939318, -5e-06, 0.941419, 0.034586, -0.335462, 0.846127, -0.011078, 0.997362, 0.07174, 1.091135, 0.0, 0.0, 0.0, 1.0],
                [0.337058, -0.063821, 0.939318, -5e-06, 0.941419, 0.034586, -0.335462, 0.846127, -0.011078, 0.997362, 0.07174, 1.091135, 0.0, 0.0, 0.0, 1.0],
                [0.911129, 0.184477, -0.368526, 2.980901, -0.283966, -0.367043, -0.885801, 3.888886, -0.298675, 0.911728, -0.282038, 1.091135, 0.0, 0.0, 0.0, 1.0],
                [0.915214, 0.185796, -0.35758, 2.975392, -0.275295, -0.359728, -0.891521, 3.875776, -0.294273, 0.914372, -0.278079, 1.084831, 0.0, 0.0, 0.0, 1.0],
                [0.926336, 0.189083, -0.325807, 2.940281, -0.24996, -0.338524, -0.90715, 3.838463, -0.28182, 0.921764, -0.266324, 1.066888, 0.0, 0.0, 0.0, 1.0],
                [0.942145, 0.192757, -0.274239, 2.87115, -0.208335, -0.304199, -0.929548, 3.779972, -0.2626, 0.932903, -0.246442, 1.038762, 0.0, 0.0, 0.0, 1.0],
                [0.959499, 0.194615, -0.203684, 2.762608, -0.150419, -0.257404, -0.954525, 3.703329, -0.238194, 0.946503, -0.217705, 1.001908, 0.0, 0.0, 0.0, 1.0],
                [0.974578, 0.192029, -0.115426, 2.608076, -0.076475, -0.199128, -0.976985, 3.611558, -0.210594, 0.960975, -0.17938, 0.957779, 0.0, 0.0, 0.0, 1.0],
                [0.983178, 0.182264, -0.011898, 2.399598, 0.012312, -0.131127, -0.991289, 3.507686, -0.182236, 0.974467, -0.131166, 0.907832, 0.0, 0.0, 0.0, 1.0],
                [0.981259, 0.162959, 0.102838, 2.127856, 0.113296, -0.056216, -0.99197, 3.394738, -0.15587, 0.98503, -0.073625, 0.853519, 0.0, 0.0, 0.0, 1.0],
                [0.96573, 0.132719, 0.223051, 1.782825, 0.222151, 0.02174, -0.97477, 3.27574, -0.13422, 0.990915, -0.008489, 0.796298, 0.0, 0.0, 0.0, 1.0],
                [0.935258, 0.091622, 0.341904, 1.35614, 0.333186, 0.098218, -0.937731, 3.153715, -0.119498, 0.990938, 0.061332, 0.737621, 0.0, 0.0, 0.0, 1.0],
                [0.890772, 0.041422, 0.452558, 0.847089, 0.440199, 0.168787, -0.881893, 3.031691, -0.112916, 0.984782, 0.132117, 0.678945, 0.0, 0.0, 0.0, 1.0],
                [0.835392, -0.014705, 0.549458, 0.273566, 0.537616, 0.229937, -0.811232, 2.912692, -0.114412, 0.973094, 0.199993, 0.621723, 0.0, 0.0, 0.0, 1.0],
                [0.773772, -0.072791, 0.629269, -0.31817, 0.621464, 0.279673, -0.731823, 2.799744, -0.122719, 0.957332, 0.26164, 0.567411, 0.0, 0.0, 0.0, 1.0],
                [0.711154, -0.128818, 0.691133, -0.862881, 0.68981, 0.31764, -0.650589, 2.695872, -0.135724, 0.93942, 0.314751, 0.517464, 0.0, 0.0, 0.0, 1.0],
                [0.65251, -0.179294, 0.736264, -1.307783, 0.742595, 0.344827, -0.574149, 2.604102, -0.150943, 0.921384, 0.358146, 0.473335, 0.0, 0.0, 0.0, 1.0],
                [0.60203, -0.221499, 0.767136, -1.63303, 0.781042, 0.363017, -0.508127, 2.527459, -0.165934, 0.905073, 0.391547, 0.43648, 0.0, 0.0, 0.0, 1.0],
                [0.563012, -0.253441, 0.786629, -1.844637, 0.806929, 0.374221, -0.456973, 2.468968, -0.178557, 0.892035, 0.4152, 0.408355, 0.0, 0.0, 0.0, 1.0],
                [0.538034, -0.273605, 0.797283, -1.959054, 0.821903, 0.380201, -0.424174, 2.431654, -0.187072, 0.883509, 0.429437, 0.390412, 0.0, 0.0, 0.0, 1.0],
                [0.529256, -0.28064, 0.800705, -1.993694, 0.826883, 0.382092, -0.412639, 2.418545, -0.19014, 0.880481, 0.434281, 0.384108, 0.0, 0.0, 0.0, 1.0],
                [0.529256, -0.28064, 0.800705, -1.996285, 0.826883, 0.382092, -0.412639, 2.418545, -0.19014, 0.880481, 0.434281, 0.384108, 0.0, 0.0, 0.0, 1.0],
                [0.529256, -0.28064, 0.800705, -2.003317, 0.826883, 0.382092, -0.412639, 2.418545, -0.19014, 0.880481, 0.434281, 0.384108, 0.0, 0.0, 0.0, 1.0],
                [0.529256, -0.28064, 0.800705, -2.013681, 0.826883, 0.382092, -0.412639, 2.418545, -0.19014, 0.880481, 0.434281, 0.384108, 0.0, 0.0, 0.0, 1.0],
                [0.529256, -0.28064, 0.800705, -2.026265, 0.826883, 0.382092, -0.412639, 2.418545, -0.19014, 0.880481, 0.434281, 0.384108, 0.0, 0.0, 0.0, 1.0],
                [0.529256, -0.28064, 0.800705, -2.039959, 0.826883, 0.382092, -0.412639, 2.418545, -0.19014, 0.880481, 0.434281, 0.384108, 0.0, 0.0, 0.0, 1.0],
                [0.529256, -0.28064, 0.800705, -2.053654, 0.826883, 0.382092, -0.412639, 2.418545, -0.19014, 0.880481, 0.434281, 0.384108, 0.0, 0.0, 0.0, 1.0],
                [0.529256, -0.28064, 0.800705, -2.066238, 0.826883, 0.382092, -0.412639, 2.418545, -0.19014, 0.880481, 0.434281, 0.384108, 0.0, 0.0, 0.0, 1.0],
                [0.529256, -0.28064, 0.800705, -2.076602, 0.826883, 0.382092, -0.412639, 2.418545, -0.19014, 0.880481, 0.434281, 0.384108, 0.0, 0.0, 0.0, 1.0],
                [0.529256, -0.28064, 0.800705, -2.083634, 0.826883, 0.382092, -0.412639, 2.418545, -0.19014, 0.880481, 0.434281, 0.384108, 0.0, 0.0, 0.0, 1.0],
                [0.529256, -0.28064, 0.800705, -2.086225, 0.826883, 0.382092, -0.412639, 2.418545, -0.19014, 0.880481, 0.434281, 0.384108, 0.0, 0.0, 0.0, 1.0],
                [0.529256, -0.28064, 0.800705, -2.086225, 0.826883, 0.382092, -0.412639, 2.418545, -0.19014, 0.880481, 0.434281, 0.384108, 0.0, 0.0, 0.0, 1.0],
                [0.529256, -0.28064, 0.800705, -2.086225, 0.826883, 0.382092, -0.412639, 2.5255, -0.19014, 0.880481, 0.434281, 0.384108, 0.0, 0.0, 0.0, 1.0],
                [0.529256, -0.28064, 0.800705, -2.086225, 0.826883, 0.382092, -0.412639, 2.5255, -0.19014, 0.880481, 0.434281, 0.384108, 0.0, 0.0, 0.0, 1.0],
                [0.529256, -0.28064, 0.800705, -2.086225, 0.826883, 0.382092, -0.412639, 2.505996, -0.19014, 0.880481, 0.434281, 0.432758, 0.0, 0.0, 0.0, 1.0],
                [0.529256, -0.28064, 0.800705, -2.086225, 0.826883, 0.382092, -0.412639, 2.505996, -0.19014, 0.880481, 0.434281, 0.432758, 0.0, 0.0, 0.0, 1.0],
                [0.529256, -0.28064, 0.800705, -2.086225, 0.826883, 0.382092, -0.412639, 2.505996, -0.19014, 0.880481, 0.434281, 0.432758, 0.0, 0.0, 0.0, 1.0],
                [0.529256, -0.28064, 0.800705, -2.086225, 0.826883, 0.382092, -0.412639, 2.387603, -0.19014, 0.880481, 0.434281, 0.345028, 0.0, 0.0, 0.0, 1.0],
                [0.529256, -0.28064, 0.800705, -2.086225, 0.826883, 0.382092, -0.412639, 2.387603, -0.19014, 0.880481, 0.434281, 0.345028, 0.0, 0.0, 0.0, 1.0],
                [0.529256, -0.28064, 0.800705, -2.086225, 0.826883, 0.382092, -0.412639, 2.494521, -0.19014, 0.880481, 0.434281, 0.364482, 0.0, 0.0, 0.0, 1.0],
                [0.480672, 0.11641, -0.86914, 0.254642, -0.87064, -0.054874, -0.488851, 8.718076, -0.1046, 0.991684, 0.074975, 1.331585, 0.0, 0.0, 0.0, 1.0],
                [0.480672, 0.11641, -0.869139, 0.254642, -0.87064, -0.054874, -0.488851, 8.647108, -0.1046, 0.991684, 0.074975, 1.356144, 0.0, 0.0, 0.0, 1.0],
                [0.480672, 0.11641, -0.869139, 0.254642, -0.87064, -0.054874, -0.488851, 8.465039, -0.1046, 0.991684, 0.074975, 1.37104, 0.0, 0.0, 0.0, 1.0],
                [0.480672, 0.11641, -0.869139, 0.254642, -0.87064, -0.054874, -0.488851, 8.218126, -0.1046, 0.991684, 0.074975, 1.378689, 0.0, 0.0, 0.0, 1.0],
                [0.480672, 0.11641, -0.869139, 0.254642, -0.87064, -0.054874, -0.488851, 7.952623, -0.1046, 0.991684, 0.074975, 1.381507, 0.0, 0.0, 0.0, 1.0],
                [0.480672, 0.11641, -0.869139, 0.254642, -0.87064, -0.054874, -0.488851, 7.714783, -0.1046, 0.991684, 0.074975, 1.38191, 0.0, 0.0, 0.0, 1.0],
                [0.355989, 0.186574, -0.915676, 0.252549, -0.920325, -0.099964, -0.378165, 7.443578, -0.162091, 0.977342, 0.136123, 1.353971, 0.0, 0.0, 0.0, 1.0],
                [-0.017293, 0.300739, -0.95355, 0.246869, -0.970366, -0.234943, -0.056501, 6.648839, -0.241022, 0.924315, 0.295889, 1.278139, 0.0, 0.0, 0.0, 1.0],
                [-0.546676, 0.291599, -0.78493, 0.238499, -0.814784, -0.401381, 0.418356, 5.241637, -0.193064, 0.868253, 0.457016, 1.166385, 0.0, 0.0, 0.0, 1.0],
                [-0.942423, 0.090435, -0.321965, 0.228336, -0.32316, -0.494025, 0.80716, 4.426528, -0.086063, 0.864731, 0.494806, 1.030684, 0.0, 0.0, 0.0, 1.0],
                [-0.9668, -0.15765, 0.201108, 0.217276, 0.251256, -0.443065, 0.86056, 3.435104, -0.046564, 0.882519, 0.467966, 0.883009, 0.0, 0.0, 0.0, 1.0],
                [-0.81024, -0.284418, 0.512462, 0.206215, 0.584179, -0.321205, 0.74536, 2.530175, -0.047388, 0.90329, 0.426405, 0.735335, 0.0, 0.0, 0.0, 1.0],
                [-0.67845, -0.324752, 0.658971, 0.196052, 0.731868, -0.220827, 0.644674, 1.847716, -0.063841, 0.919658, 0.387496, 0.599634, 0.0, 0.0, 0.0, 1.0],
                [-0.605954, -0.330137, 0.723761, 0.187682, 0.791152, -0.155105, 0.591626, 1.371753, -0.083058, 0.931103, 0.355175, 0.48788, 0.0, 0.0, 0.0, 1.0],
                [-0.578306, -0.325069, 0.74826, 0.182002, 0.809937, -0.118817, 0.574356, 1.086312, -0.0978, 0.938196, 0.331998, 0.412047, 0.0, 0.0, 0.0, 1.0],
                [-0.573929, -0.321555, 0.753132, 0.17991, 0.812338, -0.107311, 0.57323, 0.975423, -0.103506, 0.94079, 0.3228, 0.384108, 0.0, 0.0, 0.0, 1.0],
                [-0.573929, -0.321555, 0.753132, 0.17991, 0.812337, -0.107311, 0.57323, 0.951896, -0.103506, 0.94079, 0.3228, 0.384108, 0.0, 0.0, 0.0, 1.0],
                [-0.573929, -0.321555, 0.753132, 0.17991, 0.812338, -0.107311, 0.57323, 0.93764, -0.103506, 0.94079, 0.3228, 0.384108, 0.0, 0.0, 0.0, 1.0],
                [-0.573929, -0.321555, 0.753132, 0.17991, 0.812337, -0.107311, 0.57323, 0.930324, -0.103506, 0.94079, 0.3228, 0.384108, 0.0, 0.0, 0.0, 1.0],
                [-0.573929, -0.321555, 0.753132, 0.17991, 0.812338, -0.107311, 0.57323, 0.927618, -0.103506, 0.94079, 0.3228, 0.384108, 0.0, 0.0, 0.0, 1.0],
                [-0.573929, -0.321555, 0.753132, 0.17991, 0.812337, -0.107311, 0.57323, 0.927193, -0.103506, 0.94079, 0.3228, 0.384108, 0.0, 0.0, 0.0, 1.0],
                [-0.573048, -0.321671, 0.753753, 0.180083, 0.812959, -0.106962, 0.572413, 0.927109, -0.103506, 0.94079, 0.3228, 0.384108, 0.0, 0.0, 0.0, 1.0],
                [-0.570592, -0.321993, 0.755477, 0.180566, 0.814685, -0.105991, 0.570136, 0.926983, -0.103506, 0.94079, 0.3228, 0.384108, 0.0, 0.0, 0.0, 1.0],
                [-0.566837, -0.322477, 0.758092, 0.181302, 0.817301, -0.104508, 0.566654, 0.926826, -0.103506, 0.94079, 0.3228, 0.384108, 0.0, 0.0, 0.0, 1.0],
                [-0.562062, -0.323081, 0.761384, 0.182236, 0.820593, -0.102626, 0.562223, 0.926644, -0.103506, 0.94079, 0.3228, 0.384108, 0.0, 0.0, 0.0, 1.0],
                [-0.556543, -0.323762, 0.76514, 0.18331, 0.824347, -0.100455, 0.557101, 0.926446, -0.103506, 0.94079, 0.3228, 0.384108, 0.0, 0.0, 0.0, 1.0],
                [-0.55056, -0.324481, 0.769153, 0.184468, 0.828354, -0.098109, 0.551548, 0.926241, -0.103506, 0.94079, 0.3228, 0.384108, 0.0, 0.0, 0.0, 1.0],
                [-0.544403, -0.3252, 0.773221, 0.185654, 0.832413, -0.0957, 0.545829, 0.926035, -0.103506, 0.94079, 0.3228, 0.384108, 0.0, 0.0, 0.0, 1.0],
                [-0.538363, -0.325884, 0.777152, 0.186813, 0.836332, -0.093344, 0.540218, 0.925839, -0.103506, 0.94079, 0.3228, 0.384108, 0.0, 0.0, 0.0, 1.0],
                [-0.532738, -0.326503, 0.78076, 0.187887, 0.839926, -0.091155, 0.53499, 0.92566, -0.103506, 0.94079, 0.3228, 0.384108, 0.0, 0.0, 0.0, 1.0],
                [-0.527831, -0.327029, 0.783866, 0.18882, 0.843019, -0.089249, 0.530428, 0.925507, -0.103506, 0.94079, 0.3228, 0.384108, 0.0, 0.0, 0.0, 1.0],
                [-0.523948, -0.327436, 0.786298, 0.189556, 0.845438, -0.087744, 0.526817, 0.925387, -0.103506, 0.94079, 0.3228, 0.384108, 0.0, 0.0, 0.0, 1.0],
                [-0.521393, -0.327699, 0.787885, 0.190039, 0.847016, -0.086755, 0.524441, 0.925309, -0.103506, 0.94079, 0.3228, 0.384108, 0.0, 0.0, 0.0, 1.0],
                [-0.520475, -0.327793, 0.788453, 0.190213, 0.84758, -0.0864, 0.523587, 0.925281, -0.103506, 0.94079, 0.3228, 0.384108, 0.0, 0.0, 0.0, 1.0],
                [-0.520475, -0.327793, 0.788453, 0.190213, 0.847581, -0.0864, 0.523587, 0.925281, -0.103506, 0.94079, 0.3228, 0.384108, 0.0, 0.0, 0.0, 1.0],
                [-0.520475, -0.327793, 0.788453, 0.190213, 0.847581, -0.0864, 0.523587, 0.925281, -0.103506, 0.94079, 0.3228, 0.384108, 0.0, 0.0, 0.0, 1.0],
                [-0.520475, -0.327793, 0.788453, 0.190213, 0.84758, -0.0864, 0.523587, 0.925281, -0.103506, 0.94079, 0.3228, 0.384108, 0.0, 0.0, 0.0, 1.0],
                [-0.520475, -0.327793, 0.788453, 0.190213, 0.847581, -0.0864, 0.523587, 0.925281, -0.103506, 0.94079, 0.3228, 0.384108, 0.0, 0.0, 0.0, 1.0],
                [-0.520475, -0.327793, 0.788453, 0.190213, 0.847581, -0.0864, 0.523587, 0.925281, -0.103506, 0.94079, 0.3228, 0.384108, 0.0, 0.0, 0.0, 1.0],
                [-0.520475, -0.327793, 0.788453, 0.190213, 0.84758, -0.0864, 0.523587, 0.925281, -0.103506, 0.94079, 0.3228, 0.384108, 0.0, 0.0, 0.0, 1.0],
                [-0.520475, -0.327793, 0.788453, 0.190213, 0.847581, -0.0864, 0.523587, 0.925281, -0.103506, 0.94079, 0.3228, 0.384108, 0.0, 0.0, 0.0, 1.0],
                [-0.520063, -0.328036, 0.788623, 0.190081, 0.847826, -0.086308, 0.523204, 0.925341, -0.103565, 0.940714, 0.323004, 0.384145, 0.0, 0.0, 0.0, 1.0],
                [-0.51884, -0.328751, 0.789131, 0.189691, 0.848554, -0.086037, 0.522067, 0.92552, -0.103736, 0.940489, 0.323602, 0.384255, 0.0, 0.0, 0.0, 1.0],
                [-0.516822, -0.329914, 0.789969, 0.189048, 0.849751, -0.085589, 0.520189, 0.925819, -0.104005, 0.940123, 0.324579, 0.384439, 0.0, 0.0, 0.0, 1.0],
                [-0.514024, -0.331502, 0.791129, 0.188158, 0.851403, -0.084966, 0.517584, 0.926237, -0.104361, 0.939621, 0.325916, 0.384695, 0.0, 0.0, 0.0, 1.0],
                [-0.510459, -0.333492, 0.7926, 0.187027, 0.853493, -0.084168, 0.514262, 0.926775, -0.104791, 0.938988, 0.327598, 0.385024, 0.0, 0.0, 0.0, 1.0],
                [-0.506138, -0.335861, 0.794369, 0.185661, 0.856003, -0.083196, 0.510233, 0.927431, -0.105279, 0.93823, 0.329607, 0.385425, 0.0, 0.0, 0.0, 1.0],
                [-0.501069, -0.338584, 0.796424, 0.184065, 0.858914, -0.082048, 0.505504, 0.928207, -0.105811, 0.937352, 0.331927, 0.385899, 0.0, 0.0, 0.0, 1.0],
                [-0.495263, -0.341639, 0.798748, 0.182246, 0.862206, -0.080723, 0.500084, 0.929102, -0.106371, 0.936358, 0.334542, 0.386444, 0.0, 0.0, 0.0, 1.0],
                [-0.488727, -0.344999, 0.801325, 0.180209, 0.865858, -0.079218, 0.493979, 0.930116, -0.106943, 0.935254, 0.337436, 0.387061, 0.0, 0.0, 0.0, 1.0],
                [-0.481466, -0.348642, 0.804139, 0.17796, 0.869846, -0.07753, 0.487193, 0.931248, -0.107511, 0.934044, 0.340593, 0.387748, 0.0, 0.0, 0.0, 1.0],
                [-0.47349, -0.352541, 0.807169, 0.175506, 0.874146, -0.075657, 0.479734, 0.9325, -0.108058, 0.932733, 0.343995, 0.388507, 0.0, 0.0, 0.0, 1.0],
                [-0.464802, -0.356672, 0.810398, 0.172852, 0.878734, -0.073595, 0.471605, 0.93387, -0.108567, 0.931326, 0.347627, 0.389337, 0.0, 0.0, 0.0, 1.0],
                [-0.455409, -0.361009, 0.813803, 0.170003, 0.883582, -0.071342, 0.46281, 0.935358, -0.10902, 0.929829, 0.351471, 0.390236, 0.0, 0.0, 0.0, 1.0],
                [-0.445317, -0.365525, 0.817364, 0.166967, 0.888664, -0.068893, 0.453354, 0.936965, -0.109401, 0.928248, 0.355509, 0.391206, 0.0, 0.0, 0.0, 1.0],
                [-0.434532, -0.370195, 0.821059, 0.163748, 0.893952, -0.066247, 0.44324, 0.938691, -0.109692, 0.926589, 0.359723, 0.392246, 0.0, 0.0, 0.0, 1.0],
                [-0.423062, -0.37499, 0.824865, 0.160352, 0.899415, -0.063402, 0.432474, 0.940534, -0.109876, 0.924858, 0.364094, 0.393355, 0.0, 0.0, 0.0, 1.0],
                [-0.410913, -0.379884, 0.828758, 0.156786, 0.905022, -0.060354, 0.421061, 0.942496, -0.109935, 0.923063, 0.368604, 0.394534, 0.0, 0.0, 0.0, 1.0],
                [-0.398093, -0.384848, 0.832714, 0.153056, 0.910744, -0.057104, 0.409005, 0.944576, -0.109853, 0.921212, 0.373231, 0.395781, 0.0, 0.0, 0.0, 1.0],
                [-0.384613, -0.389856, 0.836711, 0.149166, 0.916547, -0.053651, 0.396313, 0.946774, -0.109614, 0.919312, 0.377956, 0.397097, 0.0, 0.0, 0.0, 1.0],
                [-0.370482, -0.394877, 0.840723, 0.145124, 0.922398, -0.049996, 0.382991, 0.94909, -0.109202, 0.917373, 0.382756, 0.398481, 0.0, 0.0, 0.0, 1.0],
                [-0.355712, -0.399883, 0.844726, 0.140935, 0.928265, -0.046139, 0.369048, 0.951524, -0.108601, 0.915404, 0.38761, 0.399934, 0.0, 0.0, 0.0, 1.0],
                [-0.340316, -0.404846, 0.848696, 0.136604, 0.934112, -0.042085, 0.354491, 0.954076, -0.107797, 0.913416, 0.392493, 0.401454, 0.0, 0.0, 0.0, 1.0],
                [-0.324309, -0.409735, 0.852608, 0.132139, 0.939906, -0.037837, 0.339332, 0.956745, -0.106776, 0.911419, 0.397383, 0.403042, 0.0, 0.0, 0.0, 1.0],
                [-0.307708, -0.414523, 0.856439, 0.127544, 0.945611, -0.0334, 0.32358, 0.959532, -0.105527, 0.909426, 0.402255, 0.404697, 0.0, 0.0, 0.0, 1.0],
                [-0.290529, -0.419178, 0.860165, 0.122825, 0.951194, -0.028781, 0.307249, 0.962436, -0.104036, 0.907448, 0.407081, 0.40642, 0.0, 0.0, 0.0, 1.0],
                [-0.272793, -0.423673, 0.863762, 0.117989, 0.956619, -0.023989, 0.290352, 0.965458, -0.102294, 0.905497, 0.411838, 0.408208, 0.0, 0.0, 0.0, 1.0],
                [-0.254522, -0.427978, 0.86721, 0.113041, 0.961853, -0.019034, 0.272906, 0.968597, -0.100291, 0.903589, 0.416496, 0.410064, 0.0, 0.0, 0.0, 1.0],
                [-0.235739, -0.432064, 0.870487, 0.107987, 0.96686, -0.013927, 0.254926, 0.971853, -0.098021, 0.901735, 0.421029, 0.411985, 0.0, 0.0, 0.0, 1.0],
                [-0.216471, -0.435904, 0.873572, 0.102833, 0.971609, -0.008683, 0.236432, 0.975226, -0.095477, 0.899951, 0.425407, 0.413972, 0.0, 0.0, 0.0, 1.0],
                [-0.196744, -0.439468, 0.876447, 0.097585, 0.976067, -0.003316, 0.217444, 0.978717, -0.092654, 0.898252, 0.429603, 0.416025, 0.0, 0.0, 0.0, 1.0],
                [-0.176587, -0.442731, 0.879094, 0.092249, 0.980203, 0.002157, 0.197984, 0.982324, -0.08955, 0.896652, 0.433585, 0.418144, 0.0, 0.0, 0.0, 1.0],
                [-0.156033, -0.445665, 0.881497, 0.086831, 0.983987, 0.007716, 0.178075, 0.986048, -0.086163, 0.895166, 0.437325, 0.420327, 0.0, 0.0, 0.0, 1.0],
                [-0.135112, -0.448246, 0.883641, 0.081336, 0.98739, 0.01334, 0.157743, 0.989889, -0.082496, 0.893811, 0.440791, 0.422575, 0.0, 0.0, 0.0, 1.0],
                [-0.11386, -0.450448, 0.885512, 0.07577, 0.990387, 0.019007, 0.137014, 0.993846, -0.078549, 0.8926, 0.443954, 0.424887, 0.0, 0.0, 0.0, 1.0],
                [-0.092313, -0.452249, 0.887102, 0.07014, 0.992952, 0.024693, 0.115916, 0.997921, -0.074328, 0.89155, 0.446782, 0.427263, 0.0, 0.0, 0.0, 1.0],
                [-0.070508, -0.453625, 0.888399, 0.064451, 0.995064, 0.030371, 0.094481, 1.002111, -0.06984, 0.890675, 0.449244, 0.429704, 0.0, 0.0, 0.0, 1.0],
                [-0.048481, -0.454556, 0.889398, 0.058709, 0.996701, 0.036013, 0.072736, 1.006418, -0.065092, 0.88999, 0.45131, 0.432208, 0.0, 0.0, 0.0, 1.0],
                [-0.026274, -0.455021, 0.890093, 0.05292, 0.997847, 0.04159, 0.050716, 1.010841, -0.060096, 0.889509, 0.452949, 0.434775, 0.0, 0.0, 0.0, 1.0],
                [-0.003926, -0.455004, 0.890481, 0.04709, 0.998486, 0.047071, 0.028454, 1.015381, -0.054863, 0.889244, 0.45413, 0.437406, 0.0, 0.0, 0.0, 1.0],
                [0.018555, -0.454263, 0.890674, 0.041225, 0.998599, 0.052576, 0.006012, 1.020035, -0.049559, 0.889315, 0.454602, 0.440098, 0.0, 0.0, 0.0, 1.0],
                [0.041163, -0.452587, 0.890769, 0.03533, 0.998167, 0.058212, -0.016549, 1.024798, -0.044364, 0.889818, 0.454154, 0.442849, 0.0, 0.0, 0.0, 1.0],
                [0.063869, -0.450002, 0.890741, 0.029412, 0.997184, 0.063936, -0.0392, 1.02966, -0.039311, 0.890736, 0.452818, 0.445653, 0.0, 0.0, 0.0, 1.0],
                [0.086639, -0.446534, 0.890562, 0.023476, 0.995645, 0.069705, -0.061912, 1.034614, -0.034431, 0.892047, 0.450628, 0.448507, 0.0, 0.0, 0.0, 1.0],
                [0.109441, -0.442212, 0.890209, 0.017528, 0.993548, 0.075477, -0.084652, 1.039652, -0.029756, 0.893729, 0.447619, 0.451405, 0.0, 0.0, 0.0, 1.0],
                [0.132239, -0.437064, 0.889656, 0.011574, 0.990894, 0.081211, -0.107391, 1.044765, -0.025313, 0.895756, 0.443824, 0.454344, 0.0, 0.0, 0.0, 1.0],
                [0.154998, -0.431123, 0.888881, 0.005621, 0.987689, 0.086869, -0.130095, 1.049947, -0.021129, 0.898102, 0.43928, 0.457318, 0.0, 0.0, 0.0, 1.0],
                [0.177679, -0.42442, 0.887861, -0.000327, 0.983938, 0.092414, -0.15273, 1.055187, -0.017229, 0.900737, 0.434023, 0.460324, 0.0, 0.0, 0.0, 1.0],
                [0.200246, -0.41699, 0.886578, -0.006263, 0.979651, 0.097811, -0.175264, 1.060479, -0.013634, 0.903633, 0.428091, 0.463356, 0.0, 0.0, 0.0, 1.0],
                [0.222661, -0.408868, 0.885014, -0.012181, 0.974841, 0.103029, -0.197662, 1.065815, -0.010364, 0.906759, 0.421522, 0.46641, 0.0, 0.0, 0.0, 1.0],
                [0.244884, -0.400093, 0.883152, -0.018076, 0.969524, 0.108038, -0.21989, 1.071185, -0.007437, 0.910084, 0.414356, 0.469482, 0.0, 0.0, 0.0, 1.0],
                [0.266878, -0.390703, 0.88098, -0.023942, 0.963718, 0.11281, -0.241913, 1.076583, -0.004867, 0.913578, 0.406634, 0.472568, 0.0, 0.0, 0.0, 1.0],
                [0.288606, -0.38074, 0.878489, -0.029772, 0.957444, 0.117321, -0.263697, 1.082, -0.002665, 0.917209, 0.398397, 0.475662, 0.0, 0.0, 0.0, 1.0],
                [0.310028, -0.370246, 0.875672, -0.035561, 0.950727, 0.121551, -0.285208, 1.087428, -0.000841, 0.920947, 0.389687, 0.47876, 0.0, 0.0, 0.0, 1.0],
                [0.331109, -0.359264, 0.872523, -0.041303, 0.943592, 0.125479, -0.306413, 1.092859, 0.000599, 0.924762, 0.380546, 0.481857, 0.0, 0.0, 0.0, 1.0],
                [0.351815, -0.34784, 0.869042, -0.046992, 0.936068, 0.129092, -0.327279, 1.098284, 0.001654, 0.928624, 0.371018, 0.48495, 0.0, 0.0, 0.0, 1.0],
                [0.372109, -0.33602, 0.865231, -0.052622, 0.928186, 0.132377, -0.347774, 1.103696, 0.002322, 0.932506, 0.361148, 0.488034, 0.0, 0.0, 0.0, 1.0],
                [0.391961, -0.323851, 0.861097, -0.058187, 0.919978, 0.135325, -0.367868, 1.109087, 0.002606, 0.93638, 0.350978, 0.491104, 0.0, 0.0, 0.0, 1.0],
                [0.41134, -0.311381, 0.856646, -0.063682, 0.911479, 0.13793, -0.387533, 1.114448, 0.002513, 0.940222, 0.340553, 0.494155, 0.0, 0.0, 0.0, 1.0],
                [0.430217, -0.298657, 0.85189, -0.069101, 0.902723, 0.140189, -0.406741, 1.119772, 0.002051, 0.944008, 0.329916, 0.497183, 0.0, 0.0, 0.0, 1.0],
                [0.448566, -0.28573, 0.846845, -0.074437, 0.893749, 0.142102, -0.425465, 1.12505, 0.00123, 0.947716, 0.319113, 0.500184, 0.0, 0.0, 0.0, 1.0],
                [0.466364, -0.272646, 0.841527, -0.079685, 0.884593, 0.143672, -0.443682, 1.130274, 6.4e-05, 0.951327, 0.308184, 0.503153, 0.0, 0.0, 0.0, 1.0],
                [0.48359, -0.259455, 0.835957, -0.084839, 0.875294, 0.144906, -0.461371, 1.135437, -0.00143, 0.954822, 0.297174, 0.506086, 0.0, 0.0, 0.0, 1.0],
                [0.500223, -0.246205, 0.830157, -0.089892, 0.86589, 0.145811, -0.478511, 1.140529, -0.003234, 0.958187, 0.286124, 0.508978, 0.0, 0.0, 0.0, 1.0],
                [0.516249, -0.232943, 0.824151, -0.09484, 0.856422, 0.146399, -0.495084, 1.145544, -0.005329, 0.961408, 0.275076, 0.511824, 0.0, 0.0, 0.0, 1.0],
                [0.531653, -0.219716, 0.817967, -0.099677, 0.846927, 0.146683, -0.511076, 1.150472, -0.007691, 0.964473, 0.264068, 0.51462, 0.0, 0.0, 0.0, 1.0],
                [0.546426, -0.206569, 0.811633, -0.104395, 0.837444, 0.14668, -0.526471, 1.155306, -0.010298, 0.967375, 0.25314, 0.517362, 0.0, 0.0, 0.0, 1.0],
                [0.560557, -0.193548, 0.80518, -0.10899, 0.828012, 0.146406, -0.54126, 1.160038, -0.013123, 0.970105, 0.242329, 0.520045, 0.0, 0.0, 0.0, 1.0],
                [0.574042, -0.180696, 0.798639, -0.113456, 0.818667, 0.145881, -0.555431, 1.16466, -0.016142, 0.97266, 0.231672, 0.522665, 0.0, 0.0, 0.0, 1.0],
                [0.586876, -0.168056, 0.792044, -0.117786, 0.809446, 0.145126, -0.568978, 1.169163, -0.019326, 0.975036, 0.221203, 0.525216, 0.0, 0.0, 0.0, 1.0],
                [0.599059, -0.155667, 0.785427, -0.121976, 0.800384, 0.144162, -0.581895, 1.17354, -0.022647, 0.977233, 0.210955, 0.527695, 0.0, 0.0, 0.0, 1.0],
                [0.610591, -0.143571, 0.778824, -0.126018, 0.791517, 0.143014, -0.594178, 1.177782, -0.026076, 0.979252, 0.200961, 0.530097, 0.0, 0.0, 0.0, 1.0],
                [0.621473, -0.131804, 0.772269, -0.129907, 0.782877, 0.141705, -0.605825, 1.181881, -0.029584, 0.981095, 0.191252, 0.532418, 0.0, 0.0, 0.0, 1.0],
                [0.63171, -0.120404, 0.765797, -0.133638, 0.774496, 0.14026, -0.616833, 1.185829, -0.033141, 0.982767, 0.181856, 0.534652, 0.0, 0.0, 0.0, 1.0],
                [0.641308, -0.109405, 0.759444, -0.137204, 0.766405, 0.138704, -0.627204, 1.189619, -0.036719, 0.984272, 0.172801, 0.536796, 0.0, 0.0, 0.0, 1.0],
                [0.650272, -0.098843, 0.753244, -0.140599, 0.758632, 0.137064, -0.636938, 1.193241, -0.040286, 0.985618, 0.164114, 0.538845, 0.0, 0.0, 0.0, 1.0],
                [0.658611, -0.088748, 0.747232, -0.143818, 0.751207, 0.135364, -0.646038, 1.196689, -0.043814, 0.986813, 0.155821, 0.540795, 0.0, 0.0, 0.0, 1.0],
                [0.666333, -0.079154, 0.741441, -0.146855, 0.744154, 0.133631, -0.654505, 1.199953, -0.047273, 0.987865, 0.147946, 0.54264, 0.0, 0.0, 0.0, 1.0],
                [0.673446, -0.070091, 0.735906, -0.149703, 0.7375, 0.13189, -0.662343, 1.203026, -0.050635, 0.988783, 0.140513, 0.544377, 0.0, 0.0, 0.0, 1.0],
                [0.679959, -0.061587, 0.730659, -0.152357, 0.731269, 0.130167, -0.669554, 1.205899, -0.053871, 0.989578, 0.133545, 0.546001, 0.0, 0.0, 0.0, 1.0],
                [0.685881, -0.053673, 0.725732, -0.154812, 0.725482, 0.128484, -0.676142, 1.208566, -0.056954, 0.990258, 0.127064, 0.547508, 0.0, 0.0, 0.0, 1.0],
                [0.69122, -0.046377, 0.721154, -0.15706, 0.720161, 0.126868, -0.682109, 1.211016, -0.059857, 0.990835, 0.121092, 0.548892, 0.0, 0.0, 0.0, 1.0],
                [0.695985, -0.039726, 0.716956, -0.159097, 0.715326, 0.12534, -0.687458, 1.213243, -0.062553, 0.991318, 0.115652, 0.550149, 0.0, 0.0, 0.0, 1.0],
                [0.700182, -0.033749, 0.713167, -0.160916, 0.710998, 0.123923, -0.692188, 1.215239, -0.065017, 0.991718, 0.110764, 0.551276, 0.0, 0.0, 0.0, 1.0],
                [0.703816, -0.028473, 0.709811, -0.162512, 0.707194, 0.122639, -0.696302, 1.216994, -0.067224, 0.992043, 0.106451, 0.552267, 0.0, 0.0, 0.0, 1.0],
                [0.706893, -0.023927, 0.706915, -0.163878, 0.703932, 0.121506, -0.699797, 1.218502, -0.06915, 0.992302, 0.102735, 0.553118, 0.0, 0.0, 0.0, 1.0],
                [0.709415, -0.020139, 0.704503, -0.16501, 0.701228, 0.120545, -0.702672, 1.219753, -0.070773, 0.992504, 0.099639, 0.553824, 0.0, 0.0, 0.0, 1.0],
                [0.711383, -0.017139, 0.702595, -0.1659, 0.699099, 0.119772, -0.704922, 1.220741, -0.07207, 0.992653, 0.097186, 0.554382, 0.0, 0.0, 0.0, 1.0],
                [0.712796, -0.014956, 0.701212, -0.166543, 0.69756, 0.119204, -0.706541, 1.221456, -0.07302, 0.992757, 0.095401, 0.554785, 0.0, 0.0, 0.0, 1.0],
                [0.713648, -0.013623, 0.700372, -0.166933, 0.696627, 0.118854, -0.70752, 1.221892, -0.073603, 0.992818, 0.09431, 0.555031, 0.0, 0.0, 0.0, 1.0],
                [0.713935, -0.013171, 0.700089, -0.167064, 0.696312, 0.118735, -0.70785, 1.222038, -0.073802, 0.992839, 0.09394, 0.555113, 0.0, 0.0, 0.0, 1.0]
            ]
        },
        {
            "name": "Thigh_R",
            "time": [0.0, 0.0111, 0.0222, 0.0333, 0.0444, 0.0556, 0.0667, 0.0778, 0.0889, 0.1, 0.1111, 0.1222, 0.1333, 0.1444, 0.1556, 0.1667, 0.1778, 0.1889, 0.2, 0.2111, 0.2222, 0.2333, 0.2444, 0.2556, 0.2667, 0.2778, 0.2889, 0.3, 0.3111, 0.3222, 0.3333, 0.3444, 0.3556, 0.3667, 0.3778, 0.3889, 0.4, 0.4111, 0.4222, 0.4333, 0.4444, 0.4556, 0.4667, 0.4778, 0.4889, 0.5, 0.5111, 0.5222, 0.5333, 0.5444, 0.5556, 0.5667, 0.5778, 0.5889, 0.6, 0.6111, 0.6222, 0.6333, 0.6444, 0.6556, 0.6667, 0.6778, 0.6889, 0.7, 0.7111, 0.7222, 0.7333, 0.7444, 0.7556, 0.7667, 0.7778, 0.7889, 0.8, 0.8111, 0.8222, 0.8333, 0.8444, 0.8556, 0.8667, 0.8778, 0.8889, 0.9, 0.9111, 0.9222, 0.9333, 0.9444, 0.9556, 0.9667, 0.9778, 0.9889, 1.0, 1.0111, 1.0222, 1.0333, 1.0444, 1.0556, 1.0667, 1.0778, 1.0889, 1.1, 1.1111, 1.1222, 1.1333, 1.1444, 1.1556, 1.1667, 1.1778, 1.1889, 1.2, 1.2111, 1.2222, 1.2333, 1.2444, 1.2556, 1.2667, 1.2778, 1.2889, 1.3, 1.3111, 1.3222, 1.3333, 1.3444, 1.3556, 1.3667, 1.3778, 1.3889, 1.4, 1.4111, 1.4222, 1.4333, 1.4444, 1.4556, 1.4667, 1.4778, 1.4889, 1.5, 1.5111, 1.5222, 1.5333, 1.5444, 1.5556, 1.5667, 1.5778, 1.5889, 1.6, 1.6111, 1.6222, 1.6333, 1.6444, 1.6556, 1.6667, 1.6778, 1.6889, 1.7, 1.7111, 1.7222, 1.7333, 1.7444, 1.7556, 1.7667, 1.7778, 1.7889, 1.8, 1.8111, 1.8222, 1.8333, 1.8444, 1.8556, 1.8667, 1.8778, 1.8889, 1.9, 1.9111, 1.9222, 1.9333, 1.9444, 1.9556, 1.9667, 1.9778, 1.9889, 2.0, 2.0111, 2.0222, 2.0333, 2.0444, 2.0556, 2.0667, 2.0778, 2.0889, 2.1, 2.1111, 2.1222, 2.1333, 2.1444, 2.1556, 2.1667, 2.1778, 2.1889, 2.2, 2.2111, 2.2222],
            "transform": [
                [0.873772, 0.450299, 0.183719, 0.124994, 0.023322, -0.416124, 0.909009, -0.002831, 0.485776, -0.78998, -0.3741, -1.2e-05, 0.0, 0.0, 0.0, 1.0],
                [0.868844, 0.459124, 0.18524, 0.124994, 0.023213, -0.411524, 0.911103, -0.002831, 0.494541, -0.787306, -0.368208, -1.2e-05, 0.0, 0.0, 0.0, 1.0],
                [0.854616, 0.483704, 0.188837, 0.124994, 0.023126, -0.398761, 0.916763, -0.002831, 0.518744, -0.779112, -0.351975, -1.2e-05, 0.0, 0.0, 0.0, 1.0],
                [0.831509, 0.521089, 0.192506, 0.124994, 0.023644, -0.37942, 0.924923, -0.002831, 0.555008, -0.764528, -0.327812, -1.2e-05, 0.0, 0.0, 0.0, 1.0],
                [0.799832, 0.56801, 0.193989, 0.124994, 0.025506, -0.355066, 0.934494, -0.002831, 0.599681, -0.742489, -0.298481, -1.2e-05, 0.0, 0.0, 0.0, 1.0],
                [0.760263, 0.620794, 0.191347, 0.124994, 0.029461, -0.3272, 0.944496, -0.002831, 0.648947, -0.712427, -0.267047, -1.2e-05, 0.0, 0.0, 0.0, 1.0],
                [0.714175, 0.675503, 0.183433, 0.124994, 0.036096, -0.297252, 0.954117, -0.002831, 0.699035, -0.674784, -0.236674, -1.2e-05, 0.0, 0.0, 0.0, 1.0],
                [0.663788, 0.728298, 0.170194, 0.124994, 0.045677, -0.266606, 0.962723, -0.002831, 0.746525, -0.631268, -0.210237, -1.2e-05, 0.0, 0.0, 0.0, 1.0],
                [0.61208, 0.775905, 0.152733, 0.124994, 0.057987, -0.236656, 0.969862, -0.002831, 0.788667, -0.584775, -0.189845, -1.2e-05, 0.0, 0.0, 0.0, 1.0],
                [0.562517, 0.816002, 0.133087, 0.124994, 0.072222, -0.20885, 0.975277, -0.002831, 0.823624, -0.538998, -0.176416, -1.2e-05, 0.0, 0.0, 0.0, 1.0],
                [0.518673, 0.847365, 0.113794, 0.124994, 0.086962, -0.184693, 0.978942, -0.002831, 0.850539, -0.497854, -0.169484, -1.2e-05, 0.0, 0.0, 0.0, 1.0],
                [0.483882, 0.869691, 0.097434, 0.124994, 0.100246, -0.165687, 0.98107, -0.002831, 0.869372, -0.464954, -0.167357, -1.2e-05, 0.0, 0.0, 0.0, 1.0],
                [0.461087, 0.883148, 0.086285, 0.124994, 0.109796, -0.153273, 0.982065, -0.002831, 0.880535, -0.443344, -0.167638, -1.2e-05, 0.0, 0.0, 0.0, 1.0],
                [0.452922, 0.88775, 0.082217, 0.124994, 0.113393, -0.148829, 0.98234, -0.002831, 0.884309, -0.4356, -0.168072, -1.2e-05, 0.0, 0.0, 0.0, 1.0],
                [0.452922, 0.887749, 0.082217, 0.124994, 0.113393, -0.148829, 0.98234, -0.002831, 0.884309, -0.4356, -0.168073, -1.2e-05, 0.0, 0.0, 0.0, 1.0],
                [0.452922, 0.887749, 0.082217, 0.124994, 0.113393, -0.148829, 0.98234, -0.002831, 0.884309, -0.4356, -0.168072, -1.2e-05, 0.0, 0.0, 0.0, 1.0],
                [0.452922, 0.88775, 0.082218, 0.124994, 0.113393, -0.148829, 0.98234, -0.002831, 0.884309, -0.4356, -0.168072, -1.2e-05, 0.0, 0.0, 0.0, 1.0],
                [0.452922, 0.887749, 0.082217, 0.124994, 0.113392, -0.148829, 0.98234, -0.002831, 0.884309, -0.4356, -0.168072, -1.2e-05, 0.0, 0.0, 0.0, 1.0],
                [0.452922, 0.88775, 0.082217, 0.124994, 0.113393, -0.148829, 0.98234, -0.002831, 0.884309, -0.4356, -0.168072, -1.2e-05, 0.0, 0.0, 0.0, 1.0],
                [0.452922, 0.88775, 0.082218, 0.124994, 0.113392, -0.148829, 0.98234, -0.002831, 0.884309, -0.4356, -0.168072, -1.2e-05, 0.0, 0.0, 0.0, 1.0],
                [0.452922, 0.88775, 0.082217, 0.124994, 0.113392, -0.148829, 0.98234, -0.002831, 0.884309, -0.4356, -0.168072, -1.2e-05, 0.0, 0.0, 0.0, 1.0],
                [0.452922, 0.887749, 0.082218, 0.124994, 0.113393, -0.148829, 0.98234, -0.002831, 0.884309, -0.4356, -0.168073, -1.2e-05, 0.0, 0.0, 0.0, 1.0],
                [0.452922, 0.887749, 0.082217, 0.124994, 0.113393, -0.148829, 0.98234, -0.002831, 0.884309, -0.4356, -0.168073, -1.2e-05, 0.0, 0.0, 0.0, 1.0],
                [0.452922, 0.887749, 0.082217, 0.124994, 0.113392, -0.148829, 0.98234, -0.002831, 0.884309, -0.4356, -0.168072, -1.2e-05, 0.0, 0.0, 0.0, 1.0],
                [0.452922, 0.88775, 0.082217, 0.124994, 0.113393, -0.148829, 0.98234, -0.002831, 0.884309, -0.4356, -0.168072, -1.2e-05, 0.0, 0.0, 0.0, 1.0],
                [0.452922, 0.887749, 0.082217, 0.124994, 0.113393, -0.148829, 0.98234, -0.002831, 0.884309, -0.4356, -0.168073, -1.2e-05, 0.0, 0.0, 0.0, 1.0],
                [0.452922, 0.887749, 0.082217, 0.124994, 0.113393, -0.148829, 0.98234, -0.002831, 0.884309, -0.4356, -0.168073, -1.2e-05, 0.0, 0.0, 0.0, 1.0],
                [0.452922, 0.887749, 0.082217, 0.124994, 0.113393, -0.148829, 0.98234, -0.002831, 0.884309, -0.4356, -0.168073, -1.2e-05, 0.0, 0.0, 0.0, 1.0],
