{
    "animation": [
        {
            "name": "Root",
            "time": [0.0, 0.0167, 0.0333, 0.05, 0.0667, 0.0833, 0.1, 0.1167, 0.1333, 0.15, 0.1667, 0.1833, 0.2, 0.2167, 0.2333, 0.25, 0.2667, 0.2833, 0.3, 0.3167, 0.3333, 0.35, 0.3667, 0.3833, 0.4, 0.4167, 0.4333, 0.45, 0.4667, 0.4833, 0.5, 0.5167, 0.5333, 0.55, 0.5667, 0.5833, 0.6, 0.6167, 0.6333, 0.65, 0.6667, 0.6833, 0.7, 0.7167, 0.7333, 0.75, 0.7667, 0.7833, 0.8, 0.8167, 0.8333, 0.85, 0.8667, 0.8833, 0.9, 0.9167, 0.9333, 0.95, 0.9667, 0.9833, 1.0, 1.0167, 1.0333, 1.05, 1.0667, 1.0833, 1.1, 1.1167, 1.1333, 1.15, 1.1667, 1.1833, 1.2, 1.2167, 1.2333, 1.25, 1.2667, 1.2833, 1.3, 1.3167, 1.3333, 1.35, 1.3667, 1.3833, 1.4, 1.4167, 1.4333, 1.45, 1.4667, 1.4833, 1.5, 1.5167, 1.5333, 1.55, 1.5667, 1.5833, 1.6, 1.6167, 1.6333, 1.65, 1.6667],
            "transform": [
                [0.78635, 0.0, 0.617782, -5e-06, 0.613358, 0.119463, -0.780718, -0.081316, -0.073802, 0.992839, 0.09394, 0.728846, 0.0, 0.0, 0.0, 1.0],
                [0.802316, 0.001339, 0.596897, -5e-06, 0.592398, 0.120789, -0.796539, -0.072615, -0.073166, 0.992677, 0.096118, 0.727964, 0.0, 0.0, 0.0, 1.0],
                [0.844673, 0.005451, 0.535255, -5e-06, 0.530535, 0.124352, -0.838492, -0.048034, -0.071131, 0.992223, 0.102145, 0.725423, 0.0, 0.0, 0.0, 1.0],
                [0.901829, 0.012687, 0.431906, -5e-06, 0.426836, 0.129286, -0.89504, -0.009857, -0.067195, 0.991526, 0.111178, 0.721384, 0.0, 0.0, 0.0, 1.0],
                [0.957881, 0.023412, 0.286208, -5e-06, 0.280675, 0.134345, -0.950354, 0.03963, -0.060701, 0.990658, 0.122115, 0.716004, 0.0, 0.0, 0.0, 1.0],
                [0.99402, 0.037621, 0.10251, -5e-06, 0.096435, 0.137941, -0.985735, 0.098145, -0.051224, 0.989726, 0.133488, 0.709442, 0.0, 0.0, 0.0, 1.0],
                [0.992817, 0.0546, -0.106456, -5e-06, -0.113112, 0.138435, -0.983891, 0.163404, -0.038984, 0.988865, 0.143616, 0.701857, 0.0, 0.0, 0.0, 1.0],
                [0.944526, 0.072889, -0.320246, -5e-06, -0.32748, 0.134651, -0.935215, 0.233121, -0.025045, 0.988209, 0.151051, 0.693407, 0.0, 0.0, 0.0, 1.0],
                [0.851488, 0.090675, -0.516475, -5e-06, -0.524257, 0.126327, -0.842138, 0.305013, -0.011116, 0.987836, 0.155103, 0.684252, 0.0, 0.0, 0.0, 1.0],
                [0.726921, 0.106437, -0.678422, -5e-06, -0.68672, 0.114133, -0.717906, 0.376795, 0.001018, 0.987747, 0.156058, 0.674551, 0.0, 0.0, 0.0, 1.0],
                [0.588919, 0.119407, -0.799322, -5e-06, -0.80813, 0.099242, -0.580583, 0.446185, 0.010001, 0.987873, 0.154941, 0.664461, 0.0, 0.0, 0.0, 1.0],
                [0.448379, 0.130581, -0.884254, -5e-06, -0.893704, 0.082999, -0.440913, 0.511208, 0.015818, 0.987957, 0.153916, 0.654157, 0.0, 0.0, 0.0, 1.0],
                [0.306033, 0.14084, -0.941545, -5e-06, -0.951818, 0.065687, -0.299547, 0.571141, 0.019659, 0.987851, 0.154156, 0.643875, 0.0, 0.0, 0.0, 1.0],
                [0.164055, 0.149716, -0.975024, -5e-06, -0.986202, 0.047107, -0.158703, 0.62557, 0.02217, 0.987606, 0.155378, 0.633864, 0.0, 0.0, 0.0, 1.0],
                [0.024888, 0.156627, -0.987344, -5e-06, -0.999409, 0.027336, -0.020856, 0.674082, 0.023723, 0.987279, 0.157215, 0.624376, 0.0, 0.0, 0.0, 1.0],
                [-0.108433, 0.160969, -0.980985, -5e-06, -0.993803, 0.006739, 0.110955, 0.716265, 0.024471, 0.986936, 0.159241, 0.61566, 0.0, 0.0, 0.0, 1.0],
                [-0.232343, 0.162221, -0.95901, -5e-06, -0.972328, -0.014027, 0.233197, 0.751704, 0.024377, 0.986655, 0.160991, 0.607967, 0.0, 0.0, 0.0, 1.0],
                [-0.343081, 0.160047, -0.92557, -5e-06, -0.939018, -0.034057, 0.342177, 0.779987, 0.023242, 0.986522, 0.161971, 0.601548, 0.0, 0.0, 0.0, 1.0],
                [-0.437124, 0.154372, -0.886054, -5e-06, -0.899162, -0.052299, 0.434479, 0.8007, 0.020731, 0.986628, 0.161666, 0.596653, 0.0, 0.0, 0.0, 1.0],
                [-0.51155, 0.145392, -0.846864, -5e-06, -0.859096, -0.06768, 0.507319, 0.813431, 0.016444, 0.987056, 0.159527, 0.593532, 0.0, 0.0, 0.0, 1.0],
                [-0.564113, 0.133512, -0.814832, -5e-06, -0.825637, -0.079256, 0.558607, 0.817767, 0.010001, 0.987873, 0.154941, 0.592436, 0.0, 0.0, 0.0, 1.0],
                [-0.594866, 0.117473, -0.795195, -0.017535, -0.803818, -0.082773, 0.589089, 0.776191, 0.003381, 0.98962, 0.143666, 0.592436, 0.0, 0.0, 0.0, 1.0],
                [-0.611763, 0.097536, -0.785005, -0.035065, -0.79104, -0.077011, 0.606898, 0.817767, -0.00126, 0.992248, 0.124267, 0.592436, 0.0, 0.0, 0.0, 1.0],
                [-0.622821, 0.07605, -0.77866, -0.033523, -0.782355, -0.065565, 0.619373, 0.829491, -0.00395, 0.994946, 0.100334, 0.592436, 0.0, 0.0, 0.0, 1.0],
                [-0.630242, 0.055314, -0.774426, -0.022724, -0.776382, -0.051495, 0.628156, 0.865073, -0.005133, 0.99714, 0.075399, 0.592436, 0.0, 0.0, 0.0, 1.0],
                [-0.63476, 0.037626, -0.771793, 0.048034, -0.772691, -0.037778, 0.633657, 0.852808, -0.005315, 0.998578, 0.053054, 0.592436, 0.0, 0.0, 0.0, 1.0],
                [-0.637029, 0.025295, -0.770424, 0.024015, -0.770823, -0.027394, 0.636459, 0.790104, -0.005006, 0.999305, 0.036949, 0.592436, 0.0, 0.0, 0.0, 1.0],
                [-0.637656, 0.020659, -0.770044, 0.030252, -0.770306, -0.023288, 0.637249, 0.817767, -0.004768, 0.999515, 0.030764, 0.592436, 0.0, 0.0, 0.0, 1.0],
                [-0.637656, 0.020659, -0.770044, 0.030252, -0.770306, -0.023288, 0.637249, 0.817767, -0.004768, 0.999515, 0.030764, 0.592436, 0.0, 0.0, 0.0, 1.0],
                [-0.637656, 0.020659, -0.770044, 0.030252, -0.770306, -0.023288, 0.637249, 0.817767, -0.004768, 0.999515, 0.030764, 0.592436, 0.0, 0.0, 0.0, 1.0],
                [-0.963786, 0.081055, -0.254059, -2.042192, -0.222954, 0.277786, 0.934412, -1.256515, 0.146313, 0.957217, -0.249655, 1.138442, 0.0, 0.0, 0.0, 1.0],
                [-0.992743, 0.119741, 0.011145, -2.006966, 0.042579, 0.263315, 0.96377, -1.19004, 0.112468, 0.95725, -0.266503, 1.131605, 0.0, 0.0, 0.0, 1.0],
                [-0.953759, 0.150995, 0.259893, -1.907372, 0.290146, 0.236738, 0.927238, -1.002028, 0.078482, 0.959769, -0.269601, 1.112366, 0.0, 0.0, 0.0, 1.0],
                [-0.858511, 0.171458, 0.483281, -1.752534, 0.510821, 0.203332, 0.835295, -0.709595, 0.044952, 0.96398, -0.262147, 1.082633, 0.0, 0.0, 0.0, 1.0],
                [-0.715325, 0.179448, 0.675358, -1.551575, 0.69871, 0.168848, 0.695194, -0.329859, 0.010718, 0.969169, -0.246163, 1.044314, 0.0, 0.0, 0.0, 1.0],
                [-0.530005, 0.174808, 0.829781, -1.313619, 0.847587, 0.139563, 0.511976, 0.120062, -0.026309, 0.974661, -0.222134, 0.999317, 0.0, 0.0, 0.0, 1.0],
                [-0.308109, 0.1593, 0.937919, -1.04779, 0.94889, 0.122323, 0.290937, 0.623051, -0.068383, 0.979623, -0.188847, 0.94955, 0.0, 0.0, 0.0, 1.0],
                [-0.058121, 0.137396, 0.98881, -0.763213, 0.991427, 0.124055, 0.041037, 1.161993, -0.117028, 0.982717, -0.143428, 0.896921, 0.0, 0.0, 0.0, 1.0],
                [0.204538, 0.106892, 0.973005, -0.46901, 0.963288, 0.154613, -0.219481, 1.719767, -0.1739, 0.982176, -0.071344, 0.843338, 0.0, 0.0, 0.0, 1.0],
                [0.453061, 0.073064, 0.88848, -0.174307, 0.862404, 0.216536, -0.457571, 2.279258, -0.22582, 0.973537, 0.035094, 0.790709, 0.0, 0.0, 0.0, 1.0],
                [0.659163, 0.05051, 0.750302, 0.111774, 0.707029, 0.298234, -0.641223, 2.823349, -0.256154, 0.953155, 0.160873, 0.740943, 0.0, 0.0, 0.0, 1.0],
                [0.807054, 0.045251, 0.588741, 0.380107, 0.530171, 0.383438, -0.756237, 3.334921, -0.259966, 0.922457, 0.285464, 0.695946, 0.0, 0.0, 0.0, 1.0],
                [0.898472, 0.054383, 0.435649, 0.62157, 0.365177, 0.458256, -0.810338, 3.796857, -0.243707, 0.887155, 0.391871, 0.657627, 0.0, 0.0, 0.0, 1.0],
                [0.946889, 0.070092, 0.313828, 0.827039, 0.235123, 0.51485, -0.824407, 4.192042, -0.219359, 0.85441, 0.471025, 0.627894, 0.0, 0.0, 0.0, 1.0],
                [0.968179, 0.084023, 0.235732, 0.987389, 0.152148, 0.550255, -0.821018, 4.503356, -0.198698, 0.830758, 0.519962, 0.608655, 0.0, 0.0, 0.0, 1.0],
                [0.973951, 0.089664, 0.208277, 1.093497, 0.122993, 0.562765, -0.817416, 4.713681, -0.190504, 0.82174, 0.537077, 0.601818, 0.0, 0.0, 0.0, 1.0],
                [0.973951, 0.089664, 0.208277, 1.155265, 0.122993, 0.562765, -0.817416, 4.839037, -0.190504, 0.82174, 0.537077, 0.601818, 0.0, 0.0, 0.0, 1.0],
                [0.973951, 0.089664, 0.208277, 1.192731, 0.122993, 0.562764, -0.817416, 4.915073, -0.190504, 0.82174, 0.537077, 0.601818, 0.0, 0.0, 0.0, 1.0],
                [0.973951, 0.089664, 0.208277, 1.211971, 0.122993, 0.562764, -0.817416, 4.954119, -0.190504, 0.82174, 0.537077, 0.601818, 0.0, 0.0, 0.0, 1.0],
                [0.973951, 0.089664, 0.208277, 1.219059, 0.122993, 0.562764, -0.817416, 4.968504, -0.190504, 0.82174, 0.537077, 0.601818, 0.0, 0.0, 0.0, 1.0],
                [0.973951, 0.089664, 0.208277, 1.220072, 0.122993, 0.562764, -0.817416, 4.970559, -0.190504, 0.82174, 0.537077, 0.601818, 0.0, 0.0, 0.0, 1.0],
                [0.973951, 0.089664, 0.208277, 1.220072, 0.122993, 0.562764, -0.817416, 4.970559, -0.190504, 0.82174, 0.537077, 0.601818, 0.0, 0.0, 0.0, 1.0],
                [0.973951, 0.089664, 0.208277, 1.220072, 0.122993, 0.562764, -0.817416, 4.970559, -0.190504, 0.82174, 0.537077, 0.601818, 0.0, 0.0, 0.0, 1.0],
                [0.973951, 0.089664, 0.208277, 1.220072, 0.122993, 0.562764, -0.817416, 4.970559, -0.190504, 0.82174, 0.537077, 0.601818, 0.0, 0.0, 0.0, 1.0],
                [0.973951, 0.089664, 0.208277, 1.220072, 0.122993, 0.562764, -0.817416, 4.970559, -0.190504, 0.82174, 0.537077, 0.601818, 0.0, 0.0, 0.0, 1.0],
                [0.973951, 0.089664, 0.208277, 1.220072, 0.122993, 0.562764, -0.817416, 4.970559, -0.190504, 0.82174, 0.537077, 0.601818, 0.0, 0.0, 0.0, 1.0],
                [0.973951, 0.089664, 0.208277, 1.220072, 0.122993, 0.562764, -0.817416, 4.970559, -0.190504, 0.82174, 0.537077, 0.601818, 0.0, 0.0, 0.0, 1.0],
                [0.973951, 0.089664, 0.208277, 1.220072, 0.122993, 0.562764, -0.817416, 4.970559, -0.190504, 0.82174, 0.537077, 0.601818, 0.0, 0.0, 0.0, 1.0],
                [0.973951, 0.089664, 0.208277, 1.220072, 0.122993, 0.562764, -0.817416, 4.970559, -0.190504, 0.82174, 0.537077, 0.601818, 0.0, 0.0, 0.0, 1.0],
                [0.973951, 0.089664, 0.208277, 1.220072, 0.122993, 0.562764, -0.817416, 4.970559, -0.190504, 0.82174, 0.537077, 0.601818, 0.0, 0.0, 0.0, 1.0],
                [0.973951, 0.089664, 0.208277, 1.220072, 0.122993, 0.562764, -0.817416, 4.970559, -0.190504, 0.82174, 0.537077, 0.601818, 0.0, 0.0, 0.0, 1.0],
                [0.973804, 0.088989, 0.209252, 1.220394, 0.124326, 0.562142, -0.817642, 4.970475, -0.190391, 0.822239, 0.536353, 0.602046, 0.0, 0.0, 0.0, 1.0],
                [0.973364, 0.087038, 0.2121, 1.221341, 0.128209, 0.560307, -0.818302, 4.970228, -0.190064, 0.823699, 0.534224, 0.602716, 0.0, 0.0, 0.0, 1.0],
                [0.972622, 0.083929, 0.216707, 1.222878, 0.134469, 0.557293, -0.819355, 4.969829, -0.189537, 0.826063, 0.53075, 0.603805, 0.0, 0.0, 0.0, 1.0],
                [0.971556, 0.079783, 0.222966, 1.224973, 0.142933, 0.553128, -0.820743, 4.969283, -0.18881, 0.829267, 0.525991, 0.605289, 0.0, 0.0, 0.0, 1.0],
                [0.970134, 0.074729, 0.23077, 1.227593, 0.153429, 0.547829, -0.822401, 4.968601, -0.187879, 0.833246, 0.520002, 0.607144, 0.0, 0.0, 0.0, 1.0],
                [0.968322, 0.068898, 0.240011, 1.230705, 0.165779, 0.54141, -0.824253, 4.967791, -0.186733, 0.837931, 0.512837, 0.609348, 0.0, 0.0, 0.0, 1.0],
                [0.96608, 0.062425, 0.250583, 1.234277, 0.179807, 0.533884, -0.826218, 4.966861, -0.185359, 0.84325, 0.504551, 0.611877, 0.0, 0.0, 0.0, 1.0],
                [0.963372, 0.055449, 0.262374, 1.238276, 0.195332, 0.525266, -0.828215, 4.965821, -0.18374, 0.849129, 0.495196, 0.614709, 0.0, 0.0, 0.0, 1.0],
                [0.960162, 0.04811, 0.275272, 1.242668, 0.212168, 0.515575, -0.830161, 4.964677, -0.181863, 0.855493, 0.484828, 0.617819, 0.0, 0.0, 0.0, 1.0],
                [0.956422, 0.040552, 0.289158, 1.247422, 0.230129, 0.504834, -0.831976, 4.96344, -0.179715, 0.862263, 0.473502, 0.621185, 0.0, 0.0, 0.0, 1.0],
                [0.952132, 0.032915, 0.303908, 1.252504, 0.249024, 0.493077, -0.833584, 4.962117, -0.177288, 0.869363, 0.461278, 0.624784, 0.0, 0.0, 0.0, 1.0],
                [0.947283, 0.025342, 0.319395, 1.25788, 0.268659, 0.480346, -0.834919, 4.960718, -0.174579, 0.876713, 0.448215, 0.628592, 0.0, 0.0, 0.0, 1.0],
                [0.941874, 0.017972, 0.335485, 1.26352, 0.288841, 0.466695, -0.835923, 4.95925, -0.171593, 0.884236, 0.434376, 0.632585, 0.0, 0.0, 0.0, 1.0],
                [0.935921, 0.01094, 0.35204, 1.269389, 0.309376, 0.452187, -0.836548, 4.957722, -0.16834, 0.891856, 0.419827, 0.636741, 0.0, 0.0, 0.0, 1.0],
                [0.929452, 0.004377, 0.368918, 1.275456, 0.33007, 0.4369, -0.836763, 4.956143, -0.164842, 0.899499, 0.404633, 0.641037, 0.0, 0.0, 0.0, 1.0],
                [0.922505, -0.001612, 0.385982, 1.281686, 0.35075, 0.420921, -0.836541, 4.954522, -0.16112, 0.907096, 0.388867, 0.645449, 0.0, 0.0, 0.0, 1.0],
                [0.915115, -0.006988, 0.403133, 1.288048, 0.371301, 0.404345, -0.835847, 4.952866, -0.157164, 0.91458, 0.372617, 0.649954, 0.0, 0.0, 0.0, 1.0],
                [0.907319, -0.01174, 0.420279, 1.294508, 0.39163, 0.387276, -0.834652, 4.951185, -0.152965, 0.921889, 0.35598, 0.654529, 0.0, 0.0, 0.0, 1.0],
                [0.899162, -0.01586, 0.437329, 1.301033, 0.411642, 0.369818, -0.832938, 4.949486, -0.148522, 0.928969, 0.339055, 0.65915, 0.0, 0.0, 0.0, 1.0],
                [0.890693, -0.01935, 0.454193, 1.307592, 0.431249, 0.352084, -0.830699, 4.947779, -0.14384, 0.935769, 0.321943, 0.663794, 0.0, 0.0, 0.0, 1.0],
                [0.881968, -0.022219, 0.470785, 1.31415, 0.450366, 0.334186, -0.827944, 4.946072, -0.138934, 0.942245, 0.304748, 0.668438, 0.0, 0.0, 0.0, 1.0],
                [0.873048, -0.024484, 0.487019, 1.320676, 0.468911, 0.316241, -0.82469, 4.944373, -0.133823, 0.948363, 0.287574, 0.67306, 0.0, 0.0, 0.0, 1.0],
                [0.863997, -0.02617, 0.502816, 1.327136, 0.486813, 0.298365, -0.82097, 4.942692, -0.128538, 0.954093, 0.270526, 0.677634, 0.0, 0.0, 0.0, 1.0],
                [0.854884, -0.027307, 0.5181, 1.333498, 0.504, 0.280676, -0.816826, 4.941036, -0.123113, 0.959414, 0.253709, 0.682139, 0.0, 0.0, 0.0, 1.0],
                [0.84578, -0.027936, 0.5328, 1.339728, 0.520413, 0.26329, -0.812311, 4.939415, -0.117588, 0.964312, 0.237223, 0.686551, 0.0, 0.0, 0.0, 1.0],
                [0.836756, -0.028099, 0.546854, 1.345794, 0.535996, 0.246321, -0.807486, 4.937836, -0.112011, 0.968781, 0.221172, 0.690847, 0.0, 0.0, 0.0, 1.0],
                [0.827889, -0.027848, 0.5602, 1.351664, 0.550701, 0.22988, -0.802424, 4.936308, -0.106433, 0.97282, 0.205651, 0.695003, 0.0, 0.0, 0.0, 1.0],
                [0.819253, -0.027237, 0.572786, 1.357303, 0.564485, 0.214077, -0.7972, 4.93484, -0.100907, 0.976437, 0.190758, 0.698997, 0.0, 0.0, 0.0, 1.0],
                [0.810921, -0.026324, 0.584563, 1.36268, 0.577311, 0.199017, -0.791899, 4.93344, -0.095492, 0.979642, 0.176584, 0.702804, 0.0, 0.0, 0.0, 1.0],
                [0.802968, -0.025171, 0.59549, 1.367762, 0.58915, 0.184801, -0.786608, 4.932117, -0.090247, 0.982454, 0.163219, 0.706403, 0.0, 0.0, 0.0, 1.0],
                [0.795468, -0.023841, 0.605527, 1.372515, 0.599972, 0.171526, -0.781417, 4.93088, -0.085233, 0.984891, 0.150747, 0.709769, 0.0, 0.0, 0.0, 1.0],
                [0.78849, -0.0224, 0.61464, 1.376908, 0.609756, 0.159285, -0.776419, 4.929737, -0.080512, 0.986978, 0.139253, 0.712879, 0.0, 0.0, 0.0, 1.0],
                [0.782103, -0.020911, 0.622798, 1.380906, 0.618479, 0.14817, -0.771705, 4.928696, -0.076143, 0.988741, 0.128817, 0.715711, 0.0, 0.0, 0.0, 1.0],
                [0.776375, -0.019438, 0.629971, 1.384478, 0.626123, 0.138268, -0.767367, 4.927766, -0.072188, 0.990204, 0.119519, 0.71824, 0.0, 0.0, 0.0, 1.0],
                [0.77137, -0.018045, 0.636131, 1.387591, 0.632667, 0.129662, -0.763492, 4.926956, -0.068705, 0.991394, 0.111434, 0.720444, 0.0, 0.0, 0.0, 1.0],
                [0.76715, -0.016791, 0.641248, 1.390211, 0.63809, 0.122436, -0.760165, 4.926274, -0.065748, 0.992334, 0.104641, 0.7223, 0.0, 0.0, 0.0, 1.0],
                [0.763773, -0.015732, 0.645293, 1.392306, 0.642367, 0.116672, -0.757465, 4.925729, -0.063372, 0.993046, 0.099216, 0.723783, 0.0, 0.0, 0.0, 1.0],
                [0.761296, -0.01492, 0.648232, 1.393843, 0.645469, 0.112452, -0.755463, 4.925329, -0.061623, 0.993545, 0.09524, 0.724872, 0.0, 0.0, 0.0, 1.0],
                [0.759774, -0.014404, 0.650028, 1.394789, 0.647362, 0.109858, -0.754223, 4.925083, -0.060546, 0.993843, 0.092792, 0.725542, 0.0, 0.0, 0.0, 1.0],
                [0.759255, -0.014224, 0.650638, 1.395112, 0.648004, 0.108974, -0.7538, 4.924999, -0.06018, 0.993943, 0.091956, 0.72577, 0.0, 0.0, 0.0, 1.0]
            ]
        },
        {
            "name": "Thigh_R",
            "time": [0.0, 0.0167, 0.0333, 0.05, 0.0667, 0.0833, 0.1, 0.1167, 0.1333, 0.15, 0.1667, 0.1833, 0.2, 0.2167, 0.2333, 0.25, 0.2667, 0.2833, 0.3, 0.3167, 0.3333, 0.35, 0.3667, 0.3833, 0.4, 0.4167, 0.4333, 0.45, 0.4667, 0.4833, 0.5, 0.5167, 0.5333, 0.55, 0.5667, 0.5833, 0.6, 0.6167, 0.6333, 0.65, 0.6667, 0.6833, 0.7, 0.7167, 0.7333, 0.75, 0.7667, 0.7833, 0.8, 0.8167, 0.8333, 0.85, 0.8667, 0.8833, 0.9, 0.9167, 0.9333, 0.95, 0.9667, 0.9833, 1.0, 1.0167, 1.0333, 1.05, 1.0667, 1.0833, 1.1, 1.1167, 1.1333, 1.15, 1.1667, 1.1833, 1.2, 1.2167, 1.2333, 1.25, 1.2667, 1.2833, 1.3, 1.3167, 1.3333, 1.35, 1.3667, 1.3833, 1.4, 1.4167, 1.4333, 1.45, 1.4667, 1.4833, 1.5, 1.5167, 1.5333, 1.55, 1.5667, 1.5833, 1.6, 1.6167, 1.6333, 1.65, 1.6667],
            "transform": [
                [0.88167, 0.366224, 0.297553, 0.124994, 0.1539, -0.819282, 0.55235, -0.002831, 0.446064, -0.441196, -0.778699, -1.2e-05, 0.0, 0.0, 0.0, 1.0],
                [0.88254, 0.360981, 0.301358, 0.124994, 0.141011, -0.814526, 0.562727, -0.002831, 0.448598, -0.454133, -0.769755, -1.2e-05, 0.0, 0.0, 0.0, 1.0],
                [0.884713, 0.345584, 0.312817, 0.124994, 0.107042, -0.803771, 0.585229, -0.002831, 0.453679, -0.484274, -0.7481, -1.2e-05, 0.0, 0.0, 0.0, 1.0],
                [0.887483, 0.321126, 0.330531, 0.124994, 0.06176, -0.793645, 0.605238, -0.002831, 0.456682, -0.516724, -0.724181, -1.2e-05, 0.0, 0.0, 0.0, 1.0],
                [0.892581, 0.289851, 0.345377, 0.124994, 0.019112, -0.789626, 0.613289, -0.002831, 0.450482, -0.540808, -0.710346, -1.2e-05, 0.0, 0.0, 0.0, 1.0],
                [0.904644, 0.2552, 0.341308, 0.124994, -0.005791, -0.793441, 0.608618, -0.002831, 0.426128, -0.552558, -0.716306, -1.2e-05, 0.0, 0.0, 0.0, 1.0],
                [0.926488, 0.222522, 0.303486, 0.124994, -0.002585, -0.802664, 0.596424, -0.002831, 0.376315, -0.553363, -0.743085, -1.2e-05, 0.0, 0.0, 0.0, 1.0],
                [0.953687, 0.198405, 0.226087, 0.124994, 0.031303, -0.813001, 0.581418, -0.002831, 0.299166, -0.547413, -0.781561, -1.2e-05, 0.0, 0.0, 0.0, 1.0],
                [0.975521, 0.187867, 0.114305, 0.124994, 0.092053, -0.820903, 0.563597, -0.002831, 0.199714, -0.539277, -0.818103, -1.2e-05, 0.0, 0.0, 0.0, 1.0],
                [0.981152, 0.192314, -0.018876, 0.124994, 0.172006, -0.824654, 0.538849, -0.002831, 0.088062, -0.531938, -0.842191, -1.2e-05, 0.0, 0.0, 0.0, 1.0],
                [0.964807, 0.209923, -0.158362, 0.124994, 0.261752, -0.824271, 0.502056, -0.002831, -0.025141, -0.525838, -0.850213, -1.2e-05, 0.0, 0.0, 0.0, 1.0],
                [0.929711, 0.24495, -0.275023, 0.124994, 0.350859, -0.816106, 0.459202, -0.002831, -0.111966, -0.523418, -0.844687, -1.2e-05, 0.0, 0.0, 0.0, 1.0],
                [0.888128, 0.295914, -0.351657, 0.124994, 0.432813, -0.795885, 0.423365, -0.002831, -0.1546, -0.528203, -0.834925, -1.2e-05, 0.0, 0.0, 0.0, 1.0],
                [0.849233, 0.35271, -0.392935, 0.124994, 0.502845, -0.767266, 0.398055, -0.002831, -0.161087, -0.535626, -0.828948, -1.2e-05, 0.0, 0.0, 0.0, 1.0],
                [0.81911, 0.409979, -0.401218, 0.124994, 0.555906, -0.739875, 0.378882, -0.002831, -0.141517, -0.533385, -0.83395, -1.2e-05, 0.0, 0.0, 0.0, 1.0],
                [0.801031, 0.482968, -0.353681, 0.124994, 0.588794, -0.742281, 0.319903, -0.002831, -0.108028, -0.464497, -0.878961, -1.2e-05, 0.0, 0.0, 0.0, 1.0],
                [0.817573, 0.390402, -0.423272, 0.124994, 0.571694, -0.638217, 0.515601, -0.002831, -0.068848, -0.663522, -0.744981, -1.2e-05, 0.0, 0.0, 0.0, 1.0],
                [0.861945, 0.272631, -0.42746, 0.124994, 0.506382, -0.504581, 0.699268, -0.002831, -0.025046, -0.819187, -0.572978, -1.2e-05, 0.0, 0.0, 0.0, 1.0],
                [0.895478, 0.268054, -0.355338, 0.124994, 0.443674, -0.473585, 0.760835, -0.002831, 0.035662, -0.838964, -0.543015, -1.2e-05, 0.0, 0.0, 0.0, 1.0],
                [0.888673, 0.361521, -0.282068, 0.124994, 0.449485, -0.565154, 0.691783, -0.002831, 0.090682, -0.741553, -0.664736, -1.2e-05, 0.0, 0.0, 0.0, 1.0],
                [0.846949, 0.473096, -0.242602, 0.124994, 0.523632, -0.663178, 0.534792, -0.002831, 0.09212, -0.579975, -0.809408, -1.2e-05, 0.0, 0.0, 0.0, 1.0],
                [0.827235, 0.496935, -0.262177, 0.124994, 0.561659, -0.719044, 0.409284, -0.002831, 0.014871, -0.485827, -0.873928, -1.2e-05, 0.0, 0.0, 0.0, 1.0],
                [0.818569, 0.516875, -0.250567, 0.124994, 0.573932, -0.718227, 0.393381, -0.002831, 0.023365, -0.465818, -0.884572, -1.2e-05, 0.0, 0.0, 0.0, 1.0],
                [0.815195, 0.521152, -0.252698, 0.124994, 0.57906, -0.724231, 0.374402, -0.002831, 0.012109, -0.451537, -0.89217, -1.2e-05, 0.0, 0.0, 0.0, 1.0],
                [0.802723, 0.549693, -0.23124, 0.124994, 0.595869, -0.72372, 0.348089, -0.002831, 0.023989, -0.417207, -0.908494, -1.2e-05, 0.0, 0.0, 0.0, 1.0],
                [0.790695, 0.577556, -0.203046, 0.124994, 0.610809, -0.72182, 0.325399, -0.002831, 0.041373, -0.381314, -0.923519, -1.2e-05, 0.0, 0.0, 0.0, 1.0],
                [0.800963, 0.549113, -0.238603, 0.124994, 0.597759, -0.755927, 0.266939, -0.002831, -0.033787, -0.356435, -0.933709, -1.2e-05, 0.0, 0.0, 0.0, 1.0],
                [0.790568, 0.57777, -0.202935, 0.124994, 0.61235, -0.742944, 0.270296, -0.002831, 0.005399, -0.337954, -0.941147, -1.2e-05, 0.0, 0.0, 0.0, 1.0],
                [0.790568, 0.577769, -0.202935, 0.124994, 0.61235, -0.742944, 0.270296, -0.002831, 0.005399, -0.337954, -0.941147, -1.2e-05, 0.0, 0.0, 0.0, 1.0],
                [0.790568, 0.577769, -0.202935, 0.124994, 0.61235, -0.742944, 0.270296, -0.002831, 0.005399, -0.337954, -0.941147, -1.2e-05, 0.0, 0.0, 0.0, 1.0],
                [0.226773, 0.899504, 0.373449, 0.124994, 0.916568, -0.326767, 0.230491, -0.002831, 0.329359, 0.290021, -0.89856, -1.2e-05, 0.0, 0.0, 0.0, 1.0],
                [0.352452, 0.930722, 0.09762, 0.124994, 0.89986, -0.365699, 0.23773, -0.002831, 0.256961, 0.004056, -0.966414, -1.2e-05, 0.0, 0.0, 0.0, 1.0],
                [0.410737, 0.905368, -0.107709, 0.124994, 0.902142, -0.386452, 0.191815, -0.002831, 0.132039, -0.175954, -0.975503, -1.2e-05, 0.0, 0.0, 0.0, 1.0],
                [0.403889, 0.87921, -0.252708, 0.124994, 0.914799, -0.389348, 0.107468, -0.002831, -0.003904, -0.274582, -0.961556, -1.2e-05, 0.0, 0.0, 0.0, 1.0],
                [0.350622, 0.867706, -0.352346, 0.124994, 0.928733, -0.370566, 0.011612, -0.002831, -0.120492, -0.331307, -0.935798, -1.2e-05, 0.0, 0.0, 0.0, 1.0],
                [0.269316, 0.863603, -0.426211, 0.124994, 0.94478, -0.322723, -0.056921, -0.002831, -0.186706, -0.387345, -0.902831, -1.2e-05, 0.0, 0.0, 0.0, 1.0],
                [0.180288, 0.846123, -0.501567, 0.124994, 0.971928, -0.231614, -0.041366, -0.002831, -0.151171, -0.480028, -0.864129, -1.2e-05, 0.0, 0.0, 0.0, 1.0],
                [0.151518, 0.789903, -0.594218, 0.124994, 0.987901, -0.100906, 0.117766, -0.002831, 0.033063, -0.604871, -0.795636, -1.2e-05, 0.0, 0.0, 0.0, 1.0],
                [0.230148, 0.712887, -0.662436, 0.124994, 0.923709, 0.054192, 0.379241, -0.002831, 0.306256, -0.699178, -0.64603, -1.2e-05, 0.0, 0.0, 0.0, 1.0],
                [0.366454, 0.646951, -0.668703, 0.124994, 0.785849, 0.169578, 0.594713, -0.002831, 0.498148, -0.743435, -0.446264, -1.2e-05, 0.0, 0.0, 0.0, 1.0],
                [0.482791, 0.595801, -0.64182, 0.124994, 0.673383, 0.21599, 0.707039, -0.002831, 0.559881, -0.773542, -0.296925, -1.2e-05, 0.0, 0.0, 0.0, 1.0],
                [0.555497, 0.561246, -0.613535, 0.124994, 0.612226, 0.223228, 0.758518, -0.002831, 0.562674, -0.796975, -0.219608, -1.2e-05, 0.0, 0.0, 0.0, 1.0],
                [0.61225, 0.555769, -0.562379, 0.124994, 0.564416, 0.19089, 0.803116, -0.002831, 0.5537, -0.809122, -0.196813, -1.2e-05, 0.0, 0.0, 0.0, 1.0],
                [0.680669, 0.580273, -0.447183, 0.124994, 0.497658, 0.081703, 0.863517, -0.002831, 0.537612, -0.810312, -0.233165, -1.1e-05, 0.0, 0.0, 0.0, 1.0],
                [0.763589, 0.601377, -0.235107, 0.124994, 0.395114, -0.147193, 0.906763, -0.00283, 0.510701, -0.785287, -0.350008, -1.1e-05, 0.0, 0.0, 0.0, 1.0],
                [0.819337, 0.526619, -0.226622, 0.124994, 0.27288, -0.010581, 0.96199, -0.002831, 0.504205, -0.850033, -0.152373, -1.2e-05, 0.0, 0.0, 0.0, 1.0],
                [0.829665, 0.52822, -0.180658, 0.124994, 0.166229, 0.07518, 0.983217, -0.00283, 0.532938, -0.845771, -0.025431, -1.2e-05, 0.0, 0.0, 0.0, 1.0],
                [0.819847, 0.561803, -0.110577, 0.124994, 0.090766, 0.063162, 0.993868, -0.002831, 0.565343, -0.824854, 0.000791, -1.2e-05, 0.0, 0.0, 0.0, 1.0],
                [0.80527, 0.589895, -0.059681, 0.124994, 0.041464, 0.044382, 0.998154, -0.002831, 0.591456, -0.806257, 0.011281, -1.2e-05, 0.0, 0.0, 0.0, 1.0],
                [0.794686, 0.606164, -0.032217, 0.124993, 0.013501, 0.035411, 0.999282, -0.00283, 0.60687, -0.794549, 0.019957, -1.2e-05, 0.0, 0.0, 0.0, 1.0],
                [0.791136, 0.611156, -0.024297, 0.124994, 0.004401, 0.034036, 0.999411, -0.002831, 0.611624, -0.790776, 0.024237, -1.2e-05, 0.0, 0.0, 0.0, 1.0],
                [0.791136, 0.611156, -0.024297, 0.124994, 0.004401, 0.034036, 0.999411, -0.002831, 0.611624, -0.790776, 0.024237, -1.2e-05, 0.0, 0.0, 0.0, 1.0],
                [0.791136, 0.611156, -0.024297, 0.124994, 0.004401, 0.034036, 0.999411, -0.002831, 0.611624, -0.790775, 0.024237, -1.2e-05, 0.0, 0.0, 0.0, 1.0],
                [0.791136, 0.611156, -0.024297, 0.124994, 0.004401, 0.034036, 0.999411, -0.002831, 0.611624, -0.790776, 0.024237, -1.2e-05, 0.0, 0.0, 0.0, 1.0],
                [0.791136, 0.611156, -0.024297, 0.124994, 0.004401, 0.034036, 0.999411, -0.002831, 0.611624, -0.790776, 0.024237, -1.2e-05, 0.0, 0.0, 0.0, 1.0],
                [0.791136, 0.611156, -0.024297, 0.124994, 0.004401, 0.034036, 0.999411, -0.002831, 0.611624, -0.790776, 0.024237, -1.2e-05, 0.0, 0.0, 0.0, 1.0],
                [0.791136, 0.611156, -0.024297, 0.124994, 0.004401, 0.034036, 0.999411, -0.002831, 0.611624, -0.790776, 0.024237, -1.2e-05, 0.0, 0.0, 0.0, 1.0],
                [0.791136, 0.611156, -0.024297, 0.124994, 0.004401, 0.034036, 0.999411, -0.002831, 0.611624, -0.790776, 0.024237, -1.2e-05, 0.0, 0.0, 0.0, 1.0],
                [0.791136, 0.611156, -0.024297, 0.124994, 0.004401, 0.034036, 0.999411, -0.002831, 0.611624, -0.790776, 0.024237, -1.2e-05, 0.0, 0.0, 0.0, 1.0],
                [0.791136, 0.611156, -0.024297, 0.124994, 0.004401, 0.034036, 0.999411, -0.002831, 0.611624, -0.790776, 0.024237, -1.2e-05, 0.0, 0.0, 0.0, 1.0],
                [0.791136, 0.611156, -0.024297, 0.124994, 0.004401, 0.034036, 0.999411, -0.002831, 0.611624, -0.790776, 0.024237, -1.2e-05, 0.0, 0.0, 0.0, 1.0],
                [0.790858, 0.611559, -0.023161, 0.124994, 0.004234, 0.032376, 0.999467, -0.00283, 0.611984, -0.790533, 0.023016, -1.2e-05, 0.0, 0.0, 0.0, 1.0],
                [0.790052, 0.612717, -0.019855, 0.124995, 0.003773, 0.027527, 0.999614, -0.00283, 0.613027, -0.789821, 0.019436, -1.2e-05, 0.0, 0.0, 0.0, 1.0],
                [0.788759, 0.61453, -0.014515, 0.124994, 0.003084, 0.019657, 0.999803, -0.002831, 0.614695, -0.788647, 0.013609, -1.1e-05, 0.0, 0.0, 0.0, 1.0],
                [0.787021, 0.616882, -0.007269, 0.124994, 0.002236, 0.008929, 0.999958, -0.002831, 0.616921, -0.787003, 0.005648, -1.2e-05, 0.0, 0.0, 0.0, 1.0],
                [0.784886, 0.619637, 0.001761, 0.124994, 0.001305, -0.004495, 0.99999, -0.00283, 0.619639, -0.784874, -0.004337, -1.2e-05, 0.0, 0.0, 0.0, 1.0],
                [0.782399, 0.622652, 0.012451, 0.124994, 0.000374, -0.020463, 0.999791, -0.002831, 0.622777, -0.782229, -0.016243, -1.1e-05, 0.0, 0.0, 0.0, 1.0],
                [0.779616, 0.625769, 0.02468, 0.124994, -0.000479, -0.038813, 0.999247, -0.00283, 0.626257, -0.779039, -0.029959, -1.2e-05, 0.0, 0.0, 0.0, 1.0],
                [0.776597, 0.628829, 0.038315, 0.124994, -0.001167, -0.059382, 0.998235, -0.002831, 0.629996, -0.77527, -0.045382, -1.1e-05, 0.0, 0.0, 0.0, 1.0],
                [0.773411, 0.631666, 0.053218, 0.124994, -0.001606, -0.082001, 0.996631, -0.002831, 0.633903, -0.770889, -0.062406, -1.1e-05, 0.0, 0.0, 0.0, 1.0],
                [0.770131, 0.634115, 0.069243, 0.124994, -0.001712, -0.106495, 0.994312, -0.002831, 0.637883, -0.765867, -0.08093, -1.2e-05, 0.0, 0.0, 0.0, 1.0],
                [0.766843, 0.636016, 0.086223, 0.124994, -0.001404, -0.132674, 0.991159, -0.002831, 0.641833, -0.760183, -0.100848, -1.1e-05, 0.0, 0.0, 0.0, 1.0],
                [0.76364, 0.637213, 0.10398, 0.124994, -0.000603, -0.160345, 0.987061, -0.002831, 0.645641, -0.753821, -0.122062, -1.1e-05, 0.0, 0.0, 0.0, 1.0],
                [0.760624, 0.637564, 0.122321, 0.124994, 0.000764, -0.189299, 0.981919, -0.00283, 0.649192, -0.746777, -0.144473, -1.2e-05, 0.0, 0.0, 0.0, 1.0],
                [0.757903, 0.636939, 0.141033, 0.124994, 0.002767, -0.219322, 0.975649, -0.00283, 0.652361, -0.739055, -0.167988, -1.2e-05, 0.0, 0.0, 0.0, 1.0],
                [0.755592, 0.635229, 0.159888, 0.124994, 0.005467, -0.250194, 0.968181, -0.00283, 0.65502, -0.730673, -0.192518, -1.3e-05, 0.0, 0.0, 0.0, 1.0],
                [0.753802, 0.632345, 0.178662, 0.124994, 0.008906, -0.2817, 0.959461, -0.002831, 0.657041, -0.721652, -0.217978, -1.2e-05, 0.0, 0.0, 0.0, 1.0],
                [0.752618, 0.628235, 0.197193, 0.124994, 0.013057, -0.313658, 0.949446, -0.002831, 0.658327, -0.711994, -0.244268, -1.2e-05, 0.0, 0.0, 0.0, 1.0],
                [0.752113, 0.622862, 0.215328, 0.124993, 0.017878, -0.345896, 0.938103, -0.002832, 0.658791, -0.701708, -0.271289, -1.1e-05, 0.0, 0.0, 0.0, 1.0],
                [0.752356, 0.616208, 0.232909, 0.124994, 0.023315, -0.378243, 0.925412, -0.00283, 0.658343, -0.690808, -0.298941, -1.2e-05, 0.0, 0.0, 0.0, 1.0],
                [0.753408, 0.60827, 0.249763, 0.124994, 0.029308, -0.410523, 0.911379, -0.002831, 0.656899, -0.679319, -0.327119, -1.2e-05, 0.0, 0.0, 0.0, 1.0],
                [0.755316, 0.59907, 0.265726, 0.124994, 0.035787, -0.442563, 0.896023, -0.002831, 0.654382, -0.66727, -0.355715, -1.2e-05, 0.0, 0.0, 0.0, 1.0],
                [0.758116, 0.588648, 0.280628, 0.124994, 0.04268, -0.474196, 0.879384, -0.002831, 0.650721, -0.654696, -0.38462, -1.2e-05, 0.0, 0.0, 0.0, 1.0],
                [0.761822, 0.57707, 0.294305, 0.124994, 0.049902, -0.505254, 0.861526, -0.002831, 0.645861, -0.641642, -0.413711, -1.2e-05, 0.0, 0.0, 0.0, 1.0],
                [0.766428, 0.564425, 0.306612, 0.124994, 0.057364, -0.53558, 0.842534, -0.002831, 0.639763, -0.628151, -0.442863, -1.2e-05, 0.0, 0.0, 0.0, 1.0],
                [0.771901, 0.550831, 0.317415, 0.124994, 0.064972, -0.565018, 0.822516, -0.002831, 0.632413, -0.614277, -0.471928, -1.2e-05, 0.0, 0.0, 0.0, 1.0],
                [0.778181, 0.536431, 0.326612, 0.124994, 0.072626, -0.593421, 0.801608, -0.002831, 0.623827, -0.600075, -0.500749, -1.1e-05, 0.0, 0.0, 0.0, 1.0],
                [0.785178, 0.521394, 0.33413, 0.124994, 0.080223, -0.620646, 0.779975, -0.002831, 0.614051, -0.585613, -0.529147, -1.2e-05, 0.0, 0.0, 0.0, 1.0],
                [0.792772, 0.505916, 0.339942, 0.124995, 0.087661, -0.64656, 0.757809, -0.002831, 0.603181, -0.570969, -0.556925, -1.2e-05, 0.0, 0.0, 0.0, 1.0],
                [0.800816, 0.490217, 0.344064, 0.124994, 0.094842, -0.671034, 0.735335, -0.002831, 0.591353, -0.556235, -0.583869, -1.2e-05, 0.0, 0.0, 0.0, 1.0],
                [0.809136, 0.474537, 0.34657, 0.124994, 0.101669, -0.693945, 0.712812, -0.00283, 0.578758, -0.541526, -0.609744, -1.1e-05, 0.0, 0.0, 0.0, 1.0],
                [0.817543, 0.459135, 0.347588, 0.124995, 0.108058, -0.715179, 0.690537, -0.002831, 0.565638, -0.526983, -0.634304, -1.1e-05, 0.0, 0.0, 0.0, 1.0],
                [0.825832, 0.444277, 0.347301, 0.124993, 0.113932, -0.734624, 0.668839, -0.002831, 0.552286, -0.512779, -0.657295, -1.1e-05, 0.0, 0.0, 0.0, 1.0],
                [0.833795, 0.43024, 0.345946, 0.124994, 0.119229, -0.752173, 0.648089, -0.002831, 0.539046, -0.499126, -0.678456, -1.1e-05, 0.0, 0.0, 0.0, 1.0],
                [0.841226, 0.417299, 0.343802, 0.124994, 0.123898, -0.767722, 0.628689, -0.002831, 0.526296, -0.486272, -0.697532, -1.1e-05, 0.0, 0.0, 0.0, 1.0],
                [0.84793, 0.405721, 0.341181, 0.124994, 0.127905, -0.781174, 0.61107, -0.002831, 0.514446, -0.474505, -0.714276, -1.3e-05, 0.0, 0.0, 0.0, 1.0],
                [0.853728, 0.395764, 0.338405, 0.124992, 0.131226, -0.792424, 0.595686, -0.002831, 0.503912, -0.464146, -0.728451, -1.1e-05, 0.0, 0.0, 0.0, 1.0],
                [0.858458, 0.38767, 0.3358, 0.124994, 0.133842, -0.801372, 0.582999, -0.002831, 0.495112, -0.455535, -0.739831, -1.2e-05, 0.0, 0.0, 0.0, 1.0],
                [0.861978, 0.381659, 0.333662, 0.124994, 0.135739, -0.807907, 0.573462, -0.002831, 0.488435, -0.44902, -0.748206, -1.2e-05, 0.0, 0.0, 0.0, 1.0],
                [0.864165, 0.37793, 0.332245, 0.124994, 0.136899, -0.811918, 0.567491, -0.002831, 0.484228, -0.444921, -0.753371, -1.2e-05, 0.0, 0.0, 0.0, 1.0],
                [0.864915, 0.376654, 0.331743, 0.124995, 0.137294, -0.813283, 0.565437, -0.002831, 0.482775, -0.443508, -0.755134, -1.1e-05, 0.0, 0.0, 0.0, 1.0]
            ]
        },
        {
            "name": "Leg_R",
            "time": [0.0, 0.0167, 0.0333, 0.05, 0.0667, 0.0833, 0.1, 0.1167, 0.1333, 0.15, 0.1667, 0.1833, 0.2, 0.2167, 0.2333, 0.25, 0.2667, 0.2833, 0.3, 0.3167, 0.3333, 0.35, 0.3667, 0.3833, 0.4, 0.4167, 0.4333, 0.45, 0.4667, 0.4833, 0.5, 0.5167, 0.5333, 0.55, 0.5667, 0.5833, 0.6, 0.6167, 0.6333, 0.65, 0.6667, 0.6833, 0.7, 0.7167, 0.7333, 0.75, 0.7667, 0.7833, 0.8, 0.8167, 0.8333, 0.85, 0.8667, 0.8833, 0.9, 0.9167, 0.9333, 0.95, 0.9667, 0.9833, 1.0, 1.0167, 1.0333, 1.05, 1.0667, 1.0833, 1.1, 1.1167, 1.1333, 1.15, 1.1667, 1.1833, 1.2, 1.2167, 1.2333, 1.25, 1.2667, 1.2833, 1.3, 1.3167, 1.3333, 1.35, 1.3667, 1.3833, 1.4, 1.4167, 1.4333, 1.45, 1.4667, 1.4833, 1.5, 1.5167, 1.5333, 1.55, 1.5667, 1.5833, 1.6, 1.6167, 1.6333, 1.65, 1.6667],
            "transform": [
                [1.000001, -0.0, 1e-06, -0.0, -0.0, 0.885877, 0.463923, 0.374726, -1e-06, -0.463925, 0.885873, -0.0, 0.0, 0.0, 0.0, 1.0],
                [1.0, -0.0, 1e-06, -0.0, -0.0, 0.873292, 0.4872, 0.374726, -1e-06, -0.487203, 0.873287, -0.0, 0.0, 0.0, 0.0, 1.0],
                [1.0, -0.0, 1e-06, 0.0, -0.0, 0.83973, 0.543005, 0.374726, -1e-06, -0.543008, 0.839726, 0.0, 0.0, 0.0, 0.0, 1.0],
                [1.0, -0.0, 1e-06, -0.0, -0.0, 0.7933, 0.608831, 0.374726, -1e-06, -0.608834, 0.793297, -0.0, 0.0, 0.0, 0.0, 1.0],
                [1.0, -0.0, 1e-06, -0.0, -0.0, 0.742249, 0.670125, 0.374726, -1e-06, -0.670128, 0.742246, -0.0, 0.0, 0.0, 0.0, 1.0],
                [1.0, -1e-06, 1e-06, 0.0, -0.0, 0.692975, 0.720961, 0.374726, -1e-06, -0.720964, 0.692973, -0.0, 0.0, 0.0, 0.0, 1.0],
                [1.0, -0.0, 1e-06, -0.0, -0.0, 0.64977, 0.76013, 0.374726, -1e-06, -0.760133, 0.649768, 0.0, 0.0, 0.0, 0.0, 1.0],
                [1.0, -1e-06, 1e-06, 0.0, -0.0, 0.61617, 0.787613, 0.374726, -1e-06, -0.787616, 0.616168, 0.0, 0.0, 0.0, 0.0, 1.0],
                [1.0, -1e-06, 1e-06, -0.0, -0.0, 0.596439, 0.802658, 0.374726, -1e-06, -0.80266, 0.596437, 0.0, 0.0, 0.0, 0.0, 1.0],
                [1.0, -1e-06, 1e-06, -0.0, -0.0, 0.595323, 0.803485, 0.374726, -1e-06, -0.803488, 0.595322, -0.0, 0.0, 0.0, 0.0, 1.0],
                [1.0, -1e-06, 1e-06, -0.0, -0.0, 0.615828, 0.78788, 0.374726, -1e-06, -0.787883, 0.615826, 0.0, 0.0, 0.0, 0.0, 1.0],
                [1.0, -1e-06, 1e-06, -0.0, -0.0, 0.657603, 0.753364, 0.374726, -1e-06, -0.753367, 0.657601, -0.0, 0.0, 0.0, 0.0, 1.0],
                [1.0, -1e-06, 1e-06, 0.0, -0.0, 0.719221, 0.694782, 0.374726, -1e-06, -0.694785, 0.719218, -0.0, 0.0, 0.0, 0.0, 1.0],
                [1.0, -1e-06, 1e-06, -0.0, -0.0, 0.79813, 0.602486, 0.374726, -1e-06, -0.602489, 0.798127, 0.0, 0.0, 0.0, 0.0, 1.0],
                [1.0, -0.0, 1e-06, -0.0, -0.0, 0.890604, 0.454783, 0.374726, -1e-06, -0.454785, 0.8906, -0.0, 0.0, 0.0, 0.0, 1.0],
                [1.0, -0.0, 1e-06, -0.0, 0.0, 0.991762, 0.128113, 0.374726, -1e-06, -0.128113, 0.991757, -0.0, 0.0, 0.0, 0.0, 1.0],
                [1.0, -0.0, 1e-06, -0.0, -0.0, 0.870757, 0.491716, 0.374726, -1e-06, -0.491719, 0.870753, 0.0, 0.0, 0.0, 0.0, 1.0],
                [1.0, -1e-06, 1e-06, -0.0, -0.0, 0.480565, 0.876958, 0.374726, -1e-06, -0.876961, 0.480564, -0.0, 0.0, 0.0, 0.0, 1.0],
                [1.0, -1e-06, 0.0, 0.0, -0.0, 0.116614, 0.993177, 0.374726, -1e-06, -0.993178, 0.116613, -0.0, 0.0, 0.0, 0.0, 1.0],
                [1.0, -1e-06, 0.0, 0.0, -0.0, -0.034795, 0.999394, 0.374726, -1e-06, -0.999395, -0.034795, 0.0, 0.0, 0.0, 0.0, 1.0],
                [1.0, -1e-06, 0.0, -0.0, -0.0, 0.048343, 0.99883, 0.374726, -1e-06, -0.998832, 0.048343, -0.0, 0.0, 0.0, 0.0, 1.0],
                [1.0, -1e-06, 0.0, -0.0, -0.0, 0.152402, 0.988318, 0.374726, -1e-06, -0.98832, 0.152401, -0.0, 0.0, 0.0, 0.0, 1.0],
                [1.0, -1e-06, 0.0, 0.0, -0.0, 0.160822, 0.986983, 0.374726, -1e-06, -0.986984, 0.160822, -0.0, 0.0, 0.0, 0.0, 1.0],
                [1.0, -1e-06, 1e-06, -0.0, -0.0, 0.160328, 0.987063, 0.374726, -1e-06, -0.987065, 0.160327, -0.0, 0.0, 0.0, 0.0, 1.0],
                [1.0, -1e-06, 0.0, -0.0, -0.0, 0.185321, 0.982678, 0.374726, -1e-06, -0.982679, 0.185321, -0.0, 0.0, 0.0, 0.0, 1.0],
                [1.0, -1e-06, 0.0, -0.0, -0.0, 0.209531, 0.977801, 0.374726, -1e-06, -0.977803, 0.209531, -0.0, 0.0, 0.0, 0.0, 1.0],
                [1.0, -1e-06, 1e-06, -0.0, -0.0, 0.223138, 0.974786, 0.374726, -1e-06, -0.974788, 0.223137, -0.0, 0.0, 0.0, 0.0, 1.0],
                [1.0, -1e-06, 0.0, 0.0, -0.0, 0.238343, 0.97118, 0.374726, -1e-06, -0.971182, 0.238343, -0.0, 0.0, 0.0, 0.0, 1.0],
                [1.0, -1e-06, 0.0, 0.0, -0.0, 0.238343, 0.97118, 0.374726, -1e-06, -0.971182, 0.238343, 0.0, 0.0, 0.0, 0.0, 1.0],
                [1.0, -1e-06, 0.0, 0.0, -0.0, 0.238343, 0.97118, 0.374726, -1e-06, -0.971182, 0.238343, -0.0, 0.0, 0.0, 0.0, 1.0],
                [1.0, -1e-06, 0.0, -0.0, -0.0, 0.026035, 0.99966, 0.374726, -1e-06, -0.999662, 0.026035, -0.0, 0.0, 0.0, 0.0, 1.0],
                [1.0, -1e-06, 0.0, 0.0, -0.0, -0.044402, 0.999013, 0.374726, -1e-06, -0.999014, -0.044402, -0.0, 0.0, 0.0, 0.0, 1.0],
                [1.0, -1e-06, 0.0, 0.0, -0.0, -0.05777, 0.998329, 0.374726, -1e-06, -0.998331, -0.05777, 0.0, 0.0, 0.0, 0.0, 1.0],
                [1.0, -1e-06, 0.0, 0.0, -0.0, -0.012008, 0.999927, 0.374726, -1e-06, -0.999929, -0.012008, -0.0, 0.0, 0.0, 0.0, 1.0],
                [1.000001, -1e-06, 0.0, -0.0, -0.0, 0.091333, 0.99582, 0.374726, -1e-06, -0.995822, 0.091333, 0.0, 0.0, 0.0, 0.0, 1.0],
                [1.0, -1e-06, 0.0, 0.0, -0.0, 0.226888, 0.97392, 0.374726, -1e-06, -0.973922, 0.226888, 0.0, 0.0, 0.0, 0.0, 1.0],
                [1.0, -1e-06, 1e-06, -0.0, -0.0, 0.341221, 0.939982, 0.374726, -1e-06, -0.939984, 0.34122, 0.0, 0.0, 0.0, 0.0, 1.0],
                [1.0, -1e-06, 1e-06, -0.0, -0.0, 0.39635, 0.918098, 0.374726, -1e-06, -0.918101, 0.396349, -0.0, 0.0, 0.0, 0.0, 1.0],
