{
    "animation": [
        {
            "name": "Root",
            "time": [0.0, 0.0167, 0.0333, 0.05, 0.0667, 0.0833, 0.1, 0.1167, 0.1333, 0.15, 0.1667, 0.1833, 0.2, 0.2167, 0.2333, 0.25, 0.2667, 0.2833, 0.3, 0.3167, 0.3333, 0.35, 0.3667, 0.3833, 0.4, 0.4167, 0.4333, 0.45, 0.4667, 0.4833, 0.5, 0.5167, 0.5333, 0.55, 0.5667, 0.5833, 0.6, 0.6167, 0.6333, 0.65, 0.6667, 0.6833, 0.7, 0.7167, 0.7333, 0.75, 0.7667, 0.7833, 0.8, 0.8167, 0.8333, 0.85, 0.8667, 0.8833, 0.9, 0.9167, 0.9333, 0.95, 0.9667, 0.9833, 1.0, 1.0167, 1.0333, 1.05, 1.0667, 1.0833, 1.1, 1.1167, 1.1333, 1.15, 1.1667, 1.1833, 1.2, 1.2167, 1.2333, 1.25, 1.2667, 1.2833, 1.3, 1.3167, 1.3333, 1.35, 1.3667, 1.3833, 1.4, 1.4167, 1.4333, 1.45, 1.4667, 1.4833, 1.5, 1.5167, 1.5333, 1.55, 1.5667, 1.5833, 1.6, 1.6167, 1.6333, 1.65, 1.6667],
            "transform": [
                [0.78635, 0.0, 0.617782, -5e-06, 0.613358, 0.119463, -0.780718, 0.719509, -0.073802, 0.992839, 0.09394, 0.728846, 0.0, 0.0, 0.0, 1.0],
                [0.778877, 0.002107, 0.627173, -5e-06, 0.622315, 0.121682, -0.773252, 0.723176, -0.077945, 0.992567, 0.093464, 0.727457, 0.0, 0.0, 0.0, 1.0],
                [0.757082, 0.007896, 0.653272, -5e-06, 0.647138, 0.128169, -0.751522, 0.733913, -0.089664, 0.991721, 0.091925, 0.72355, 0.0, 0.0, 0.0, 1.0],
                [0.721202, 0.016422, 0.69253, -5e-06, 0.684271, 0.138817, -0.715893, 0.75132, -0.107891, 0.990182, 0.088879, 0.717511, 0.0, 0.0, 0.0, 1.0],
                [0.671138, 0.026567, 0.740856, -5e-06, 0.729581, 0.153565, -0.66643, 0.774999, -0.131474, 0.987781, 0.08368, 0.709729, 0.0, 0.0, 0.0, 1.0],
                [0.607146, 0.037088, 0.793724, -5e-06, 0.778501, 0.172231, -0.60355, 0.804552, -0.159088, 0.984358, 0.075697, 0.700591, 0.0, 0.0, 0.0, 1.0],
                [0.530422, 0.046707, 0.846446, -5e-06, 0.826345, 0.194385, -0.528552, 0.839579, -0.189223, 0.979813, 0.06451, 0.690484, 0.0, 0.0, 0.0, 1.0],
                [0.443455, 0.054255, 0.894653, -5e-06, 0.868811, 0.219273, -0.443944, 0.879684, -0.22026, 0.974154, 0.050101, 0.679795, 0.0, 0.0, 0.0, 1.0],
                [0.350061, 0.058836, 0.934878, -5e-06, 0.902576, 0.245842, -0.353437, 0.924466, -0.250627, 0.967523, 0.032956, 0.668913, 0.0, 0.0, 0.0, 1.0],
                [0.255055, 0.05996, 0.965066, -5e-06, 0.9258, 0.272846, -0.26163, 0.973528, -0.279002, 0.960187, 0.01408, 0.658225, 0.0, 0.0, 0.0, 1.0],
                [0.163678, 0.057603, 0.984831, -5e-06, 0.938353, 0.299017, -0.173443, 1.026471, -0.304472, 0.952508, -0.005109, 0.648117, 0.0, 0.0, 0.0, 1.0],
                [0.080979, 0.052161, 0.99535, -5e-06, 0.941685, 0.323229, -0.093552, 1.082897, -0.326606, 0.944882, -0.022944, 0.638979, 0.0, 0.0, 0.0, 1.0],
                [0.011377, 0.044335, 0.998952, -5e-06, 0.938384, 0.344616, -0.025982, 1.142407, -0.345406, 0.937696, -0.037682, 0.631197, 0.0, 0.0, 0.0, 1.0],
                [-0.041476, 0.034969, 0.998528, -5e-06, 0.931584, 0.362597, 0.025997, 1.204602, -0.361154, 0.93129, -0.047616, 0.625158, 0.0, 0.0, 0.0, 1.0],
                [-0.074524, 0.024909, 0.996908, -5e-06, 0.924352, 0.376843, 0.059684, 1.269085, -0.374191, 0.925942, -0.051109, 0.621251, 0.0, 0.0, 0.0, 1.0],
                [-0.084934, 0.014881, 0.996276, -5e-06, 0.919143, 0.387181, 0.072576, 1.335456, -0.384659, 0.921884, -0.046562, 0.619863, 0.0, 0.0, 0.0, 1.0],
                [-0.07048, -0.002803, 0.997509, -5e-06, 0.920218, 0.385785, 0.066103, 1.403266, -0.385009, 0.922585, -0.024611, 0.621659, 0.0, 0.0, 0.0, 1.0],
                [-0.03446, -0.032275, 0.998885, -5e-06, 0.927935, 0.370139, 0.043972, 1.471862, -0.371145, 0.928416, 0.017194, 0.626238, 0.0, 0.0, 0.0, 1.0],
                [0.017835, -0.067725, 0.997545, -5e-06, 0.937417, 0.348141, 0.006876, 1.540541, -0.347752, 0.934992, 0.069696, 0.632388, 0.0, 0.0, 0.0, 1.0],
                [0.081285, -0.102518, 0.991405, -5e-06, 0.943753, 0.327781, -0.043483, 1.608599, -0.320506, 0.939175, 0.123395, 0.638893, 0.0, 0.0, 0.0, 1.0],
                [0.151124, -0.128642, 0.980109, -5e-06, 0.942829, 0.316699, -0.103808, 1.675332, -0.297045, 0.939762, 0.169148, 0.644541, 0.0, 0.0, 0.0, 1.0],
                [0.222934, -0.136739, 0.965196, -5e-06, 0.931615, 0.321427, -0.169641, 1.740037, -0.287044, 0.93701, 0.199045, 0.648117, 0.0, 0.0, 0.0, 1.0],
                [0.293685, -0.131133, 0.946865, -5e-06, 0.911757, 0.335973, -0.236266, 1.802084, -0.287138, 0.932698, 0.218232, 0.650105, 0.0, 0.0, 0.0, 1.0],
                [0.362513, -0.123116, 0.923811, -5e-06, 0.886782, 0.350506, -0.30127, 1.861142, -0.28671, 0.928433, 0.23624, 0.651809, 0.0, 0.0, 0.0, 1.0],
                [0.428231, -0.113009, 0.896575, -5e-06, 0.85729, 0.36457, -0.363515, 1.916953, -0.285784, 0.924293, 0.253002, 0.653251, 0.0, 0.0, 0.0, 1.0],
                [0.489797, -0.101216, 0.865941, -5e-06, 0.824139, 0.377775, -0.421996, 1.96926, -0.284418, 0.920349, 0.268449, 0.654454, 0.0, 0.0, 0.0, 1.0],
                [0.546358, -0.088205, 0.832894, -5e-06, 0.788399, 0.389819, -0.475888, 2.017807, -0.282702, 0.916658, 0.282522, 0.655438, 0.0, 0.0, 0.0, 1.0],
                [0.597287, -0.074488, 0.798561, -5e-06, 0.751285, 0.400494, -0.524571, 2.062335, -0.280745, 0.913267, 0.295172, 0.656227, 0.0, 0.0, 0.0, 1.0],
                [0.642186, -0.060595, 0.76415, -5e-06, 0.714102, 0.409689, -0.567638, 2.102587, -0.278668, 0.910211, 0.306367, 0.656841, 0.0, 0.0, 0.0, 1.0],
                [0.680865, -0.047056, 0.730896, -5e-06, 0.678173, 0.417375, -0.604879, 2.138308, -0.276594, 0.907515, 0.316088, 0.657302, 0.0, 0.0, 0.0, 1.0],
                [0.713312, -0.034385, 0.700003, -5e-06, 0.644793, 0.423599, -0.636244, 2.169238, -0.274643, 0.905197, 0.324329, 0.657633, 0.0, 0.0, 0.0, 1.0],
                [0.739633, -0.023067, 0.672615, -5e-06, 0.615189, 0.428455, -0.661792, 2.195122, -0.272919, 0.903269, 0.33109, 0.657854, 0.0, 0.0, 0.0, 1.0],
                [0.759992, -0.013556, 0.649791, -5e-06, 0.590503, 0.432065, -0.681635, 2.215701, -0.271511, 0.901741, 0.336371, 0.657989, 0.0, 0.0, 0.0, 1.0],
                [0.774544, -0.006278, 0.63249, -5e-06, 0.571771, 0.434553, -0.695875, 2.230719, -0.270482, 0.900624, 0.34017, 0.658058, 0.0, 0.0, 0.0, 1.0],
                [0.783357, -0.001632, 0.62157, -5e-06, 0.559932, 0.436019, -0.704531, 2.239918, -0.269867, 0.899936, 0.342472, 0.658083, 0.0, 0.0, 0.0, 1.0],
                [0.786349, -0.0, 0.617782, -5e-06, 0.555818, 0.436509, -0.707478, 2.243042, -0.269668, 0.8997, 0.343249, 0.658087, 0.0, 0.0, 0.0, 1.0],
                [0.78635, -0.0, 0.617782, -5e-06, 0.555818, 0.436509, -0.707478, 2.243042, -0.269668, 0.8997, 0.343249, 0.658087, 0.0, 0.0, 0.0, 1.0],
                [0.78635, -0.0, 0.617782, -5e-06, 0.555818, 0.436509, -0.707479, 2.243042, -0.269668, 0.8997, 0.343249, 0.658087, 0.0, 0.0, 0.0, 1.0],
                [0.78635, -0.0, 0.617782, -5e-06, 0.555818, 0.436509, -0.707478, 2.243042, -0.269668, 0.8997, 0.343249, 0.658087, 0.0, 0.0, 0.0, 1.0],
                [0.78635, -0.0, 0.617782, -5e-06, 0.555818, 0.43651, -0.707479, 2.243042, -0.269668, 0.8997, 0.343249, 0.658087, 0.0, 0.0, 0.0, 1.0],
                [0.78635, -0.0, 0.617782, -5e-06, 0.555818, 0.43651, -0.707478, 2.243042, -0.269668, 0.8997, 0.343249, 0.658087, 0.0, 0.0, 0.0, 1.0],
                [0.78635, -0.0, 0.617782, -5e-06, 0.555818, 0.43651, -0.707478, 2.243042, -0.269668, 0.8997, 0.343249, 0.658087, 0.0, 0.0, 0.0, 1.0],
                [0.78635, -0.0, 0.617782, -5e-06, 0.555818, 0.43651, -0.707478, 2.243042, -0.269668, 0.8997, 0.343249, 0.658087, 0.0, 0.0, 0.0, 1.0],
                [0.78635, -0.0, 0.617782, -5e-06, 0.555818, 0.436509, -0.707478, 2.243042, -0.269668, 0.8997, 0.343249, 0.658087, 0.0, 0.0, 0.0, 1.0],
                [0.78635, -0.0, 0.617782, -5e-06, 0.555818, 0.436509, -0.707479, 2.243042, -0.269668, 0.8997, 0.343249, 0.658087, 0.0, 0.0, 0.0, 1.0],
                [0.78635, -0.0, 0.617782, -5e-06, 0.555818, 0.43651, -0.707478, 2.243042, -0.269668, 0.8997, 0.343249, 0.658087, 0.0, 0.0, 0.0, 1.0],
                [0.786349, -0.0, 0.617782, 2.2e-05, 0.555948, 0.436076, -0.707644, 2.24317, -0.2694, 0.89991, 0.342908, 0.658199, 0.0, 0.0, 0.0, 1.0],
                [0.78635, -0.0, 0.617782, 0.000101, 0.55633, 0.434799, -0.708129, 2.243548, -0.268611, 0.900528, 0.341904, 0.658529, 0.0, 0.0, 0.0, 1.0],
                [0.78635, -0.0, 0.617782, 0.00023, 0.556949, 0.432717, -0.708917, 2.244163, -0.267325, 0.90153, 0.340267, 0.659067, 0.0, 0.0, 0.0, 1.0],
                [0.78635, -0.0, 0.617782, 0.000406, 0.557791, 0.429866, -0.709989, 2.245004, -0.265563, 0.902893, 0.338025, 0.659802, 0.0, 0.0, 0.0, 1.0],
                [0.78635, 0.0, 0.617782, 0.000627, 0.55884, 0.426282, -0.711324, 2.246059, -0.263349, 0.904591, 0.335206, 0.660724, 0.0, 0.0, 0.0, 1.0],
                [0.78635, 0.0, 0.617782, 0.00089, 0.560079, 0.421998, -0.712902, 2.247317, -0.260702, 0.906597, 0.331838, 0.661824, 0.0, 0.0, 0.0, 1.0],
                [0.78635, -0.0, 0.617782, 0.001194, 0.561492, 0.41705, -0.7147, 2.248766, -0.257646, 0.908884, 0.327947, 0.66309, 0.0, 0.0, 0.0, 1.0],
                [0.78635, -0.0, 0.617782, 0.001534, 0.56306, 0.411471, -0.716697, 2.250395, -0.254199, 0.911423, 0.32356, 0.664514, 0.0, 0.0, 0.0, 1.0],
                [0.78635, -0.0, 0.617782, 0.001911, 0.564767, 0.405297, -0.718869, 2.252191, -0.250385, 0.914185, 0.318705, 0.666084, 0.0, 0.0, 0.0, 1.0],
                [0.78635, -0.0, 0.617782, 0.002319, 0.566594, 0.398561, -0.721194, 2.254144, -0.246223, 0.917142, 0.313408, 0.667791, 0.0, 0.0, 0.0, 1.0],
                [0.78635, 0.0, 0.617782, 0.002758, 0.568522, 0.391297, -0.72365, 2.256242, -0.241736, 0.920264, 0.307697, 0.669625, 0.0, 0.0, 0.0, 1.0],
                [0.78635, -0.0, 0.617782, 0.003225, 0.570536, 0.383543, -0.726212, 2.258473, -0.236946, 0.923523, 0.301599, 0.671575, 0.0, 0.0, 0.0, 1.0],
                [0.78635, 0.0, 0.617782, 0.003718, 0.572616, 0.375332, -0.72886, 2.260825, -0.231873, 0.926891, 0.295142, 0.673632, 0.0, 0.0, 0.0, 1.0],
                [0.78635, -0.0, 0.617782, 0.004233, 0.574746, 0.366701, -0.731571, 2.263288, -0.226541, 0.930339, 0.288355, 0.675784, 0.0, 0.0, 0.0, 1.0],
                [0.78635, -0.0, 0.617782, 0.00477, 0.57691, 0.357688, -0.734325, 2.265849, -0.220973, 0.933841, 0.281268, 0.678023, 0.0, 0.0, 0.0, 1.0],
                [0.78635, 0.0, 0.617782, 0.005324, 0.579091, 0.348331, -0.737102, 2.268497, -0.215192, 0.937372, 0.27391, 0.680338, 0.0, 0.0, 0.0, 1.0],
                [0.78635, -0.0, 0.617782, 0.005894, 0.581275, 0.338667, -0.739881, 2.271221, -0.209222, 0.940906, 0.266311, 0.682718, 0.0, 0.0, 0.0, 1.0],
                [0.78635, -0.0, 0.617782, 0.006477, 0.583446, 0.328737, -0.742645, 2.274008, -0.203088, 0.944421, 0.258502, 0.685155, 0.0, 0.0, 0.0, 1.0],
                [0.78635, -0.0, 0.617782, 0.007072, 0.585592, 0.318582, -0.745377, 2.276847, -0.196814, 0.947895, 0.250517, 0.687636, 0.0, 0.0, 0.0, 1.0],
                [0.78635, 0.0, 0.617782, 0.007675, 0.587701, 0.308241, -0.748061, 2.279727, -0.190426, 0.951308, 0.242385, 0.690154, 0.0, 0.0, 0.0, 1.0],
                [0.78635, 0.0, 0.617782, 0.008283, 0.58976, 0.297758, -0.750682, 2.282636, -0.18395, 0.954641, 0.234142, 0.692696, 0.0, 0.0, 0.0, 1.0],
                [0.78635, 0.0, 0.617782, 0.008896, 0.59176, 0.287175, -0.753227, 2.285562, -0.177412, 0.957878, 0.22582, 0.695254, 0.0, 0.0, 0.0, 1.0],
                [0.78635, 0.0, 0.617782, 0.00951, 0.59369, 0.276536, -0.755685, 2.288493, -0.170839, 0.961004, 0.217454, 0.697817, 0.0, 0.0, 0.0, 1.0],
                [0.78635, -0.0, 0.617782, 0.010122, 0.595545, 0.265884, -0.758045, 2.29142, -0.164258, 0.964005, 0.209078, 0.700375, 0.0, 0.0, 0.0, 1.0],
                [0.78635, 0.0, 0.617782, 0.010731, 0.597315, 0.255264, -0.760299, 2.294328, -0.157697, 0.966872, 0.200727, 0.702917, 0.0, 0.0, 0.0, 1.0],
                [0.78635, -0.0, 0.617782, 0.011334, 0.598997, 0.244721, -0.762439, 2.297208, -0.151184, 0.969594, 0.192436, 0.705434, 0.0, 0.0, 0.0, 1.0],
                [0.78635, -0.0, 0.617782, 0.011928, 0.600586, 0.2343, -0.764461, 2.300047, -0.144746, 0.972164, 0.184241, 0.707916, 0.0, 0.0, 0.0, 1.0],
                [0.78635, -0.0, 0.617782, 0.012512, 0.602077, 0.224046, -0.766359, 2.302834, -0.138412, 0.974578, 0.176179, 0.710352, 0.0, 0.0, 0.0, 1.0],
                [0.78635, -0.0, 0.617782, 0.013082, 0.603469, 0.214006, -0.768132, 2.305558, -0.132209, 0.976832, 0.168284, 0.712733, 0.0, 0.0, 0.0, 1.0],
                [0.78635, -0.0, 0.617782, 0.013636, 0.604761, 0.204226, -0.769776, 2.308206, -0.126167, 0.978924, 0.160593, 0.715048, 0.0, 0.0, 0.0, 1.0],
                [0.78635, -0.0, 0.617782, 0.014172, 0.605953, 0.194751, -0.771293, 2.310767, -0.120314, 0.980853, 0.153142, 0.717286, 0.0, 0.0, 0.0, 1.0],
                [0.78635, -0.0, 0.617782, 0.014688, 0.607045, 0.185627, -0.772683, 2.31323, -0.114677, 0.98262, 0.145967, 0.719439, 0.0, 0.0, 0.0, 1.0],
                [0.78635, -0.0, 0.617782, 0.01518, 0.608039, 0.176899, -0.773948, 2.315582, -0.109285, 0.984229, 0.139105, 0.721496, 0.0, 0.0, 0.0, 1.0],
                [0.78635, 0.0, 0.617782, 0.015647, 0.608936, 0.168614, -0.775091, 2.317813, -0.104167, 0.985682, 0.132589, 0.723446, 0.0, 0.0, 0.0, 1.0],
                [0.78635, -0.0, 0.617782, 0.016086, 0.609741, 0.160816, -0.776115, 2.319911, -0.099349, 0.986984, 0.126458, 0.725279, 0.0, 0.0, 0.0, 1.0],
                [0.78635, -0.0, 0.617782, 0.016495, 0.610455, 0.153551, -0.777024, 2.321864, -0.094861, 0.988141, 0.120745, 0.726987, 0.0, 0.0, 0.0, 1.0],
                [0.78635, 0.0, 0.617782, 0.016871, 0.611083, 0.146863, -0.777823, 2.323661, -0.09073, 0.989157, 0.115486, 0.728557, 0.0, 0.0, 0.0, 1.0],
                [0.78635, -0.0, 0.617782, 0.017212, 0.611628, 0.140798, -0.778516, 2.325289, -0.086982, 0.990038, 0.110717, 0.729981, 0.0, 0.0, 0.0, 1.0],
                [0.78635, -0.0, 0.617782, 0.017515, 0.612093, 0.135399, -0.779108, 2.326738, -0.083647, 0.990791, 0.106471, 0.731247, 0.0, 0.0, 0.0, 1.0],
                [0.78635, -0.0, 0.617782, 0.017779, 0.612482, 0.130711, -0.779603, 2.327996, -0.080751, 0.991421, 0.102785, 0.732347, 0.0, 0.0, 0.0, 1.0],
                [0.78635, -0.0, 0.617782, 0.017999, 0.612797, 0.126778, -0.780005, 2.329051, -0.078321, 0.991931, 0.099692, 0.733269, 0.0, 0.0, 0.0, 1.0],
                [0.78635, 0.0, 0.617782, 0.018175, 0.613041, 0.123643, -0.780316, 2.329892, -0.076384, 0.992327, 0.097226, 0.734004, 0.0, 0.0, 0.0, 1.0],
                [0.78635, 0.0, 0.617782, 0.018304, 0.613216, 0.121349, -0.780538, 2.330507, -0.074967, 0.99261, 0.095423, 0.734542, 0.0, 0.0, 0.0, 1.0],
                [0.78635, -0.0, 0.617782, 0.018383, 0.613322, 0.119942, -0.780673, 2.330885, -0.074098, 0.992781, 0.094316, 0.734872, 0.0, 0.0, 0.0, 1.0],
                [0.78635, -0.0, 0.617782, 0.01841, 0.613358, 0.119463, -0.780718, 2.331013, -0.073802, 0.992839, 0.09394, 0.734984, 0.0, 0.0, 0.0, 1.0],
                [0.78635, 0.0, 0.617782, 0.01841, 0.613357, 0.119463, -0.780718, 2.331013, -0.073802, 0.992839, 0.09394, 0.734984, 0.0, 0.0, 0.0, 1.0],
                [0.78635, 0.0, 0.617782, 0.01841, 0.613358, 0.119463, -0.780718, 2.331013, -0.073802, 0.992839, 0.09394, 0.734984, 0.0, 0.0, 0.0, 1.0],
                [0.78635, 0.0, 0.617782, 0.01841, 0.613358, 0.119463, -0.780718, 2.331013, -0.073802, 0.992839, 0.09394, 0.734984, 0.0, 0.0, 0.0, 1.0],
                [0.78635, 0.0, 0.617782, 0.01841, 0.613358, 0.119463, -0.780718, 2.331013, -0.073802, 0.992839, 0.09394, 0.734984, 0.0, 0.0, 0.0, 1.0],
                [0.78635, 0.0, 0.617782, 0.01841, 0.613358, 0.119463, -0.780718, 2.331013, -0.073802, 0.992839, 0.09394, 0.734984, 0.0, 0.0, 0.0, 1.0],
                [0.78635, 0.0, 0.617782, 0.01841, 0.613358, 0.119463, -0.780718, 2.331013, -0.073802, 0.992839, 0.09394, 0.734984, 0.0, 0.0, 0.0, 1.0],
                [0.78635, 0.0, 0.617782, 0.01841, 0.613358, 0.119463, -0.780718, 2.331013, -0.073802, 0.992839, 0.09394, 0.734984, 0.0, 0.0, 0.0, 1.0],
                [0.78635, 0.0, 0.617782, 0.01841, 0.613358, 0.119463, -0.780718, 2.331013, -0.073802, 0.992839, 0.09394, 0.734984, 0.0, 0.0, 0.0, 1.0],
                [0.78635, 0.0, 0.617782, 0.01841, 0.613358, 0.119463, -0.780718, 2.331013, -0.073802, 0.992839, 0.09394, 0.734984, 0.0, 0.0, 0.0, 1.0],
                [0.78635, 0.0, 0.617782, 0.01841, 0.613358, 0.119463, -0.780718, 2.331013, -0.073802, 0.992839, 0.09394, 0.734984, 0.0, 0.0, 0.0, 1.0]
            ]
        },
        {
            "name": "Thigh_R",
            "time": [0.0, 0.0167, 0.0333, 0.05, 0.0667, 0.0833, 0.1, 0.1167, 0.1333, 0.15, 0.1667, 0.1833, 0.2, 0.2167, 0.2333, 0.25, 0.2667, 0.2833, 0.3, 0.3167, 0.3333, 0.35, 0.3667, 0.3833, 0.4, 0.4167, 0.4333, 0.45, 0.4667, 0.4833, 0.5, 0.5167, 0.5333, 0.55, 0.5667, 0.5833, 0.6, 0.6167, 0.6333, 0.65, 0.6667, 0.6833, 0.7, 0.7167, 0.7333, 0.75, 0.7667, 0.7833, 0.8, 0.8167, 0.8333, 0.85, 0.8667, 0.8833, 0.9, 0.9167, 0.9333, 0.95, 0.9667, 0.9833, 1.0, 1.0167, 1.0333, 1.05, 1.0667, 1.0833, 1.1, 1.1167, 1.1333, 1.15, 1.1667, 1.1833, 1.2, 1.2167, 1.2333, 1.25, 1.2667, 1.2833, 1.3, 1.3167, 1.3333, 1.35, 1.3667, 1.3833, 1.4, 1.4167, 1.4333, 1.45, 1.4667, 1.4833, 1.5, 1.5167, 1.5333, 1.55, 1.5667, 1.5833, 1.6, 1.6167, 1.6333, 1.65, 1.6667],
            "transform": [
                [0.87888, 0.273172, 0.391084, 0.124994, 0.093484, -0.902537, 0.420339, -0.002831, 0.467793, -0.332867, -0.81876, -1.2e-05, 0.0, 0.0, 0.0, 1.0],
                [0.872818, 0.279997, 0.399736, 0.124994, 0.096174, -0.901671, 0.421588, -0.002831, 0.478475, -0.329525, -0.813926, -1.2e-05, 0.0, 0.0, 0.0, 1.0],
                [0.854887, 0.298253, 0.424514, 0.124994, 0.103694, -0.899956, 0.423469, -0.002831, 0.508345, -0.317998, -0.80029, -1.2e-05, 0.0, 0.0, 0.0, 1.0],
                [0.824583, 0.323674, 0.464, 0.124994, 0.115248, -0.89907, 0.42236, -0.002831, 0.553877, -0.294795, -0.778663, -1.2e-05, 0.0, 0.0, 0.0, 1.0],
                [0.780834, 0.350688, 0.517026, 0.124994, 0.12999, -0.900673, 0.414593, -0.002831, 0.611065, -0.25652, -0.748864, -1.2e-05, 0.0, 0.0, 0.0, 1.0],
                [0.722734, 0.372411, 0.582206, 0.124994, 0.146934, -0.905939, 0.397091, -0.00283, 0.675325, -0.201445, -0.709475, -1.2e-05, 0.0, 0.0, 0.0, 1.0],
                [0.619937, 0.391933, 0.679755, 0.124994, 0.167536, -0.912451, 0.373311, -0.002831, 0.766557, -0.117546, -0.631326, -1.2e-05, 0.0, 0.0, 0.0, 1.0],
                [0.444698, 0.399279, 0.80176, 0.124994, 0.196883, -0.916821, 0.34738, -0.002831, 0.873773, 0.003373, -0.486321, -1.2e-05, 0.0, 0.0, 0.0, 1.0],
                [0.223702, 0.366546, 0.903107, 0.124994, 0.234046, -0.919677, 0.315299, -0.002831, 0.946139, 0.140835, -0.291523, -1.2e-05, 0.0, 0.0, 0.0, 1.0],
                [0.01235, 0.280543, 0.959762, 0.124994, 0.27267, -0.924402, 0.266699, -0.002831, 0.962028, 0.258404, -0.087912, -1.2e-05, 0.0, 0.0, 0.0, 1.0],
                [-0.13685, 0.147285, 0.979581, 0.124994, 0.304808, -0.934643, 0.183111, -0.002831, 0.94253, 0.323642, 0.083012, -1.2e-05, 0.0, 0.0, 0.0, 1.0],
                [-0.226743, 0.059046, 0.972163, 0.124993, 0.325562, -0.936148, 0.132791, -0.002831, 0.917931, 0.346608, 0.193042, -1.2e-05, 0.0, 0.0, 0.0, 1.0],
                [-0.285187, 0.094401, 0.953813, 0.124994, 0.337452, -0.921531, 0.192103, -0.002831, 0.897103, 0.37665, 0.230953, -1.2e-05, 0.0, 0.0, 0.0, 1.0],
                [-0.314131, 0.203412, 0.927333, 0.124994, 0.343537, -0.886229, 0.310769, -0.002831, 0.885044, 0.416195, 0.208513, -1.2e-05, 0.0, 0.0, 0.0, 1.0],
                [-0.315126, 0.350129, 0.882103, 0.124994, 0.347206, -0.822491, 0.450506, -0.002831, 0.883257, 0.448237, 0.137621, -1.2e-05, 0.0, 0.0, 0.0, 1.0],
                [-0.288852, 0.518567, 0.804769, 0.124994, 0.351681, -0.724357, 0.59298, -0.002831, 0.890441, 0.454305, 0.026862, -1.2e-05, 0.0, 0.0, 0.0, 1.0],
                [-0.232366, 0.690072, 0.685424, 0.124994, 0.352542, -0.597033, 0.7206, -0.002831, 0.906487, 0.409082, -0.104549, -1.2e-05, 0.0, 0.0, 0.0, 1.0],
                [-0.150285, 0.843576, 0.515551, 0.124994, 0.346976, -0.443297, 0.826496, -0.00283, 0.925755, 0.303093, -0.22608, -1.2e-05, 0.0, 0.0, 0.0, 1.0],
                [-0.05417, 0.953438, 0.296679, 0.124994, 0.339595, -0.261813, 0.903399, -0.002831, 0.93901, 0.149688, -0.309601, -1.2e-05, 0.0, 0.0, 0.0, 1.0],
                [0.044111, 0.996889, 0.065286, 0.124994, 0.333383, -0.076292, 0.939699, -0.002831, 0.941759, -0.019686, -0.335711, -1.2e-05, 0.0, 0.0, 0.0, 1.0],
                [0.133081, 0.983513, -0.122428, 0.124994, 0.327642, 0.072924, 0.941984, -0.002831, 0.935382, -0.165473, -0.312536, -1.2e-05, 0.0, 0.0, 0.0, 1.0],
                [0.209088, 0.949523, -0.233849, 0.124994, 0.321406, 0.159122, 0.933477, -0.00283, 0.923569, -0.270339, -0.271913, -1.2e-05, 0.0, 0.0, 0.0, 1.0],
                [0.279368, 0.9222, -0.267389, 0.124994, 0.310981, 0.176565, 0.933871, -0.002831, 0.908429, -0.344046, -0.23746, -1.2e-05, 0.0, 0.0, 0.0, 1.0],
                [0.350405, 0.906736, -0.234612, 0.124994, 0.291104, 0.13265, 0.947451, -0.002831, 0.89021, -0.400288, -0.217474, -1.2e-05, 0.0, 0.0, 0.0, 1.0],
                [0.420072, 0.893288, -0.159915, 0.124994, 0.269438, 0.045501, 0.961943, -0.002831, 0.866569, -0.447172, -0.221573, -1.2e-05, 0.0, 0.0, 0.0, 1.0],
                [0.485983, 0.871625, -0.063937, 0.124994, 0.250913, -0.069073, 0.965543, -0.00283, 0.837176, -0.48528, -0.25227, -1.2e-05, 0.0, 0.0, 0.0, 1.0],
                [0.546304, 0.836985, 0.03172, 0.124993, 0.237595, -0.191171, 0.952367, -0.002831, 0.803181, -0.512745, -0.303301, -1.2e-05, 0.0, 0.0, 0.0, 1.0],
                [0.599915, 0.794678, 0.092664, 0.124994, 0.229713, -0.282031, 0.931499, -0.002831, 0.766376, -0.537533, -0.351743, -1.1e-05, 0.0, 0.0, 0.0, 1.0],
                [0.646263, 0.759795, 0.071095, 0.124994, 0.226684, -0.280097, 0.932824, -0.002831, 0.728669, -0.586733, -0.35325, -1.2e-05, 0.0, 0.0, 0.0, 1.0],
                [0.680506, 0.732047, 0.031881, 0.124994, 0.212016, -0.238363, 0.947752, -0.002831, 0.701399, -0.638191, -0.317414, -1.2e-05, 0.0, 0.0, 0.0, 1.0],
                [0.700271, 0.713296, 0.028769, 0.124994, 0.177719, -0.213221, 0.960705, -0.002831, 0.691402, -0.667639, -0.276079, -1.2e-05, 0.0, 0.0, 0.0, 1.0],
                [0.708086, 0.704622, 0.046044, 0.124994, 0.133512, -0.197628, 0.971143, -0.00283, 0.693389, -0.681504, -0.234013, -1.2e-05, 0.0, 0.0, 0.0, 1.0],
                [0.706702, 0.703795, 0.072414, 0.124994, 0.087561, -0.188564, 0.97815, -0.00283, 0.702073, -0.684918, -0.194884, -1.2e-05, 0.0, 0.0, 0.0, 1.0],
                [0.699874, 0.707365, 0.099039, 0.124994, 0.047045, -0.184009, 0.981798, -0.002831, 0.712715, -0.682475, -0.162061, -1.2e-05, 0.0, 0.0, 0.0, 1.0],
                [0.692214, 0.711803, 0.119056, 0.124994, 0.018276, -0.182204, 0.983091, -0.002831, 0.72146, -0.678333, -0.139134, -1.2e-05, 0.0, 0.0, 0.0, 1.0],
                [0.688613, 0.713937, 0.126899, 0.124994, 0.007252, -0.181773, 0.983314, -0.002831, 0.725092, -0.676202, -0.130349, -1.2e-05, 0.0, 0.0, 0.0, 1.0],
                [0.688614, 0.713936, 0.1269, 0.124994, 0.007251, -0.181775, 0.983314, -0.002831, 0.725092, -0.676202, -0.13035, -1.2e-05, 0.0, 0.0, 0.0, 1.0],
                [0.688614, 0.713937, 0.126899, 0.124994, 0.007252, -0.181774, 0.983314, -0.002831, 0.725092, -0.676202, -0.13035, -1.2e-05, 0.0, 0.0, 0.0, 1.0],
                [0.688614, 0.713937, 0.1269, 0.124994, 0.007251, -0.181774, 0.983314, -0.002831, 0.725092, -0.676202, -0.13035, -1.2e-05, 0.0, 0.0, 0.0, 1.0],
                [0.688613, 0.713937, 0.126899, 0.124994, 0.007252, -0.181773, 0.983314, -0.002831, 0.725092, -0.676202, -0.130349, -1.2e-05, 0.0, 0.0, 0.0, 1.0],
                [0.688614, 0.713937, 0.1269, 0.124993, 0.007251, -0.181774, 0.983314, -0.002832, 0.725092, -0.676202, -0.13035, -1.2e-05, 0.0, 0.0, 0.0, 1.0],
                [0.688613, 0.713937, 0.126899, 0.124994, 0.007252, -0.181773, 0.983314, -0.002831, 0.725092, -0.676202, -0.130349, -1.2e-05, 0.0, 0.0, 0.0, 1.0],
                [0.688614, 0.713937, 0.126899, 0.124994, 0.007252, -0.181774, 0.983314, -0.002831, 0.725092, -0.676202, -0.13035, -1.2e-05, 0.0, 0.0, 0.0, 1.0],
                [0.688614, 0.713937, 0.1269, 0.124994, 0.007252, -0.181774, 0.983314, -0.002831, 0.725092, -0.676202, -0.13035, -1.2e-05, 0.0, 0.0, 0.0, 1.0],
                [0.688614, 0.713937, 0.1269, 0.124994, 0.007252, -0.181774, 0.983314, -0.002831, 0.725092, -0.676202, -0.13035, -1.2e-05, 0.0, 0.0, 0.0, 1.0],
                [0.688613, 0.713937, 0.1269, 0.124993, 0.007252, -0.181774, 0.983314, -0.002832, 0.725092, -0.676202, -0.13035, -1.2e-05, 0.0, 0.0, 0.0, 1.0],
                [0.688634, 0.713798, 0.127568, 0.124994, 0.007294, -0.18274, 0.983135, -0.002831, 0.725072, -0.676088, -0.131048, -1.2e-05, 0.0, 0.0, 0.0, 1.0],
                [0.688693, 0.713387, 0.129531, 0.124994, 0.007419, -0.185574, 0.982603, -0.002831, 0.725015, -0.67575, -0.133097, -1.2e-05, 0.0, 0.0, 0.0, 1.0],
                [0.68879, 0.712705, 0.132731, 0.124994, 0.007622, -0.190195, 0.981717, -0.002831, 0.72492, -0.675185, -0.136437, -1.2e-05, 0.0, 0.0, 0.0, 1.0],
                [0.688923, 0.711748, 0.137107, 0.124994, 0.007898, -0.196516, 0.980469, -0.002831, 0.724791, -0.674384, -0.141006, -1.2e-05, 0.0, 0.0, 0.0, 1.0],
                [0.689089, 0.710506, 0.142601, 0.124994, 0.008243, -0.20445, 0.978842, -0.002831, 0.724629, -0.673333, -0.146741, -1.1e-05, 0.0, 0.0, 0.0, 1.0],
                [0.689288, 0.708966, 0.149153, 0.124994, 0.008652, -0.213914, 0.976814, -0.002831, 0.724435, -0.672014, -0.153582, -1.2e-05, 0.0, 0.0, 0.0, 1.0],
                [0.689516, 0.707114, 0.156703, 0.124994, 0.009121, -0.224819, 0.974358, -0.002831, 0.724213, -0.670405, -0.161466, -1.2e-05, 0.0, 0.0, 0.0, 1.0],
                [0.689773, 0.704928, 0.165189, 0.124994, 0.009643, -0.237078, 0.971444, -0.002831, 0.723961, -0.668481, -0.170328, -1.2e-05, 0.0, 0.0, 0.0, 1.0],
                [0.690056, 0.702391, 0.174551, 0.124994, 0.010216, -0.250602, 0.968036, -0.002831, 0.723684, -0.666215, -0.180106, -1.2e-05, 0.0, 0.0, 0.0, 1.0],
                [0.690363, 0.699479, 0.184727, 0.124994, 0.010834, -0.265304, 0.964104, -0.00283, 0.723381, -0.66358, -0.190735, -1.2e-05, 0.0, 0.0, 0.0, 1.0],
                [0.690694, 0.696175, 0.195653, 0.124994, 0.011492, -0.28109, 0.959613, -0.002831, 0.723055, -0.660549, -0.202148, -1.2e-05, 0.0, 0.0, 0.0, 1.0],
                [0.691045, 0.692457, 0.207264, 0.124994, 0.012185, -0.297866, 0.95453, -0.002831, 0.72271, -0.657097, -0.214277, -1.2e-05, 0.0, 0.0, 0.0, 1.0],
                [0.691414, 0.688306, 0.219497, 0.124994, 0.012909, -0.315541, 0.948824, -0.002831, 0.722343, -0.653196, -0.227056, -1.2e-05, 0.0, 0.0, 0.0, 1.0],
                [0.691801, 0.683706, 0.232285, 0.124994, 0.013659, -0.334017, 0.942469, -0.002831, 0.721959, -0.648827, -0.240412, -1.2e-05, 0.0, 0.0, 0.0, 1.0],
                [0.692202, 0.678643, 0.24556, 0.124994, 0.014431, -0.353197, 0.935438, -0.002831, 0.721559, -0.643967, -0.254277, -1.2e-05, 0.0, 0.0, 0.0, 1.0],
                [0.693084, 0.672837, 0.258697, 0.124994, 0.015824, -0.372988, 0.927702, -0.002831, 0.720683, -0.63888, -0.269159, -1.2e-05, 0.0, 0.0, 0.0, 1.0],
                [0.694898, 0.666046, 0.271105, 0.124994, 0.018347, -0.393299, 0.919228, -0.00283, 0.718874, -0.633794, -0.285523, -1.2e-05, 0.0, 0.0, 0.0, 1.0],
                [0.697617, 0.658313, 0.282758, 0.124993, 0.021868, -0.414034, 0.909999, -0.002831, 0.716137, -0.628647, -0.303234, -1.1e-05, 0.0, 0.0, 0.0, 1.0],
                [0.701214, 0.64968, 0.293622, 0.124994, 0.026259, -0.435095, 0.900002, -0.002831, 0.712468, -0.623382, -0.322155, -1.2e-05, 0.0, 0.0, 0.0, 1.0],
                [0.705654, 0.64019, 0.303659, 0.124994, 0.031399, -0.456391, 0.889226, -0.002831, 0.707861, -0.617949, -0.342156, -1.2e-05, 0.0, 0.0, 0.0, 1.0],
                [0.7109, 0.629892, 0.312819, 0.124994, 0.037175, -0.477825, 0.877668, -0.002831, 0.70231, -0.612304, -0.363103, -1.1e-05, 0.0, 0.0, 0.0, 1.0],
                [0.71691, 0.618837, 0.321059, 0.124994, 0.043475, -0.499306, 0.865334, -0.002831, 0.695808, -0.606407, -0.384862, -1.2e-05, 0.0, 0.0, 0.0, 1.0],
                [0.723634, 0.607084, 0.328331, 0.124994, 0.050192, -0.520743, 0.852236, -0.002831, 0.688356, -0.600227, -0.4073, -1.2e-05, 0.0, 0.0, 0.0, 1.0],
                [0.731017, 0.594697, 0.334586, 0.124994, 0.057225, -0.542039, 0.838403, -0.002831, 0.679955, -0.59374, -0.430272, -1.2e-05, 0.0, 0.0, 0.0, 1.0],
                [0.738995, 0.581746, 0.339787, 0.124994, 0.064474, -0.563105, 0.823866, -0.002831, 0.670618, -0.586925, -0.453641, -1.2e-05, 0.0, 0.0, 0.0, 1.0],
                [0.747497, 0.56831, 0.343906, 0.124994, 0.071846, -0.583854, 0.808672, -0.002831, 0.660369, -0.57977, -0.477261, -1.2e-05, 0.0, 0.0, 0.0, 1.0],
                [0.756442, 0.554475, 0.346918, 0.124994, 0.079249, -0.604196, 0.792884, -0.002831, 0.649241, -0.572277, -0.500982, -1.2e-05, 0.0, 0.0, 0.0, 1.0],
                [0.765745, 0.540333, 0.348818, 0.124994, 0.086599, -0.624048, 0.776572, -0.002831, 0.637287, -0.564448, -0.524655, -1.2e-05, 0.0, 0.0, 0.0, 1.0],
                [0.77531, 0.525987, 0.349613, 0.124994, 0.093816, -0.643323, 0.759824, -0.002831, 0.624573, -0.556299, -0.548123, -1.2e-05, 0.0, 0.0, 0.0, 1.0],
                [0.785038, 0.511548, 0.349333, 0.124994, 0.100827, -0.661942, 0.742741, -0.002831, 0.611186, -0.547857, -0.571229, -1.2e-05, 0.0, 0.0, 0.0, 1.0],
                [0.794823, 0.497127, 0.348022, 0.124994, 0.107564, -0.679828, 0.725439, -0.002831, 0.597232, -0.539161, -0.593818, -1.2e-05, 0.0, 0.0, 0.0, 1.0],
                [0.804557, 0.482848, 0.345752, 0.124994, 0.113968, -0.696908, 0.708046, -0.002831, 0.582837, -0.530258, -0.615732, -1.2e-05, 0.0, 0.0, 0.0, 1.0],
                [0.81413, 0.468836, 0.342614, 0.124994, 0.119989, -0.713109, 0.690708, -0.002831, 0.568151, -0.521215, -0.63682, -1.2e-05, 0.0, 0.0, 0.0, 1.0],
                [0.823432, 0.45522, 0.338722, 0.124994, 0.125584, -0.728364, 0.673583, -0.002831, 0.553342, -0.512112, -0.656928, -1.2e-05, 0.0, 0.0, 0.0, 1.0],
                [0.832358, 0.442131, 0.334213, 0.124994, 0.130722, -0.742609, 0.656842, -0.002831, 0.538601, -0.503038, -0.675914, -1.2e-05, 0.0, 0.0, 0.0, 1.0],
                [0.840805, 0.429701, 0.329245, 0.124994, 0.135377, -0.755787, 0.64067, -0.002831, 0.524136, -0.494106, -0.693643, -1.2e-05, 0.0, 0.0, 0.0, 1.0],
                [0.848678, 0.418058, 0.323995, 0.124994, 0.139537, -0.76784, 0.62526, -0.002831, 0.510172, -0.485434, -0.709984, -1.2e-05, 0.0, 0.0, 0.0, 1.0],
                [0.855887, 0.407331, 0.318653, 0.124994, 0.143192, -0.778713, 0.61082, -0.002831, 0.496945, -0.477163, -0.724818, -1.2e-05, 0.0, 0.0, 0.0, 1.0],
                [0.86235, 0.397642, 0.313421, 0.124994, 0.146342, -0.788357, 0.597558, -0.002831, 0.484702, -0.469437, -0.738032, -1.2e-05, 0.0, 0.0, 0.0, 1.0],
                [0.867995, 0.38911, 0.308506, 0.124994, 0.148988, -0.796718, 0.585698, -0.002831, 0.473694, -0.462418, -0.749522, -1.2e-05, 0.0, 0.0, 0.0, 1.0],
                [0.872755, 0.381849, 0.304121, 0.124994, 0.151136, -0.803748, 0.575452, -0.002831, 0.464173, -0.456264, -0.759188, -1.2e-05, 0.0, 0.0, 0.0, 1.0],
                [0.876565, 0.375968, 0.300469, 0.124994, 0.15279, -0.809394, 0.56704, -0.00283, 0.456387, -0.451138, -0.766932, -1.2e-05, 0.0, 0.0, 0.0, 1.0],
                [0.879365, 0.371572, 0.297744, 0.124994, 0.153947, -0.8136, 0.560673, -0.002831, 0.450575, -0.447198, -0.772655, -1.2e-05, 0.0, 0.0, 0.0, 1.0],
                [0.881093, 0.36876, 0.296127, 0.124994, 0.154597, -0.816306, 0.556545, -0.002831, 0.446962, -0.444587, -0.776252, -1.2e-05, 0.0, 0.0, 0.0, 1.0],
                [0.881682, 0.367629, 0.295778, 0.124994, 0.154719, -0.817451, 0.554828, -0.002831, 0.445755, -0.443419, -0.777612, -1.2e-05, 0.0, 0.0, 0.0, 1.0],
                [0.88168, 0.367379, 0.296094, 0.124994, 0.154573, -0.817777, 0.55439, -0.002831, 0.44581, -0.443025, -0.777805, -1.2e-05, 0.0, 0.0, 0.0, 1.0],
                [0.881678, 0.36715, 0.296384, 0.124994, 0.154439, -0.818075, 0.553985, -0.002831, 0.445861, -0.442662, -0.777983, -1.2e-05, 0.0, 0.0, 0.0, 1.0],
                [0.881676, 0.366944, 0.296645, 0.124994, 0.154318, -0.818345, 0.553621, -0.002831, 0.445907, -0.442336, -0.778142, -1.2e-05, 0.0, 0.0, 0.0, 1.0],
                [0.881674, 0.366761, 0.296877, 0.124994, 0.154211, -0.818584, 0.553297, -0.002831, 0.445947, -0.442046, -0.778284, -1.2e-05, 0.0, 0.0, 0.0, 1.0],
                [0.881673, 0.366602, 0.297077, 0.124994, 0.154119, -0.81879, 0.553018, -0.002831, 0.445982, -0.441795, -0.778407, -1.2e-05, 0.0, 0.0, 0.0, 1.0],
                [0.881671, 0.36647, 0.297244, 0.124994, 0.154042, -0.818962, 0.552784, -0.002831, 0.44601, -0.441585, -0.778509, -1.2e-05, 0.0, 0.0, 0.0, 1.0],
                [0.881671, 0.366365, 0.297376, 0.124994, 0.153981, -0.819099, 0.552598, -0.002831, 0.446033, -0.441419, -0.77859, -1.2e-05, 0.0, 0.0, 0.0, 1.0],
                [0.88167, 0.366288, 0.297473, 0.124994, 0.153936, -0.819199, 0.552463, -0.002831, 0.44605, -0.441297, -0.778649, -1.2e-05, 0.0, 0.0, 0.0, 1.0],
                [0.881669, 0.366241, 0.297532, 0.124994, 0.153909, -0.81926, 0.55238, -0.002831, 0.446061, -0.441223, -0.778685, -1.2e-05, 0.0, 0.0, 0.0, 1.0],
                [0.881669, 0.366225, 0.297552, 0.124994, 0.1539, -0.81928, 0.552352, -0.002831, 0.446064, -0.441199, -0.778697, -1.2e-05, 0.0, 0.0, 0.0, 1.0]
            ]
        },
        {
            "name": "Leg_R",
            "time": [0.0, 0.0167, 0.0333, 0.05, 0.0667, 0.0833, 0.1, 0.1167, 0.1333, 0.15, 0.1667, 0.1833, 0.2, 0.2167, 0.2333, 0.25, 0.2667, 0.2833, 0.3, 0.3167, 0.3333, 0.35, 0.3667, 0.3833, 0.4, 0.4167, 0.4333, 0.45, 0.4667, 0.4833, 0.5, 0.5167, 0.5333, 0.55, 0.5667, 0.5833, 0.6, 0.6167, 0.6333, 0.65, 0.6667, 0.6833, 0.7, 0.7167, 0.7333, 0.75, 0.7667, 0.7833, 0.8, 0.8167, 0.8333, 0.85, 0.8667, 0.8833, 0.9, 0.9167, 0.9333, 0.95, 0.9667, 0.9833, 1.0, 1.0167, 1.0333, 1.05, 1.0667, 1.0833, 1.1, 1.1167, 1.1333, 1.15, 1.1667, 1.1833, 1.2, 1.2167, 1.2333, 1.25, 1.2667, 1.2833, 1.3, 1.3167, 1.3333, 1.35, 1.3667, 1.3833, 1.4, 1.4167, 1.4333, 1.45, 1.4667, 1.4833, 1.5, 1.5167, 1.5333, 1.55, 1.5667, 1.5833, 1.6, 1.6167, 1.6333, 1.65, 1.6667],
            "transform": [
                [1.000001, -0.0, 1e-06, -0.0, -0.0, 0.765827, 0.643048, 0.374726, -1e-06, -0.643051, 0.765822, 0.0, 0.0, 0.0, 0.0, 1.0],
                [1.0, -0.0, 1e-06, -0.0, -0.0, 0.757191, 0.653196, 0.374726, -1e-06, -0.653199, 0.757185, 0.0, 0.0, 0.0, 0.0, 1.0],
                [1.0, -1e-06, 1e-06, 0.0, -0.0, 0.73401, 0.67914, 0.374726, -1e-06, -0.679143, 0.734005, 0.0, 0.0, 0.0, 0.0, 1.0],
                [1.0, -1e-06, 1e-06, -0.0, -0.0, 0.701669, 0.712505, 0.374726, -1e-06, -0.712507, 0.701663, 0.0, 0.0, 0.0, 0.0, 1.0],
                [1.0, -1e-06, 1e-06, -0.0, -0.0, 0.666735, 0.745295, 0.374726, -1e-06, -0.745298, 0.66673, 0.0, 0.0, 0.0, 0.0, 1.0],
                [1.0, -1e-06, 1e-06, 0.0, -0.0, 0.636331, 0.771416, 0.374726, -1e-06, -0.771419, 0.636326, -0.0, 0.0, 0.0, 0.0, 1.0],
                [1.0, -1e-06, 1e-06, 0.0, -0.0, 0.617505, 0.786567, 0.374726, -1e-06, -0.78657, 0.617501, 0.0, 0.0, 0.0, 0.0, 1.0],
                [1.0, -1e-06, 1e-06, 0.0, -0.0, 0.61671, 0.787191, 0.374726, -1e-06, -0.787194, 0.616705, -0.0, 0.0, 0.0, 0.0, 1.0],
                [1.0, -1e-06, 1e-06, -0.0, -0.0, 0.639452, 0.768832, 0.374726, -1e-06, -0.768835, 0.639446, -0.0, 0.0, 0.0, 0.0, 1.0],
                [1.0, -0.0, 1e-06, -0.0, -0.0, 0.69021, 0.72361, 0.374726, -1e-06, -0.723614, 0.690204, -0.0, 0.0, 0.0, 0.0, 1.0],
                [1.0, -0.0, 1e-06, 0.0, -0.0, 0.772621, 0.63487, 0.374726, -1e-06, -0.634873, 0.772614, 0.0, 0.0, 0.0, 0.0, 1.0],
                [1.0, -0.0, 1e-06, 0.0, -0.0, 0.807349, 0.590077, 0.374726, -1e-06, -0.59008, 0.807342, -0.0, 0.0, 0.0, 0.0, 1.0],
                [1.000001, -0.0, 1e-06, -0.0, 0.0, 0.719301, 0.6947, 0.374726, -1e-06, -0.694703, 0.719295, -0.0, 0.0, 0.0, 0.0, 1.0],
                [1.0, -1e-06, 1e-06, 0.0, -0.0, 0.535113, 0.84478, 0.374726, -1e-06, -0.844783, 0.535108, -0.0, 0.0, 0.0, 0.0, 1.0],
                [1.000001, -1e-06, 0.0, -0.0, -0.0, 0.294457, 0.955664, 0.374726, -1e-06, -0.955667, 0.294455, 0.0, 0.0, 0.0, 0.0, 1.0],
                [1.0, -1e-06, 0.0, -0.0, -0.0, 0.040044, 0.999197, 0.374726, -1e-06, -0.999199, 0.040044, 0.0, 0.0, 0.0, 0.0, 1.0],
                [1.0, -1e-06, 0.0, -0.0, -0.0, -0.185753, 0.982596, 0.374726, -1e-06, -0.982597, -0.185752, 0.0, 0.0, 0.0, 0.0, 1.0],
                [1.0, -1e-06, -0.0, -0.0, -0.0, -0.354722, 0.934971, 0.374726, -1e-06, -0.934973, -0.35472, 0.0, 0.0, 0.0, 0.0, 1.0],
                [1.0, -1e-06, 0.0, -0.0, -0.0, -0.45291, 0.891556, 0.374726, -1e-06, -0.891558, -0.452907, 0.0, 0.0, 0.0, 0.0, 1.0],
                [1.0, -1e-06, -0.0, 0.0, -0.0, -0.474189, 0.880423, 0.374726, -1e-06, -0.880426, -0.474186, 0.0, 0.0, 0.0, 0.0, 1.0],
                [1.0, -1e-06, -0.0, 0.0, -0.0, -0.420648, 0.907224, 0.374726, -1e-06, -0.907226, -0.420645, 0.0, 0.0, 0.0, 0.0, 1.0],
                [1.0, -1e-06, 0.0, 0.0, -0.0, -0.295883, 0.955223, 0.374726, -1e-06, -0.955225, -0.295882, 0.0, 0.0, 0.0, 0.0, 1.0],
                [1.0, -1e-06, 0.0, 0.0, -0.0, -0.109559, 0.993979, 0.374726, -1e-06, -0.993981, -0.109558, 0.0, 0.0, 0.0, 0.0, 1.0],
                [1.0, -1e-06, 0.0, -0.0, -0.0, 0.12035, 0.99273, 0.374726, -1e-06, -0.992732, 0.120349, -0.0, 0.0, 0.0, 0.0, 1.0],
                [1.0, -1e-06, 1e-06, 0.0, -0.0, 0.366769, 0.930311, 0.374726, -1e-06, -0.930314, 0.366766, 0.0, 0.0, 0.0, 0.0, 1.0],
                [1.0, -1e-06, 1e-06, -0.0, -0.0, 0.598013, 0.801487, 0.374726, -1e-06, -0.80149, 0.598008, -0.0, 0.0, 0.0, 0.0, 1.0],
                [1.0, -0.0, 1e-06, -0.0, -0.0, 0.778455, 0.627703, 0.374726, -1e-06, -0.627706, 0.778449, 0.0, 0.0, 0.0, 0.0, 1.0],
                [1.000001, -0.0, 1e-06, 0.0, -0.0, 0.871481, 0.490436, 0.374726, -1e-06, -0.490438, 0.871473, 0.0, 0.0, 0.0, 0.0, 1.0],
                [1.0, -0.0, 1e-06, -0.0, -0.0, 0.844703, 0.53524, 0.374726, -1e-06, -0.535243, 0.844695, -0.0, 0.0, 0.0, 0.0, 1.0],
                [1.000001, -1e-06, 1e-06, 0.0, -0.0, 0.759449, 0.650568, 0.374726, -1e-06, -0.65057, 0.759444, -0.0, 0.0, 0.0, 0.0, 1.0],
                [1.0, -1e-06, 1e-06, -0.0, -0.0, 0.691923, 0.721972, 0.374726, -1e-06, -0.721975, 0.691918, -0.0, 0.0, 0.0, 0.0, 1.0],
                [1.000001, -1e-06, 1e-06, 0.0, -0.0, 0.639762, 0.768574, 0.374726, -1e-06, -0.768577, 0.639757, -0.0, 0.0, 0.0, 0.0, 1.0],
                [1.0, -1e-06, 1e-06, -0.0, -0.0, 0.601034, 0.799223, 0.374726, -1e-06, -0.799226, 0.60103, -0.0, 0.0, 0.0, 0.0, 1.0],
                [1.0, -1e-06, 1e-06, -0.0, -0.0, 0.574258, 0.818674, 0.374726, -1e-06, -0.818677, 0.574254, 0.0, 0.0, 0.0, 0.0, 1.0],
                [1.0, -1e-06, 1e-06, 0.0, -0.0, 0.558451, 0.829538, 0.374726, -1e-06, -0.82954, 0.558447, 0.0, 0.0, 0.0, 0.0, 1.0],
                [1.0, -1e-06, 1e-06, -0.0, -0.0, 0.553176, 0.833064, 0.374726, -1e-06, -0.833067, 0.553172, 0.0, 0.0, 0.0, 0.0, 1.0],
                [1.0, -1e-06, 1e-06, 0.0, -0.0, 0.553178, 0.833063, 0.374726, -1e-06, -0.833066, 0.553174, 0.0, 0.0, 0.0, 0.0, 1.0],
                [1.0, -1e-06, 1e-06, 0.0, -0.0, 0.553178, 0.833063, 0.374726, -1e-06, -0.833066, 0.553173, -0.0, 0.0, 0.0, 0.0, 1.0],
                [1.0, -1e-06, 1e-06, -0.0, -0.0, 0.553178, 0.833063, 0.374726, -1e-06, -0.833066, 0.553174, 0.0, 0.0, 0.0, 0.0, 1.0],
                [1.0, -1e-06, 1e-06, 0.0, -0.0, 0.553177, 0.833063, 0.374726, -1e-06, -0.833067, 0.553173, 0.0, 0.0, 0.0, 0.0, 1.0],
                [1.0, -1e-06, 1e-06, 0.0, -0.0, 0.553178, 0.833063, 0.374726, -1e-06, -0.833066, 0.553174, 0.0, 0.0, 0.0, 0.0, 1.0],
                [1.0, -1e-06, 1e-06, 0.0, -0.0, 0.553177, 0.833063, 0.374726, -1e-06, -0.833067, 0.553172, 0.0, 0.0, 0.0, 0.0, 1.0],
