{
    "animation": [
        {
            "name": "Root",
            "time": [0.0, 0.0111, 0.0222, 0.0333, 0.0444, 0.0556, 0.0667, 0.0778, 0.0889, 0.1, 0.1111, 0.1222, 0.1333, 0.1444, 0.1556, 0.1667, 0.1778, 0.1889, 0.2, 0.2111, 0.2222, 0.2333, 0.2444, 0.2556, 0.2667, 0.2778, 0.2889, 0.3, 0.3111, 0.3222, 0.3333, 0.3444, 0.3556, 0.3667, 0.3778, 0.3889, 0.4, 0.4111, 0.4222, 0.4333, 0.4444, 0.4556, 0.4667, 0.4778, 0.4889, 0.5, 0.5111, 0.5222, 0.5333, 0.5444, 0.5556, 0.5667, 0.5778, 0.5889, 0.6, 0.6111, 0.6222, 0.6333, 0.6444, 0.6556, 0.6667, 0.6778, 0.6889, 0.7, 0.7111, 0.7222, 0.7333, 0.7444, 0.7556, 0.7667, 0.7778, 0.7889, 0.8, 0.8111, 0.8222, 0.8333, 0.8444, 0.8556, 0.8667, 0.8778, 0.8889, 0.9, 0.9111, 0.9222, 0.9333, 0.9444, 0.9556, 0.9667, 0.9778, 0.9889, 1.0, 1.0111, 1.0222, 1.0333, 1.0444, 1.0556, 1.0667, 1.0778, 1.0889, 1.1, 1.1111, 1.1222, 1.1333, 1.1444, 1.1556, 1.1667, 1.1778, 1.1889, 1.2, 1.2111, 1.2222, 1.2333, 1.2444, 1.2556, 1.2667, 1.2778, 1.2889, 1.3, 1.3111, 1.3222, 1.3333],
            "transform": [
                [0.80565, 0.003838, 0.592379, -5e-06, 0.587777, 0.119401, -0.800164, 0.166856, -0.073802, 0.992839, 0.09394, 0.995391, 0.0, 0.0, 0.0, 1.0],
                [0.799823, 0.002335, 0.600231, -5e-06, 0.595792, 0.118365, -0.794369, 0.173355, -0.072901, 0.992967, 0.09328, 0.997003, 0.0, 0.0, 0.0, 1.0],
                [0.783141, -0.001805, 0.621841, -5e-06, 0.617851, 0.115393, -0.777782, 0.192024, -0.070352, 0.993318, 0.091485, 1.001492, 0.0, 0.0, 0.0, 1.0],
                [0.756431, -0.007982, 0.654025, -5e-06, 0.650699, 0.110623, -0.751234, 0.221625, -0.066354, 0.99383, 0.088873, 1.008334, 0.0, 0.0, 0.0, 1.0],
                [0.72042, -0.015552, 0.693363, -5e-06, 0.690841, 0.104171, -0.715463, 0.260917, -0.061101, 0.994438, 0.085791, 1.017006, 0.0, 0.0, 0.0, 1.0],
                [0.676152, -0.023859, 0.736376, -5e-06, 0.73472, 0.096211, -0.671514, 0.308662, -0.054826, 0.995075, 0.082583, 1.026986, 0.0, 0.0, 0.0, 1.0],
                [0.62526, -0.032272, 0.779749, -5e-06, 0.77895, 0.087029, -0.621017, 0.363618, -0.047819, 0.995683, 0.079554, 1.03775, 0.0, 0.0, 0.0, 1.0],
                [0.570085, -0.040238, 0.8206, -5e-06, 0.82059, 0.077042, -0.566301, 0.424548, -0.040434, 0.996216, 0.07694, 1.048776, 0.0, 0.0, 0.0, 1.0],
                [0.513623, -0.047326, 0.85671, -5e-06, 0.857378, 0.066793, -0.510334, 0.49021, -0.033071, 0.996644, 0.074883, 1.05954, 0.0, 0.0, 0.0, 1.0],
                [0.459342, -0.053249, 0.886662, -5e-06, 0.887875, 0.056915, -0.456552, 0.559366, -0.026154, 0.996958, 0.073422, 1.069519, 0.0, 0.0, 0.0, 1.0],
                [0.410931, -0.057868, 0.909828, -5e-06, 0.911445, 0.048088, -0.408603, 0.630775, -0.020106, 0.997165, 0.072504, 1.078192, 0.0, 0.0, 0.0, 1.0],
                [0.372083, -0.061157, 0.926182, -5e-06, 0.928073, 0.040992, -0.370136, 0.703198, -0.01533, 0.997286, 0.07201, 1.085034, 0.0, 0.0, 0.0, 1.0],
                [0.346345, -0.063141, 0.93598, -5e-06, 0.938028, 0.036285, -0.344655, 0.775395, -0.0122, 0.997345, 0.071796, 1.089522, 0.0, 0.0, 0.0, 1.0],
                [0.337058, -0.063821, 0.939318, -5e-06, 0.941419, 0.034586, -0.335462, 0.846127, -0.011078, 0.997362, 0.07174, 1.091135, 0.0, 0.0, 0.0, 1.0],
                [0.340814, -0.063866, 0.937959, -5e-06, 0.940017, 0.038658, -0.33893, 0.914455, -0.014613, 0.997209, 0.07321, 1.087468, 0.0, 0.0, 0.0, 1.0],
                [0.351255, -0.063905, 0.934096, -5e-06, 0.935961, 0.049999, -0.348535, 0.980646, -0.024431, 0.996703, 0.077375, 1.076952, 0.0, 0.0, 0.0, 1.0],
                [0.36711, -0.063721, 0.927992, -5e-06, 0.929346, 0.067296, -0.363025, 1.045266, -0.039318, 0.995696, 0.083924, 1.060312, 0.0, 0.0, 0.0, 1.0],
                [0.387088, -0.063063, 0.919884, -5e-06, 0.920215, 0.08922, -0.38111, 1.108883, -0.058038, 0.994013, 0.092568, 1.038276, 0.0, 0.0, 0.0, 1.0],
                [0.409878, -0.061718, 0.91005, -5e-06, 0.908683, 0.114411, -0.401503, 1.172064, -0.079339, 0.991515, 0.102977, 1.011569, 0.0, 0.0, 0.0, 1.0],
                [0.434174, -0.059562, 0.898858, -5e-06, 0.895037, 0.141487, -0.422954, 1.235376, -0.101985, 0.988147, 0.11474, 0.980918, 0.0, 0.0, 0.0, 1.0],
                [0.458703, -0.056596, 0.886785, -5e-06, 0.879786, 0.16906, -0.444293, 1.299388, -0.124775, 0.983979, 0.127341, 0.947049, 0.0, 0.0, 0.0, 1.0],
                [0.48225, -0.052968, 0.874431, -5e-06, 0.863683, 0.195768, -0.464464, 1.364665, -0.146583, 0.979219, 0.140157, 0.910689, 0.0, 0.0, 0.0, 1.0],
                [0.503686, -0.048966, 0.862498, -5e-06, 0.847715, 0.220292, -0.482546, 1.431776, -0.166373, 0.974204, 0.152468, 0.872562, 0.0, 0.0, 0.0, 1.0],
                [0.521975, -0.044997, 0.851773, -5e-06, 0.833053, 0.241386, -0.497751, 1.501288, -0.183208, 0.969386, 0.163483, 0.833397, 0.0, 0.0, 0.0, 1.0],
                [0.536166, -0.041549, 0.843089, -5e-06, 0.820985, 0.257865, -0.509401, 1.573768, -0.196238, 0.965287, 0.172369, 0.793919, 0.0, 0.0, 0.0, 1.0],
                [0.545357, -0.039136, 0.83729, -5e-06, 0.812835, 0.268591, -0.516874, 1.649783, -0.20466, 0.962459, 0.178289, 0.754854, 0.0, 0.0, 0.0, 1.0],
                [0.548634, -0.038241, 0.835188, -5e-06, 0.809862, 0.272428, -0.519525, 1.7299, -0.207661, 0.961416, 0.180433, 0.716928, 0.0, 0.0, 0.0, 1.0],
                [0.548634, -0.038241, 0.835188, -5e-06, 0.809862, 0.272428, -0.519525, 1.814221, -0.207661, 0.961416, 0.180433, 0.680832, 0.0, 0.0, 0.0, 1.0],
                [0.548634, -0.038241, 0.835188, -5e-06, 0.809862, 0.272428, -0.519525, 1.900973, -0.207661, 0.961416, 0.180433, 0.647102, 0.0, 0.0, 0.0, 1.0],
                [0.548634, -0.038241, 0.835188, -5e-06, 0.809862, 0.272428, -0.519525, 1.987918, -0.207661, 0.961416, 0.180433, 0.616243, 0.0, 0.0, 0.0, 1.0],
                [0.548634, -0.038241, 0.835188, -5e-06, 0.809862, 0.272428, -0.519525, 2.072819, -0.207661, 0.961416, 0.180433, 0.588754, 0.0, 0.0, 0.0, 1.0],
                [0.548634, -0.038241, 0.835188, -5e-06, 0.809862, 0.272428, -0.519525, 2.153438, -0.207661, 0.961416, 0.180433, 0.565138, 0.0, 0.0, 0.0, 1.0],
                [0.548634, -0.038241, 0.835188, -5e-06, 0.809862, 0.272428, -0.519525, 2.227535, -0.207661, 0.961416, 0.180433, 0.545897, 0.0, 0.0, 0.0, 1.0],
                [0.548634, -0.038241, 0.835188, -5e-06, 0.809862, 0.272428, -0.519525, 2.292874, -0.207661, 0.961416, 0.180433, 0.531532, 0.0, 0.0, 0.0, 1.0],
                [0.548634, -0.038241, 0.835188, -5e-06, 0.809862, 0.272428, -0.519525, 2.347215, -0.207661, 0.961416, 0.180433, 0.522545, 0.0, 0.0, 0.0, 1.0],
                [0.548634, -0.038241, 0.835188, -5e-06, 0.809862, 0.272428, -0.519525, 2.388322, -0.207661, 0.961416, 0.180433, 0.519438, 0.0, 0.0, 0.0, 1.0],
                [0.548634, -0.038241, 0.835188, -5e-06, 0.809862, 0.272428, -0.519525, 2.414984, -0.207661, 0.961416, 0.180433, 0.525958, 0.0, 0.0, 0.0, 1.0],
                [0.548634, -0.038241, 0.835188, -5e-06, 0.809862, 0.272428, -0.519525, 2.430117, -0.207661, 0.961416, 0.180433, 0.540303, 0.0, 0.0, 0.0, 1.0],
                [0.548634, -0.038241, 0.835188, -5e-06, 0.809862, 0.272428, -0.519525, 2.437662, -0.207661, 0.961416, 0.180433, 0.554648, 0.0, 0.0, 0.0, 1.0],
                [0.548634, -0.038241, 0.835188, -5e-06, 0.809862, 0.272428, -0.519525, 2.441563, -0.207661, 0.961416, 0.180433, 0.561168, 0.0, 0.0, 0.0, 1.0],
                [0.548634, -0.038241, 0.835188, -5e-06, 0.809862, 0.272428, -0.519525, 2.4451, -0.207661, 0.961416, 0.180433, 0.561168, 0.0, 0.0, 0.0, 1.0],
                [0.548634, -0.038241, 0.835188, -5e-06, 0.809862, 0.272428, -0.519525, 2.448895, -0.207661, 0.961416, 0.180433, 0.561168, 0.0, 0.0, 0.0, 1.0],
                [0.548634, -0.038241, 0.835188, -5e-06, 0.809862, 0.272428, -0.519525, 2.452909, -0.207661, 0.961416, 0.180433, 0.561168, 0.0, 0.0, 0.0, 1.0],
                [0.548634, -0.038241, 0.835188, -5e-06, 0.809862, 0.272428, -0.519525, 2.457101, -0.207661, 0.961416, 0.180433, 0.561168, 0.0, 0.0, 0.0, 1.0],
                [0.548634, -0.038241, 0.835188, -5e-06, 0.809862, 0.272428, -0.519525, 2.461432, -0.207661, 0.961416, 0.180433, 0.561168, 0.0, 0.0, 0.0, 1.0],
                [0.548634, -0.038241, 0.835188, -5e-06, 0.809862, 0.272428, -0.519525, 2.465862, -0.207661, 0.961416, 0.180433, 0.561168, 0.0, 0.0, 0.0, 1.0],
                [0.548822, -0.038197, 0.835066, -5e-06, 0.809761, 0.272328, -0.519735, 2.470355, -0.20756, 0.961446, 0.18039, 0.561225, 0.0, 0.0, 0.0, 1.0],
                [0.549379, -0.038066, 0.834706, -5e-06, 0.809461, 0.272033, -0.520357, 2.474903, -0.207259, 0.961535, 0.180262, 0.561394, 0.0, 0.0, 0.0, 1.0],
                [0.550291, -0.037853, 0.834115, -5e-06, 0.808967, 0.271548, -0.521377, 2.479501, -0.206767, 0.96168, 0.180052, 0.561673, 0.0, 0.0, 0.0, 1.0],
                [0.551547, -0.037559, 0.833298, -5e-06, 0.808284, 0.27088, -0.522782, 2.484146, -0.206088, 0.96188, 0.179761, 0.562058, 0.0, 0.0, 0.0, 1.0],
                [0.553135, -0.037189, 0.832262, -5e-06, 0.807417, 0.270034, -0.524556, 2.488833, -0.205231, 0.962132, 0.179392, 0.562546, 0.0, 0.0, 0.0, 1.0],
                [0.555041, -0.036747, 0.831011, -5e-06, 0.80637, 0.269015, -0.526687, 2.493559, -0.2042, 0.962435, 0.178946, 0.563133, 0.0, 0.0, 0.0, 1.0],
                [0.557253, -0.036236, 0.829552, -5e-06, 0.805145, 0.267829, -0.529159, 2.498319, -0.203004, 0.962785, 0.178424, 0.563818, 0.0, 0.0, 0.0, 1.0],
                [0.559759, -0.03566, 0.827888, -5e-06, 0.803746, 0.266482, -0.531957, 2.503111, -0.201648, 0.96318, 0.177827, 0.564596, 0.0, 0.0, 0.0, 1.0],
                [0.562544, -0.035023, 0.826025, -5e-06, 0.802177, 0.264979, -0.535068, 2.507929, -0.200139, 0.963618, 0.177157, 0.565465, 0.0, 0.0, 0.0, 1.0],
                [0.565597, -0.034331, 0.823967, -5e-06, 0.80044, 0.263324, -0.538476, 2.51277, -0.198484, 0.964096, 0.176415, 0.566422, 0.0, 0.0, 0.0, 1.0],
                [0.568903, -0.033585, 0.821719, -5e-06, 0.798538, 0.261524, -0.542165, 2.517631, -0.19669, 0.964612, 0.175601, 0.567463, 0.0, 0.0, 0.0, 1.0],
                [0.572449, -0.032792, 0.819284, -5e-06, 0.796473, 0.259583, -0.546121, 2.522506, -0.194764, 0.965164, 0.174716, 0.568586, 0.0, 0.0, 0.0, 1.0],
                [0.576223, -0.031955, 0.816668, -5e-06, 0.794248, 0.257507, -0.550328, 2.527393, -0.192712, 0.965748, 0.173762, 0.569787, 0.0, 0.0, 0.0, 1.0],
                [0.58021, -0.031079, 0.813874, -5e-06, 0.791865, 0.255301, -0.554771, 2.532288, -0.190541, 0.966362, 0.172739, 0.571063, 0.0, 0.0, 0.0, 1.0],
                [0.584397, -0.030168, 0.810907, -5e-06, 0.789328, 0.252971, -0.559434, 2.537185, -0.188258, 0.967003, 0.171648, 0.572411, 0.0, 0.0, 0.0, 1.0],
                [0.588771, -0.029227, 0.807772, -5e-06, 0.786639, 0.250521, -0.564303, 2.542083, -0.185871, 0.96767, 0.17049, 0.573829, 0.0, 0.0, 0.0, 1.0],
                [0.593317, -0.028259, 0.804473, -5e-06, 0.783801, 0.247958, -0.569362, 2.546976, -0.183386, 0.968359, 0.169267, 0.575312, 0.0, 0.0, 0.0, 1.0],
                [0.598023, -0.027269, 0.801015, -5e-06, 0.780818, 0.245287, -0.574594, 2.551861, -0.18081, 0.969067, 0.167979, 0.576859, 0.0, 0.0, 0.0, 1.0],
                [0.602875, -0.026261, 0.797403, -5e-06, 0.777692, 0.242513, -0.579985, 2.556734, -0.17815, 0.969792, 0.166628, 0.578465, 0.0, 0.0, 0.0, 1.0],
                [0.607859, -0.02524, 0.793643, -5e-06, 0.774427, 0.239643, -0.58552, 2.561591, -0.175413, 0.970533, 0.165216, 0.580128, 0.0, 0.0, 0.0, 1.0],
                [0.612963, -0.024208, 0.789741, -5e-06, 0.771028, 0.236682, -0.591183, 2.566428, -0.172606, 0.971286, 0.163742, 0.581845, 0.0, 0.0, 0.0, 1.0],
                [0.618172, -0.023171, 0.785701, -5e-06, 0.767498, 0.233636, -0.59696, 2.571241, -0.169736, 0.972048, 0.162211, 0.583612, 0.0, 0.0, 0.0, 1.0],
                [0.623473, -0.022131, 0.781531, -5e-06, 0.763843, 0.230511, -0.602835, 2.576027, -0.16681, 0.972818, 0.160622, 0.585427, 0.0, 0.0, 0.0, 1.0],
                [0.628854, -0.021093, 0.777237, -5e-06, 0.760066, 0.227313, -0.608792, 2.580781, -0.163835, 0.973593, 0.158979, 0.587286, 0.0, 0.0, 0.0, 1.0],
                [0.634301, -0.02006, 0.772826, -5e-06, 0.756175, 0.224048, -0.614819, 2.585499, -0.160817, 0.974372, 0.157283, 0.589187, 0.0, 0.0, 0.0, 1.0],
                [0.639802, -0.019035, 0.768304, -5e-06, 0.752173, 0.220724, -0.6209, 2.590178, -0.157764, 0.975151, 0.155537, 0.591126, 0.0, 0.0, 0.0, 1.0],
                [0.645343, -0.018021, 0.76368, -5e-06, 0.748068, 0.217345, -0.627021, 2.594814, -0.154683, 0.975928, 0.153743, 0.5931, 0.0, 0.0, 0.0, 1.0],
                [0.650912, -0.017022, 0.758962, -5e-06, 0.743866, 0.21392, -0.633168, 2.599402, -0.151579, 0.976703, 0.151905, 0.595106, 0.0, 0.0, 0.0, 1.0],
                [0.656498, -0.01604, 0.754157, -5e-06, 0.739574, 0.210454, -0.639327, 2.60394, -0.148461, 0.977472, 0.150025, 0.597141, 0.0, 0.0, 0.0, 1.0],
                [0.662087, -0.015078, 0.749275, -5e-06, 0.7352, 0.206954, -0.645485, 2.608422, -0.145333, 0.978234, 0.148107, 0.599202, 0.0, 0.0, 0.0, 1.0],
                [0.667668, -0.014137, 0.744325, -5e-06, 0.730751, 0.203428, -0.651629, 2.612845, -0.142204, 0.978988, 0.146153, 0.601286, 0.0, 0.0, 0.0, 1.0],
                [0.67323, -0.013222, 0.739315, -5e-06, 0.726236, 0.199881, -0.657745, 2.617206, -0.139079, 0.979731, 0.144168, 0.60339, 0.0, 0.0, 0.0, 1.0],
                [0.67876, -0.012332, 0.734257, -5e-06, 0.721664, 0.196322, -0.663822, 2.621499, -0.135965, 0.980462, 0.142156, 0.60551, 0.0, 0.0, 0.0, 1.0],
                [0.684249, -0.011471, 0.729159, -5e-06, 0.717043, 0.192758, -0.669847, 2.625722, -0.132867, 0.981179, 0.140119, 0.607644, 0.0, 0.0, 0.0, 1.0],
                [0.689685, -0.010639, 0.724032, -5e-06, 0.712383, 0.189194, -0.675808, 2.629871, -0.129793, 0.981882, 0.138063, 0.609789, 0.0, 0.0, 0.0, 1.0],
                [0.695057, -0.009838, 0.718887, -5e-06, 0.707694, 0.18564, -0.681694, 2.633941, -0.126747, 0.982569, 0.135993, 0.61194, 0.0, 0.0, 0.0, 1.0],
                [0.700356, -0.00907, 0.713736, -5e-06, 0.702987, 0.182101, -0.687494, 2.637928, -0.123737, 0.983238, 0.133912, 0.614097, 0.0, 0.0, 0.0, 1.0],
                [0.705572, -0.008334, 0.708589, -5e-06, 0.698272, 0.178586, -0.693198, 2.64183, -0.120767, 0.983889, 0.131825, 0.616254, 0.0, 0.0, 0.0, 1.0],
                [0.710695, -0.007633, 0.703459, -5e-06, 0.69356, 0.175102, -0.698795, 2.645641, -0.117843, 0.984521, 0.129738, 0.61841, 0.0, 0.0, 0.0, 1.0],
                [0.715716, -0.006966, 0.698357, -5e-06, 0.688863, 0.171655, -0.704274, 2.649359, -0.114971, 0.985132, 0.127655, 0.62056, 0.0, 0.0, 0.0, 1.0],
                [0.720626, -0.006333, 0.693295, -5e-06, 0.684192, 0.168255, -0.709628, 2.652978, -0.112156, 0.985723, 0.125582, 0.622703, 0.0, 0.0, 0.0, 1.0],
                [0.725417, -0.005735, 0.688286, -5e-06, 0.679559, 0.164907, -0.714846, 2.656495, -0.109404, 0.986292, 0.123524, 0.624835, 0.0, 0.0, 0.0, 1.0],
                [0.73008, -0.005172, 0.683342, -5e-06, 0.674977, 0.16162, -0.71992, 2.659907, -0.106719, 0.986839, 0.121486, 0.626952, 0.0, 0.0, 0.0, 1.0],
                [0.734607, -0.004643, 0.678477, -5e-06, 0.670458, 0.158401, -0.724841, 2.663209, -0.104106, 0.987364, 0.119476, 0.629052, 0.0, 0.0, 0.0, 1.0],
                [0.738991, -0.004148, 0.673703, -5e-06, 0.666015, 0.155258, -0.729602, 2.666397, -0.101571, 0.987865, 0.117497, 0.631132, 0.0, 0.0, 0.0, 1.0],
                [0.743224, -0.003687, 0.669032, -5e-06, 0.66166, 0.152197, -0.734195, 2.669468, -0.099117, 0.988343, 0.115556, 0.633188, 0.0, 0.0, 0.0, 1.0],
                [0.747299, -0.003259, 0.66448, -5e-06, 0.657407, 0.149226, -0.738612, 2.672418, -0.096751, 0.988798, 0.113659, 0.635218, 0.0, 0.0, 0.0, 1.0],
                [0.751209, -0.002863, 0.660058, -5e-06, 0.653268, 0.146353, -0.742847, 2.675242, -0.094475, 0.989228, 0.111812, 0.637219, 0.0, 0.0, 0.0, 1.0],
                [0.754948, -0.002498, 0.65578, -5e-06, 0.649258, 0.143585, -0.746892, 2.677937, -0.092295, 0.989635, 0.110021, 0.639186, 0.0, 0.0, 0.0, 1.0],
                [0.758508, -0.002163, 0.65166, -5e-06, 0.645389, 0.140929, -0.750741, 2.680499, -0.090214, 0.990017, 0.108292, 0.641118, 0.0, 0.0, 0.0, 1.0],
                [0.761884, -0.001857, 0.647711, -5e-06, 0.641675, 0.138393, -0.754388, 2.682924, -0.088238, 0.990376, 0.106631, 0.643011, 0.0, 0.0, 0.0, 1.0],
                [0.76507, -0.001579, 0.643946, -5e-06, 0.638129, 0.135984, -0.757826, 2.685208, -0.08637, 0.99071, 0.105045, 0.644862, 0.0, 0.0, 0.0, 1.0],
                [0.768059, -0.001327, 0.640378, -5e-06, 0.634765, 0.133709, -0.761049, 2.687347, -0.084614, 0.99102, 0.103539, 0.646668, 0.0, 0.0, 0.0, 1.0],
                [0.770845, -0.001102, 0.637022, -5e-06, 0.631596, 0.131575, -0.764051, 2.689337, -0.082975, 0.991306, 0.10212, 0.648426, 0.0, 0.0, 0.0, 1.0],
                [0.773422, -0.0009, 0.633891, -5e-06, 0.628636, 0.12959, -0.766827, 2.691175, -0.081456, 0.991567, 0.100794, 0.650133, 0.0, 0.0, 0.0, 1.0],
                [0.775785, -0.000722, 0.630997, -5e-06, 0.625898, 0.127761, -0.769369, 2.692857, -0.080061, 0.991805, 0.099566, 0.651786, 0.0, 0.0, 0.0, 1.0],
                [0.777927, -0.000565, 0.628355, -5e-06, 0.623395, 0.126094, -0.771673, 2.694378, -0.078795, 0.992018, 0.098444, 0.653381, 0.0, 0.0, 0.0, 1.0],
                [0.779842, -0.00043, 0.625976, -5e-06, 0.62114, 0.124597, -0.773732, 2.695735, -0.077662, 0.992207, 0.097433, 0.654916, 0.0, 0.0, 0.0, 1.0],
                [0.781524, -0.000314, 0.623874, -5e-06, 0.619146, 0.123277, -0.775539, 2.696923, -0.076666, 0.992372, 0.096538, 0.656387, 0.0, 0.0, 0.0, 1.0],
                [0.782968, -0.000217, 0.622062, -5e-06, 0.617426, 0.12214, -0.777089, 2.697939, -0.07581, 0.992513, 0.095766, 0.657792, 0.0, 0.0, 0.0, 1.0],
                [0.784165, -0.000139, 0.620553, -5e-06, 0.615992, 0.121195, -0.778374, 2.698779, -0.0751, 0.992629, 0.095122, 0.659127, 0.0, 0.0, 0.0, 1.0],
                [0.785109, -7.8e-05, 0.619358, -5e-06, 0.614856, 0.120448, -0.779387, 2.69944, -0.074539, 0.99272, 0.094613, 0.660389, 0.0, 0.0, 0.0, 1.0],
                [0.785793, -3.5e-05, 0.61849, -5e-06, 0.614031, 0.119905, -0.780121, 2.699916, -0.074133, 0.992785, 0.094242, 0.661575, 0.0, 0.0, 0.0, 1.0],
                [0.786209, -9e-06, 0.617961, -5e-06, 0.613528, 0.119575, -0.780567, 2.700205, -0.073886, 0.992825, 0.094016, 0.662683, 0.0, 0.0, 0.0, 1.0],
                [0.78635, 0.0, 0.617782, -5e-06, 0.613357, 0.119463, -0.780718, 2.700302, -0.073802, 0.992839, 0.09394, 0.663708, 0.0, 0.0, 0.0, 1.0],
                [0.78635, 0.0, 0.617782, -5e-06, 0.613358, 0.119463, -0.780718, 2.700302, -0.073802, 0.992839, 0.09394, 0.664649, 0.0, 0.0, 0.0, 1.0],
                [0.78635, 0.0, 0.617782, -5e-06, 0.613358, 0.119463, -0.780718, 2.700302, -0.073802, 0.992839, 0.09394, 0.665501, 0.0, 0.0, 0.0, 1.0],
                [0.78635, 0.0, 0.617782, -5e-06, 0.613358, 0.119463, -0.780718, 2.700302, -0.073802, 0.992839, 0.09394, 0.666263, 0.0, 0.0, 0.0, 1.0],
                [0.78635, 0.0, 0.617782, -5e-06, 0.613358, 0.119463, -0.780718, 2.700302, -0.073802, 0.992839, 0.09394, 0.666933, 0.0, 0.0, 0.0, 1.0],
                [0.78635, 0.0, 0.617782, -5e-06, 0.613358, 0.119463, -0.780718, 2.700302, -0.073802, 0.992839, 0.09394, 0.667506, 0.0, 0.0, 0.0, 1.0],
                [0.78635, 0.0, 0.617782, -5e-06, 0.613358, 0.119463, -0.780718, 2.700302, -0.073802, 0.992839, 0.09394, 0.667981, 0.0, 0.0, 0.0, 1.0],
                [0.78635, 0.0, 0.617782, -5e-06, 0.613358, 0.119463, -0.780718, 2.700302, -0.073802, 0.992839, 0.09394, 0.668355, 0.0, 0.0, 0.0, 1.0],
                [0.78635, 0.0, 0.617782, -5e-06, 0.613358, 0.119463, -0.780718, 2.700302, -0.073802, 0.992839, 0.09394, 0.668626, 0.0, 0.0, 0.0, 1.0],
                [0.78635, 0.0, 0.617782, -5e-06, 0.613358, 0.119463, -0.780718, 2.700302, -0.073802, 0.992839, 0.09394, 0.66879, 0.0, 0.0, 0.0, 1.0],
                [0.78635, 0.0, 0.617782, -5e-06, 0.613358, 0.119463, -0.780718, 2.700302, -0.073802, 0.992839, 0.09394, 0.668846, 0.0, 0.0, 0.0, 1.0]
            ]
        },
        {
            "name": "Thigh_R",
            "time": [0.0, 0.0111, 0.0222, 0.0333, 0.0444, 0.0556, 0.0667, 0.0778, 0.0889, 0.1, 0.1111, 0.1222, 0.1333, 0.1444, 0.1556, 0.1667, 0.1778, 0.1889, 0.2, 0.2111, 0.2222, 0.2333, 0.2444, 0.2556, 0.2667, 0.2778, 0.2889, 0.3, 0.3111, 0.3222, 0.3333, 0.3444, 0.3556, 0.3667, 0.3778, 0.3889, 0.4, 0.4111, 0.4222, 0.4333, 0.4444, 0.4556, 0.4667, 0.4778, 0.4889, 0.5, 0.5111, 0.5222, 0.5333, 0.5444, 0.5556, 0.5667, 0.5778, 0.5889, 0.6, 0.6111, 0.6222, 0.6333, 0.6444, 0.6556, 0.6667, 0.6778, 0.6889, 0.7, 0.7111, 0.7222, 0.7333, 0.7444, 0.7556, 0.7667, 0.7778, 0.7889, 0.8, 0.8111, 0.8222, 0.8333, 0.8444, 0.8556, 0.8667, 0.8778, 0.8889, 0.9, 0.9111, 0.9222, 0.9333, 0.9444, 0.9556, 0.9667, 0.9778, 0.9889, 1.0, 1.0111, 1.0222, 1.0333, 1.0444, 1.0556, 1.0667, 1.0778, 1.0889, 1.1, 1.1111, 1.1222, 1.1333, 1.1444, 1.1556, 1.1667, 1.1778, 1.1889, 1.2, 1.2111, 1.2222, 1.2333, 1.2444, 1.2556, 1.2667, 1.2778, 1.2889, 1.3, 1.3111, 1.3222, 1.3333],
            "transform": [
                [0.873772, 0.450299, 0.183719, 0.124994, 0.023322, -0.416124, 0.909009, -0.002831, 0.485776, -0.78998, -0.3741, -1.2e-05, 0.0, 0.0, 0.0, 1.0],
                [0.868974, 0.458552, 0.186046, 0.124994, 0.022997, -0.412972, 0.910453, -0.002831, 0.494323, -0.78688, -0.369408, -1.2e-05, 0.0, 0.0, 0.0, 1.0],
                [0.855114, 0.48158, 0.191985, 0.124994, 0.022322, -0.404169, 0.914412, -0.002831, 0.517958, -0.77764, -0.356361, -1.2e-05, 0.0, 0.0, 0.0, 1.0],
                [0.832595, 0.516689, 0.199541, 0.124994, 0.021961, -0.390769, 0.920227, -0.002831, 0.553446, -0.761793, -0.3367, -1.2e-05, 0.0, 0.0, 0.0, 1.0],
                [0.801705, 0.560931, 0.206457, 0.124994, 0.022735, -0.373774, 0.927241, -0.002831, 0.597287, -0.738679, -0.31241, -1.2e-05, 0.0, 0.0, 0.0, 1.0],
                [0.763071, 0.611049, 0.210573, 0.124994, 0.025481, -0.353994, 0.934901, -0.002831, 0.645812, -0.708028, -0.285693, -1.2e-05, 0.0, 0.0, 0.0, 1.0],
                [0.71798, 0.663583, 0.210143, 0.124994, 0.03089, -0.33198, 0.94278, -0.002831, 0.695377, -0.670405, -0.258854, -1.2e-05, 0.0, 0.0, 0.0, 1.0],
                [0.668527, 0.715135, 0.204089, 0.124994, 0.039354, -0.308061, 0.950552, -0.002831, 0.742646, -0.627437, -0.234091, -1.2e-05, 0.0, 0.0, 0.0, 1.0],
                [0.617535, 0.762713, 0.192136, 0.124994, 0.050812, -0.282453, 0.957934, -0.002831, 0.7849, -0.581794, -0.21318, -1.2e-05, 0.0, 0.0, 0.0, 1.0],
                [0.568299, 0.804036, 0.174813, 0.124994, 0.064655, -0.255434, 0.964662, -0.002831, 0.820278, -0.536913, -0.197149, -1.2e-05, 0.0, 0.0, 0.0, 1.0],
                [0.52421, 0.837671, 0.153326, 0.124994, 0.079698, -0.227514, 0.970508, -0.002831, 0.847851, -0.49653, -0.186026, -1.2e-05, 0.0, 0.0, 0.0, 1.0],
                [0.488443, 0.862952, 0.129364, 0.124994, 0.094231, -0.199549, 0.975347, -0.002831, 0.867492, -0.464211, -0.178785, -1.2e-05, 0.0, 0.0, 0.0, 1.0],
                [0.463817, 0.879694, 0.104926, 0.124994, 0.106179, -0.172779, 0.979221, -0.002831, 0.879545, -0.443038, -0.173543, -1.2e-05, 0.0, 0.0, 0.0, 1.0],
                [0.452922, 0.887749, 0.082217, 0.124994, 0.113393, -0.148829, 0.98234, -0.002831, 0.884309, -0.4356, -0.168072, -1.2e-05, 0.0, 0.0, 0.0, 1.0],
                [0.452923, 0.889751, 0.056578, 0.124994, 0.117313, -0.122385, 0.985525, -0.002831, 0.883797, -0.439728, -0.159811, -1.2e-05, 0.0, 0.0, 0.0, 1.0],
                [0.458772, 0.888242, 0.023495, 0.124994, 0.120965, -0.088629, 0.988693, -0.002831, 0.880282, -0.450741, -0.148107, -1.2e-05, 0.0, 0.0, 0.0, 1.0],
                [0.469609, 0.882754, -0.014455, 0.124994, 0.124871, -0.050203, 0.990902, -0.002831, 0.873999, -0.46714, -0.133806, -1.2e-05, 0.0, 0.0, 0.0, 1.0],
                [0.484432, 0.87311, -0.054791, 0.124994, 0.129639, -0.009707, 0.991515, -0.002831, 0.86517, -0.487423, -0.117892, -1.2e-05, 0.0, 0.0, 0.0, 1.0],
                [0.502138, 0.859525, -0.095247, 0.124994, 0.135904, 0.030339, 0.990258, -0.002831, 0.854041, -0.51019, -0.101579, -1.2e-05, 0.0, 0.0, 0.0, 1.0],
                [0.521567, 0.842637, -0.133898, 0.124994, 0.144276, 0.067571, 0.987228, -0.002831, 0.840923, -0.534223, -0.086329, -1.2e-05, 0.0, 0.0, 0.0, 1.0],
                [0.541525, 0.823475, -0.169225, 0.124994, 0.155269, 0.099862, 0.982812, -0.002831, 0.826221, -0.558492, -0.073783, -1.2e-05, 0.0, 0.0, 0.0, 1.0],
                [0.560832, 0.803373, -0.200141, 0.124994, 0.169246, 0.125386, 0.977566, -0.002831, 0.810446, -0.582122, -0.065647, -1.2e-05, 0.0, 0.0, 0.0, 1.0],
                [0.578362, 0.783879, -0.225894, 0.124994, 0.18632, 0.142656, 0.972078, -0.00283, 0.794218, -0.6043, -0.063546, -1.2e-05, 0.0, 0.0, 0.0, 1.0],
                [0.593107, 0.766651, -0.245902, 0.124994, 0.206285, 0.150524, 0.966845, -0.002831, 0.778248, -0.624168, -0.068872, -1.2e-05, 0.0, 0.0, 0.0, 1.0],
                [0.604248, 0.753344, -0.259525, 0.124994, 0.228543, 0.14816, 0.962193, -0.002831, 0.763316, -0.640715, -0.082646, -1.2e-05, 0.0, 0.0, 0.0, 1.0],
                [0.611224, 0.745478, -0.26583, 0.124994, 0.252095, 0.135003, 0.95824, -0.002831, 0.750235, -0.652713, -0.105415, -1.2e-05, 0.0, 0.0, 0.0, 1.0],
                [0.613763, 0.744246, -0.26342, 0.124994, 0.275606, 0.110684, 0.954877, -0.002831, 0.739821, -0.658667, -0.137185, -1.2e-05, 0.0, 0.0, 0.0, 1.0],
                [0.614264, 0.743424, -0.264571, 0.124994, 0.313982, 0.077329, 0.946275, -0.002831, 0.723943, -0.664332, -0.185922, -1.2e-05, 0.0, 0.0, 0.0, 1.0],
                [0.612945, 0.739235, -0.278976, 0.124994, 0.37409, 0.039485, 0.926551, -0.002831, 0.695955, -0.672286, -0.252338, -1.2e-05, 0.0, 0.0, 0.0, 1.0],
                [0.607822, 0.734589, -0.301544, 0.124994, 0.443283, 0.001171, 0.896381, -0.002831, 0.658825, -0.678509, -0.32492, -1.2e-05, 0.0, 0.0, 0.0, 1.0],
                [0.599126, 0.730074, -0.32869, 0.124994, 0.511165, -0.032811, 0.858856, -0.002831, 0.616245, -0.682576, -0.392848, -1.2e-05, 0.0, 0.0, 0.0, 1.0],
                [0.588903, 0.72412, -0.358944, 0.124994, 0.570607, -0.057994, 0.819173, -0.002831, 0.572364, -0.687228, -0.447342, -1.2e-05, 0.0, 0.0, 0.0, 1.0],
                [0.580073, 0.713969, -0.392125, 0.124994, 0.6177, -0.071747, 0.783134, -0.002831, 0.531, -0.696489, -0.482638, -1.2e-05, 0.0, 0.0, 0.0, 1.0],
                [0.575628, 0.697164, -0.427331, 0.124994, 0.650684, -0.07402, 0.755732, -0.002831, 0.495239, -0.713077, -0.496243, -1.2e-05, 0.0, 0.0, 0.0, 1.0],
                [0.578291, 0.672798, -0.461434, 0.124994, 0.668481, -0.066544, 0.740746, -0.002831, 0.467667, -0.736825, -0.488235, -1.2e-05, 0.0, 0.0, 0.0, 1.0],
                [0.590479, 0.642182, -0.488809, 0.124994, 0.669208, -0.051062, 0.741318, -0.002831, 0.451102, -0.764847, -0.459906, -1.2e-05, 0.0, 0.0, 0.0, 1.0],
                [0.609573, 0.622122, -0.491308, 0.124994, 0.65926, -0.053668, 0.749997, -0.002831, 0.440223, -0.781076, -0.442856, -1.2e-05, 0.0, 0.0, 0.0, 1.0],
                [0.628192, 0.618541, -0.471996, 0.124994, 0.648996, -0.081957, 0.756364, -0.002831, 0.429159, -0.781464, -0.452916, -1.2e-05, 0.0, 0.0, 0.0, 1.0],
                [0.642219, 0.621129, -0.449168, 0.124994, 0.640877, -0.113634, 0.759186, -0.002831, 0.420512, -0.775424, -0.471046, -1.2e-05, 0.0, 0.0, 0.0, 1.0],
                [0.648734, 0.621749, -0.438828, 0.124994, 0.636988, -0.128122, 0.760152, -0.002831, 0.416401, -0.772663, -0.479165, -1.2e-05, 0.0, 0.0, 0.0, 1.0],
                [0.650754, 0.618777, -0.440037, 0.124994, 0.635767, -0.127213, 0.761326, -0.002831, 0.415114, -0.775195, -0.476183, -1.2e-05, 0.0, 0.0, 0.0, 1.0],
                [0.652934, 0.615621, -0.441232, 0.124994, 0.63444, -0.126334, 0.762578, -0.002831, 0.413717, -0.777848, -0.473063, -1.2e-05, 0.0, 0.0, 0.0, 1.0],
                [0.655256, 0.612318, -0.442386, 0.124994, 0.633018, -0.12551, 0.763895, -0.002831, 0.412223, -0.780583, -0.46985, -1.2e-05, 0.0, 0.0, 0.0, 1.0],
                [0.657697, 0.608906, -0.443471, 0.124994, 0.631511, -0.124766, 0.765263, -0.002831, 0.410643, -0.783367, -0.46659, -1.2e-05, 0.0, 0.0, 0.0, 1.0],
                [0.660235, 0.605422, -0.444469, 0.124994, 0.629933, -0.124119, 0.766668, -0.002831, 0.408991, -0.786165, -0.463323, -1.2e-05, 0.0, 0.0, 0.0, 1.0],
                [0.662851, 0.601897, -0.445361, 0.124994, 0.628294, -0.123583, 0.768098, -0.002831, 0.407277, -0.788951, -0.460086, -1.2e-05, 0.0, 0.0, 0.0, 1.0],
                [0.665759, 0.598345, -0.44581, 0.124994, 0.626375, -0.123481, 0.769679, -0.002831, 0.405485, -0.791664, -0.456998, -1.2e-05, 0.0, 0.0, 0.0, 1.0],
                [0.669173, 0.594757, -0.445499, 0.124993, 0.623957, -0.124111, 0.77154, -0.002831, 0.403588, -0.794265, -0.454156, -1.2e-05, 0.0, 0.0, 0.0, 1.0],
                [0.673068, 0.591141, -0.444443, 0.124994, 0.62105, -0.125449, 0.773667, -0.002831, 0.401592, -0.79675, -0.451565, -1.2e-05, 0.0, 0.0, 0.0, 1.0],
                [0.677413, 0.587505, -0.442659, 0.124993, 0.617664, -0.127474, 0.776042, -0.002831, 0.399502, -0.799114, -0.449234, -1.2e-05, 0.0, 0.0, 0.0, 1.0],
                [0.682182, 0.583854, -0.440161, 0.124994, 0.613807, -0.130163, 0.778652, -0.002831, 0.397327, -0.801355, -0.447169, -1.2e-05, 0.0, 0.0, 0.0, 1.0],
                [0.687341, 0.580193, -0.436963, 0.124994, 0.609492, -0.133499, 0.781471, -0.002831, 0.39507, -0.803462, -0.445383, -1.2e-05, 0.0, 0.0, 0.0, 1.0],
                [0.692861, 0.576528, -0.433079, 0.124994, 0.604729, -0.137464, 0.784479, -0.002831, 0.392742, -0.805429, -0.443888, -1.1e-05, 0.0, 0.0, 0.0, 1.0],
                [0.69871, 0.572862, -0.428523, 0.124994, 0.599527, -0.142039, 0.787651, -0.002831, 0.390349, -0.807249, -0.442691, -1.2e-05, 0.0, 0.0, 0.0, 1.0],
                [0.704854, 0.5692, -0.423309, 0.124993, 0.593897, -0.147208, 0.790959, -0.002831, 0.3879, -0.808912, -0.441807, -1.2e-05, 0.0, 0.0, 0.0, 1.0],
                [0.71126, 0.565546, -0.417452, 0.124994, 0.587854, -0.152955, 0.794376, -0.002831, 0.385405, -0.810407, -0.44125, -1.2e-05, 0.0, 0.0, 0.0, 1.0],
                [0.717894, 0.561902, -0.410966, 0.124993, 0.581409, -0.159265, 0.797872, -0.002831, 0.382874, -0.811725, -0.441031, -1.2e-05, 0.0, 0.0, 0.0, 1.0],
                [0.724723, 0.55827, -0.403868, 0.124994, 0.574574, -0.166122, 0.801416, -0.002831, 0.380316, -0.812856, -0.441161, -1.2e-05, 0.0, 0.0, 0.0, 1.0],
                [0.731716, 0.554651, -0.396173, 0.124994, 0.567365, -0.173512, 0.804979, -0.002831, 0.377742, -0.813789, -0.441652, -1.2e-05, 0.0, 0.0, 0.0, 1.0],
                [0.738836, 0.551049, -0.3879, 0.124994, 0.559797, -0.181418, 0.808527, -0.002831, 0.375166, -0.814512, -0.442514, -1.2e-05, 0.0, 0.0, 0.0, 1.0],
                [0.746051, 0.547461, -0.379068, 0.124994, 0.551886, -0.189826, 0.812027, -0.00283, 0.372597, -0.815014, -0.443757, -1.2e-05, 0.0, 0.0, 0.0, 1.0],
                [0.753331, 0.54389, -0.369696, 0.124995, 0.543651, -0.19872, 0.815448, -0.002831, 0.370048, -0.815286, -0.445389, -1.2e-05, 0.0, 0.0, 0.0, 1.0],
                [0.760643, 0.540335, -0.359804, 0.124994, 0.535108, -0.208083, 0.818756, -0.002831, 0.367533, -0.815313, -0.447416, -1.2e-05, 0.0, 0.0, 0.0, 1.0],
                [0.767959, 0.536793, -0.349415, 0.124994, 0.526277, -0.217901, 0.82192, -0.002831, 0.365064, -0.815088, -0.449842, -1.2e-05, 0.0, 0.0, 0.0, 1.0],
                [0.775247, 0.533267, -0.338552, 0.124994, 0.517179, -0.228156, 0.824906, -0.002831, 0.362653, -0.814596, -0.452673, -1.2e-05, 0.0, 0.0, 0.0, 1.0],
                [0.78248, 0.529753, -0.327239, 0.124993, 0.507836, -0.238831, 0.827684, -0.002831, 0.360314, -0.813829, -0.45591, -1.2e-05, 0.0, 0.0, 0.0, 1.0],
                [0.789633, 0.526249, -0.3155, 0.124994, 0.49827, -0.249908, 0.830225, -0.002831, 0.35806, -0.812776, -0.45955, -1.2e-05, 0.0, 0.0, 0.0, 1.0],
                [0.79668, 0.522754, -0.303362, 0.124994, 0.488502, -0.261368, 0.832498, -0.002831, 0.355903, -0.811425, -0.463594, -1.2e-05, 0.0, 0.0, 0.0, 1.0],
                [0.803597, 0.519266, -0.29085, 0.124994, 0.478558, -0.273193, 0.834475, -0.002831, 0.353857, -0.809768, -0.468036, -1.2e-05, 0.0, 0.0, 0.0, 1.0],
                [0.810364, 0.515782, -0.277993, 0.124994, 0.46846, -0.285361, 0.836131, -0.002831, 0.351933, -0.807797, -0.47287, -1.2e-05, 0.0, 0.0, 0.0, 1.0],
                [0.81696, 0.512297, -0.264816, 0.124994, 0.458232, -0.297853, 0.837441, -0.002831, 0.350143, -0.805501, -0.478086, -1.2e-05, 0.0, 0.0, 0.0, 1.0],
                [0.823366, 0.508812, -0.25135, 0.124994, 0.447903, -0.310648, 0.83838, -0.002831, 0.348497, -0.802872, -0.483677, -1.2e-05, 0.0, 0.0, 0.0, 1.0],
                [0.829569, 0.505322, -0.237622, 0.124994, 0.437495, -0.323722, 0.838929, -0.002831, 0.347007, -0.799906, -0.489627, -1.1e-05, 0.0, 0.0, 0.0, 1.0],
                [0.835552, 0.501825, -0.223659, 0.124993, 0.427033, -0.337054, 0.839069, -0.002831, 0.345681, -0.796594, -0.495923, -1.2e-05, 0.0, 0.0, 0.0, 1.0],
                [0.841303, 0.498318, -0.209491, 0.124994, 0.416543, -0.350622, 0.838782, -0.002831, 0.344528, -0.792931, -0.502551, -1.2e-05, 0.0, 0.0, 0.0, 1.0],
                [0.846812, 0.494798, -0.195146, 0.124994, 0.406049, -0.364398, 0.838056, -0.002831, 0.343559, -0.788914, -0.50949, -1.2e-05, 0.0, 0.0, 0.0, 1.0],
                [0.85207, 0.491264, -0.180652, 0.124994, 0.395577, -0.378361, 0.836876, -0.00283, 0.342776, -0.784537, -0.516724, -1.2e-05, 0.0, 0.0, 0.0, 1.0],
                [0.857069, 0.487712, -0.166037, 0.124994, 0.38515, -0.392485, 0.835233, -0.002831, 0.342187, -0.7798, -0.52423, -1.2e-05, 0.0, 0.0, 0.0, 1.0],
                [0.861803, 0.484142, -0.151328, 0.124994, 0.374791, -0.406743, 0.833122, -0.002831, 0.341798, -0.774702, -0.531986, -1.2e-05, 0.0, 0.0, 0.0, 1.0],
                [0.86627, 0.480551, -0.13655, 0.124994, 0.364523, -0.421112, 0.830534, -0.002831, 0.341611, -0.769241, -0.53997, -1.2e-05, 0.0, 0.0, 0.0, 1.0],
                [0.870467, 0.476936, -0.121731, 0.124994, 0.354368, -0.435564, 0.82747, -0.002831, 0.34163, -0.763421, -0.548156, -1.2e-05, 0.0, 0.0, 0.0, 1.0],
                [0.874391, 0.473299, -0.106894, 0.124994, 0.344346, -0.450074, 0.823929, -0.002831, 0.341855, -0.757244, -0.556521, -1.2e-05, 0.0, 0.0, 0.0, 1.0],
                [0.878045, 0.469638, -0.092065, 0.124994, 0.334478, -0.464614, 0.819914, -0.002831, 0.342288, -0.750714, -0.565037, -1.2e-05, 0.0, 0.0, 0.0, 1.0],
                [0.881429, 0.465953, -0.077266, 0.124994, 0.324782, -0.47916, 0.815428, -0.002831, 0.342928, -0.743835, -0.573679, -1.2e-05, 0.0, 0.0, 0.0, 1.0],
                [0.884546, 0.462244, -0.062521, 0.124994, 0.315275, -0.493684, 0.81048, -0.002831, 0.343774, -0.736616, -0.582421, -1.2e-05, 0.0, 0.0, 0.0, 1.0],
                [0.887398, 0.458512, -0.047848, 0.124994, 0.305974, -0.508161, 0.805079, -0.002831, 0.344824, -0.729064, -0.591236, -1.2e-05, 0.0, 0.0, 0.0, 1.0],
                [0.889992, 0.45476, -0.033271, 0.124994, 0.296894, -0.522565, 0.799237, -0.002831, 0.346075, -0.721191, -0.600095, -1.2e-05, 0.0, 0.0, 0.0, 1.0],
                [0.892332, 0.450987, -0.018806, 0.124994, 0.288048, -0.53687, 0.792968, -0.002831, 0.347522, -0.713007, -0.608973, -1.2e-05, 0.0, 0.0, 0.0, 1.0],
                [0.894423, 0.447198, -0.004474, 0.124994, 0.279451, -0.551051, 0.786288, -0.002831, 0.349162, -0.704524, -0.617843, -1.2e-05, 0.0, 0.0, 0.0, 1.0],
                [0.896272, 0.443396, 0.009711, 0.124994, 0.271111, -0.565082, 0.779218, -0.002831, 0.35099, -0.695758, -0.626679, -1.2e-05, 0.0, 0.0, 0.0, 1.0],
                [0.897887, 0.439585, 0.02373, 0.124994, 0.26304, -0.578941, 0.771775, -0.002831, 0.352999, -0.686724, -0.635454, -1.2e-05, 0.0, 0.0, 0.0, 1.0],
                [0.899274, 0.435769, 0.037571, 0.124993, 0.255245, -0.592604, 0.763983, -0.002831, 0.355185, -0.677439, -0.644143, -1.2e-05, 0.0, 0.0, 0.0, 1.0],
                [0.900439, 0.431954, 0.051219, 0.124994, 0.247735, -0.606046, 0.755867, -0.002831, 0.357541, -0.667923, -0.652719, -1.2e-05, 0.0, 0.0, 0.0, 1.0],
                [0.901392, 0.428147, 0.064662, 0.124994, 0.240515, -0.619247, 0.747452, -0.002831, 0.360062, -0.658194, -0.661162, -1.2e-05, 0.0, 0.0, 0.0, 1.0],
                [0.902138, 0.424356, 0.077887, 0.124994, 0.233591, -0.632183, 0.738768, -0.002831, 0.36274, -0.648276, -0.669444, -1.2e-05, 0.0, 0.0, 0.0, 1.0],
                [0.902688, 0.420588, 0.090883, 0.124994, 0.226967, -0.644836, 0.729845, -0.002831, 0.365569, -0.638193, -0.677546, -1.2e-05, 0.0, 0.0, 0.0, 1.0],
                [0.903046, 0.416852, 0.10364, 0.124994, 0.220646, -0.657181, 0.720713, -0.002831, 0.368542, -0.627967, -0.685443, -1.1e-05, 0.0, 0.0, 0.0, 1.0],
                [0.903221, 0.413159, 0.116151, 0.124994, 0.214629, -0.669202, 0.711408, -0.002831, 0.371653, -0.617628, -0.693115, -1.2e-05, 0.0, 0.0, 0.0, 1.0],
                [0.903218, 0.40952, 0.128404, 0.124994, 0.208918, -0.680878, 0.701966, -0.002831, 0.374897, -0.607202, -0.70054, -1.2e-05, 0.0, 0.0, 0.0, 1.0],
                [0.903047, 0.40595, 0.140392, 0.124994, 0.203515, -0.692191, 0.692425, -0.002831, 0.378268, -0.596719, -0.707699, -1.1e-05, 0.0, 0.0, 0.0, 1.0],
                [0.902712, 0.402459, 0.152109, 0.124994, 0.198418, -0.703121, 0.682824, -0.002831, 0.38176, -0.586211, -0.714573, -1.2e-05, 0.0, 0.0, 0.0, 1.0],
                [0.902219, 0.399065, 0.163545, 0.124994, 0.193627, -0.713652, 0.673207, -0.002831, 0.385368, -0.575712, -0.721142, -1.2e-05, 0.0, 0.0, 0.0, 1.0],
                [0.901574, 0.395784, 0.174695, 0.124994, 0.189142, -0.723765, 0.663617, -0.002831, 0.389088, -0.565257, -0.727389, -1.3e-05, 0.0, 0.0, 0.0, 1.0],
                [0.900782, 0.392635, 0.18555, 0.124994, 0.184959, -0.733443, 0.654103, -0.002831, 0.392914, -0.554883, -0.733295, -1.2e-05, 0.0, 0.0, 0.0, 1.0],
                [0.899847, 0.38964, 0.196101, 0.124994, 0.181079, -0.742665, 0.644715, -0.002831, 0.396845, -0.544634, -0.738842, -1.2e-05, 0.0, 0.0, 0.0, 1.0],
                [0.898773, 0.386819, 0.206344, 0.124994, 0.177498, -0.751416, 0.635505, -0.002831, 0.400876, -0.534548, -0.744014, -1.2e-05, 0.0, 0.0, 0.0, 1.0],
                [0.897563, 0.384199, 0.216267, 0.124994, 0.174216, -0.759676, 0.62653, -0.002831, 0.405006, -0.524672, -0.748792, -1.2e-05, 0.0, 0.0, 0.0, 1.0],
                [0.89622, 0.381805, 0.22586, 0.124994, 0.171229, -0.767423, 0.617851, -0.002831, 0.40923, -0.515056, -0.753158, -1.2e-05, 0.0, 0.0, 0.0, 1.0],
                [0.894747, 0.379669, 0.235114, 0.124994, 0.168537, -0.774638, 0.609531, -0.002831, 0.413549, -0.50575, -0.757095, -1.2e-05, 0.0, 0.0, 0.0, 1.0],
                [0.893144, 0.377825, 0.244013, 0.124994, 0.166139, -0.781296, 0.601641, -0.002831, 0.417962, -0.496811, -0.760583, -1.2e-05, 0.0, 0.0, 0.0, 1.0],
                [0.891412, 0.376306, 0.252544, 0.124994, 0.164033, -0.787374, 0.59425, -0.002831, 0.422467, -0.488295, -0.763602, -1.2e-05, 0.0, 0.0, 0.0, 1.0],
                [0.889681, 0.374931, 0.260562, 0.124994, 0.162161, -0.79295, 0.58731, -0.002831, 0.426814, -0.480265, -0.766273, -1.2e-05, 0.0, 0.0, 0.0, 1.0],
                [0.888093, 0.37352, 0.267906, 0.124994, 0.160472, -0.798094, 0.580769, -0.002831, 0.430743, -0.472784, -0.768723, -1.2e-05, 0.0, 0.0, 0.0, 1.0],
                [0.886656, 0.372115, 0.274537, 0.124994, 0.158966, -0.802774, 0.574701, -0.002831, 0.434247, -0.46592, -0.77094, -1.2e-05, 0.0, 0.0, 0.0, 1.0],
                [0.885381, 0.370764, 0.280415, 0.124994, 0.157649, -0.806949, 0.569191, -0.002831, 0.437316, -0.459743, -0.77291, -1.2e-05, 0.0, 0.0, 0.0, 1.0],
                [0.88428, 0.369513, 0.285496, 0.124994, 0.156523, -0.810581, 0.56432, -0.002831, 0.439942, -0.45433, -0.774619, -1.2e-05, 0.0, 0.0, 0.0, 1.0],
