{
    "animation": [
        {
            "name": "Root",
            "time": [0.0, 0.0111, 0.0222, 0.0333, 0.0444, 0.0556, 0.0667, 0.0778, 0.0889, 0.1, 0.1111, 0.1222, 0.1333, 0.1444, 0.1556, 0.1667, 0.1778, 0.1889, 0.2, 0.2111, 0.2222, 0.2333, 0.2444, 0.2556, 0.2667, 0.2778, 0.2889, 0.3, 0.3111, 0.3222, 0.3333, 0.3444, 0.3556, 0.3667, 0.3778, 0.3889, 0.4, 0.4111, 0.4222, 0.4333, 0.4444, 0.4556, 0.4667, 0.4778, 0.4889, 0.5, 0.5111, 0.5222, 0.5333, 0.5444, 0.5556, 0.5667, 0.5778, 0.5889, 0.6, 0.6111, 0.6222, 0.6333, 0.6444, 0.6556, 0.6667, 0.6778, 0.6889, 0.7, 0.7111, 0.7222, 0.7333, 0.7444, 0.7556, 0.7667, 0.7778, 0.7889, 0.8, 0.8111, 0.8222, 0.8333, 0.8444, 0.8556, 0.8667, 0.8778, 0.8889],
            "transform": [
                [0.884215, 0.0, 0.467081, -5e-06, 0.467081, 0.0, -0.884215, 0.000946, 0.0, 1.0, 0.0, 0.725456, 0.0, 0.0, 0.0, 1.0],
                [0.884215, 0.0, 0.467081, -5e-06, 0.467081, 0.0, -0.884215, 0.000946, 0.0, 1.0, 0.0, 0.725456, 0.0, 0.0, 0.0, 1.0],
                [0.884215, 0.0, 0.467081, -5e-06, 0.467081, 0.0, -0.884215, 0.000946, 0.0, 1.0, 0.0, 0.725456, 0.0, 0.0, 0.0, 1.0],
                [0.884215, 0.0, 0.467081, -5e-06, 0.467081, 0.0, -0.884215, 0.000946, 0.0, 1.0, 0.0, 0.725456, 0.0, 0.0, 0.0, 1.0],
                [0.878345, 0.0, 0.478028, -5e-06, 0.478028, 0.0, -0.878345, 0.01459, 0.0, 1.0, 0.0, 0.737573, 0.0, 0.0, 0.0, 1.0],
                [0.862199, 0.0, 0.50657, -5e-06, 0.50657, 0.0, -0.862199, 0.052505, 0.0, 1.0, 0.0, 0.769518, 0.0, 0.0, 0.0, 1.0],
                [0.837746, 0.0, 0.54606, -5e-06, 0.54606, 0.0, -0.837746, 0.110163, 0.0, 1.0, 0.0, 0.814681, 0.0, 0.0, 0.0, 1.0],
                [0.807455, 0.0, 0.589929, -5e-06, 0.589929, 0.0, -0.807455, 0.183038, 0.0, 1.0, 0.0, 0.866454, 0.0, 0.0, 0.0, 1.0],
                [0.774869, 0.0, 0.632122, -5e-06, 0.632122, 0.0, -0.774869, 0.266603, 0.0, 1.0, 0.0, 0.918226, 0.0, 0.0, 0.0, 1.0],
                [0.74468, 0.0, 0.667422, -5e-06, 0.667422, 0.0, -0.74468, 0.356331, 0.0, 1.0, 0.0, 0.963389, 0.0, 0.0, 0.0, 1.0],
                [0.722396, 0.0, 0.69148, -5e-06, 0.69148, 0.0, -0.722396, 0.447697, 0.0, 1.0, 0.0, 0.995334, 0.0, 0.0, 0.0, 1.0],
                [0.713751, 0.0, 0.700399, -5e-06, 0.700399, 0.0, -0.713751, 0.536172, 0.0, 1.0, 0.0, 1.007451, 0.0, 0.0, 0.0, 1.0],
                [0.713751, 0.0, 0.700399, -5e-06, 0.700399, 0.0, -0.713751, 0.618536, 0.0, 1.0, 0.0, 0.999307, 0.0, 0.0, 0.0, 1.0],
                [0.713751, 0.0, 0.700399, -5e-06, 0.700399, 0.0, -0.713751, 0.696793, 0.0, 1.0, 0.0, 0.979885, 0.0, 0.0, 0.0, 1.0],
                [0.713751, 0.0, 0.700399, -5e-06, 0.700399, 0.0, -0.713751, 0.77425, 0.0, 1.0, 0.0, 0.956704, 0.0, 0.0, 0.0, 1.0],
                [0.713751, 0.0, 0.700399, -5e-06, 0.700399, 0.0, -0.713751, 0.854216, 0.0, 1.0, 0.0, 0.937283, 0.0, 0.0, 0.0, 1.0],
                [0.713751, 0.0, 0.700399, -5e-06, 0.700399, 0.0, -0.713751, 0.939999, 0.0, 1.0, 0.0, 0.929138, 0.0, 0.0, 0.0, 1.0],
                [0.713751, 0.0, 0.700399, -5e-06, 0.700399, 0.0, -0.713751, 1.034074, 0.0, 1.0, 0.0, 0.945443, 0.0, 0.0, 0.0, 1.0],
                [0.713751, 0.0, 0.700399, -5e-06, 0.700399, 0.0, -0.713751, 1.135579, 0.0, 1.0, 0.0, 0.981315, 0.0, 0.0, 0.0, 1.0],
                [0.713751, 0.0, 0.700399, -5e-06, 0.700399, 0.0, -0.713751, 1.24282, 0.0, 1.0, 0.0, 1.017186, 0.0, 0.0, 0.0, 1.0],
                [0.713751, 0.0, 0.700399, -5e-06, 0.700399, 0.0, -0.713751, 1.354098, 0.0, 1.0, 0.0, 1.033491, 0.0, 0.0, 0.0, 1.0],
                [0.713751, 0.0, 0.700399, -5e-06, 0.700399, 0.0, -0.713751, 1.467318, 0.0, 1.0, 0.0, 1.020206, 0.0, 0.0, 0.0, 1.0],
                [0.713751, 0.0, 0.700399, -5e-06, 0.700399, 0.0, -0.713751, 1.578773, 0.0, 1.0, 0.0, 0.984613, 0.0, 0.0, 0.0, 1.0],
                [0.713751, 0.0, 0.700399, -5e-06, 0.700399, 0.0, -0.713751, 1.684353, 0.0, 1.0, 0.0, 0.933102, 0.0, 0.0, 0.0, 1.0],
                [0.713751, 0.0, 0.700399, -5e-06, 0.700399, 0.0, -0.713751, 1.77995, 0.0, 1.0, 0.0, 0.872065, 0.0, 0.0, 0.0, 1.0],
                [0.713751, 0.0, 0.700399, -5e-06, 0.700399, 0.0, -0.713751, 1.861455, 0.0, 1.0, 0.0, 0.807893, 0.0, 0.0, 0.0, 1.0],
                [0.713751, 0.0, 0.700399, -5e-06, 0.700399, 0.0, -0.713751, 1.92476, 0.0, 1.0, 0.0, 0.746977, 0.0, 0.0, 0.0, 1.0],
                [0.713751, 0.0, 0.700399, -5e-06, 0.700399, 0.0, -0.713751, 1.965756, 0.0, 1.0, 0.0, 0.695709, 0.0, 0.0, 0.0, 1.0],
                [0.713751, 0.0, 0.700399, -5e-06, 0.700399, 0.0, -0.713751, 1.980334, 0.0, 1.0, 0.0, 0.660479, 0.0, 0.0, 0.0, 1.0],
                [0.713751, 0.0, 0.700399, -5e-06, 0.700399, 0.0, -0.713751, 1.980334, 0.0, 1.0, 0.0, 0.642672, 0.0, 0.0, 0.0, 1.0],
                [0.713751, 0.0, 0.700399, -5e-06, 0.700399, 0.0, -0.713751, 1.980334, 0.0, 1.0, 0.0, 0.623643, 0.0, 0.0, 0.0, 1.0],
                [0.713751, 0.0, 0.700399, -5e-06, 0.700399, 0.0, -0.713751, 1.980334, 0.0, 1.0, 0.0, 0.590122, 0.0, 0.0, 0.0, 1.0],
                [0.713751, 0.0, 0.700399, -5e-06, 0.700399, 0.0, -0.713751, 1.980334, 0.0, 1.0, 0.0, 0.570363, 0.0, 0.0, 0.0, 1.0],
                [0.713751, 0.0, 0.700399, -5e-06, 0.700399, 0.0, -0.713751, 1.980334, 0.0, 1.0, 0.0, 0.606686, 0.0, 0.0, 0.0, 1.0],
                [0.713751, 0.0, 0.700399, -5e-06, 0.700399, 0.0, -0.713751, 1.980334, 0.0, 1.0, 0.0, 0.606686, 0.0, 0.0, 0.0, 1.0],
                [0.713751, 0.0, 0.700399, -5e-06, 0.700399, 0.0, -0.713751, 1.980334, 0.0, 1.0, 0.0, 0.606686, 0.0, 0.0, 0.0, 1.0],
                [0.713751, 0.0, 0.700399, -5e-06, 0.700399, 0.0, -0.713751, 1.980334, 0.0, 1.0, 0.0, 0.606686, 0.0, 0.0, 0.0, 1.0],
                [0.713751, 0.0, 0.700399, -5e-06, 0.700399, 0.0, -0.713751, 1.980334, 0.0, 1.0, 0.0, 0.606686, 0.0, 0.0, 0.0, 1.0],
                [0.713751, 0.0, 0.700399, -5e-06, 0.700399, 0.0, -0.713751, 1.980334, 0.0, 1.0, 0.0, 0.606686, 0.0, 0.0, 0.0, 1.0],
                [0.713751, 0.0, 0.700399, -5e-06, 0.700399, 0.0, -0.713751, 1.980334, 0.0, 1.0, 0.0, 0.606686, 0.0, 0.0, 0.0, 1.0],
                [0.713751, 0.0, 0.700399, -5e-06, 0.700399, 0.0, -0.713751, 1.980334, 0.0, 1.0, 0.0, 0.606686, 0.0, 0.0, 0.0, 1.0],
                [0.713751, 0.0, 0.700399, -5e-06, 0.700399, 0.0, -0.713751, 1.980334, 0.0, 1.0, 0.0, 0.606686, 0.0, 0.0, 0.0, 1.0],
                [0.713751, 0.0, 0.700399, -5e-06, 0.700399, 0.0, -0.713751, 1.980334, 0.0, 1.0, 0.0, 0.606686, 0.0, 0.0, 0.0, 1.0],
                [0.713751, 0.0, 0.700399, -5e-06, 0.700399, 0.0, -0.713751, 1.980334, 0.0, 1.0, 0.0, 0.606686, 0.0, 0.0, 0.0, 1.0],
                [0.713751, 0.0, 0.700399, -5e-06, 0.700399, 0.0, -0.713751, 1.980334, 0.0, 1.0, 0.0, 0.606686, 0.0, 0.0, 0.0, 1.0],
                [0.713751, 0.0, 0.700399, -5e-06, 0.700399, 0.0, -0.713751, 1.980334, 0.0, 1.0, 0.0, 0.606686, 0.0, 0.0, 0.0, 1.0],
                [0.713751, 0.0, 0.700399, -5e-06, 0.700399, 0.0, -0.713751, 1.980334, 0.0, 1.0, 0.0, 0.606686, 0.0, 0.0, 0.0, 1.0],
                [0.713751, 0.0, 0.700399, -5e-06, 0.700399, 0.0, -0.713751, 1.980334, 0.0, 1.0, 0.0, 0.606686, 0.0, 0.0, 0.0, 1.0],
                [0.713751, 0.0, 0.700399, -5e-06, 0.700399, 0.0, -0.713751, 1.980334, 0.0, 1.0, 0.0, 0.606686, 0.0, 0.0, 0.0, 1.0],
                [0.713751, 0.0, 0.700399, -5e-06, 0.700399, 0.0, -0.713751, 1.980334, 0.0, 1.0, 0.0, 0.606686, 0.0, 0.0, 0.0, 1.0],
                [0.713751, 0.0, 0.700399, -5e-06, 0.700399, 0.0, -0.713751, 1.980334, 0.0, 1.0, 0.0, 0.606686, 0.0, 0.0, 0.0, 1.0],
                [0.715899, 0.0, 0.698204, -5e-06, 0.698204, 0.0, -0.715899, 1.982438, 0.0, 1.0, 0.0, 0.607131, 0.0, 0.0, 0.0, 1.0],
                [0.722116, 0.0, 0.691772, -5e-06, 0.691772, 0.0, -0.722116, 1.988556, 0.0, 1.0, 0.0, 0.608424, 0.0, 0.0, 0.0, 1.0],
                [0.732028, 0.0, 0.681274, -5e-06, 0.681274, 0.0, -0.732028, 1.998404, 0.0, 1.0, 0.0, 0.610504, 0.0, 0.0, 0.0, 1.0],
                [0.745215, 0.0, 0.666824, -5e-06, 0.666824, 0.0, -0.745215, 2.011693, 0.0, 1.0, 0.0, 0.613312, 0.0, 0.0, 0.0, 1.0],
                [0.761214, 0.0, 0.6485, -5e-06, 0.6485, 0.0, -0.761214, 2.028137, 0.0, 1.0, 0.0, 0.616787, 0.0, 0.0, 0.0, 1.0],
                [0.77953, 0.0, 0.626365, -5e-06, 0.626365, 0.0, -0.77953, 2.047449, 0.0, 1.0, 0.0, 0.620867, 0.0, 0.0, 0.0, 1.0],
                [0.799634, 0.0, 0.600488, -5e-06, 0.600488, 0.0, -0.799634, 2.069342, 0.0, 1.0, 0.0, 0.625493, 0.0, 0.0, 0.0, 1.0],
                [0.820975, 0.0, 0.570964, -5e-06, 0.570964, 0.0, -0.820975, 2.09353, 0.0, 1.0, 0.0, 0.630604, 0.0, 0.0, 0.0, 1.0],
                [0.842989, 0.0, 0.537931, -5e-06, 0.537931, 0.0, -0.842989, 2.119726, 0.0, 1.0, 0.0, 0.636139, 0.0, 0.0, 0.0, 1.0],
                [0.86511, 0.0, 0.501583, -5e-06, 0.501583, 0.0, -0.86511, 2.147643, 0.0, 1.0, 0.0, 0.642038, 0.0, 0.0, 0.0, 1.0],
                [0.886786, 0.0, 0.462179, -5e-06, 0.462179, 0.0, -0.886786, 2.176993, 0.0, 1.0, 0.0, 0.648239, 0.0, 0.0, 0.0, 1.0],
                [0.907498, 0.0, 0.420057, -5e-06, 0.420057, 0.0, -0.907498, 2.207491, 0.0, 1.0, 0.0, 0.654683, 0.0, 0.0, 0.0, 1.0],
                [0.926772, 0.0, 0.375624, -5e-06, 0.375624, 0.0, -0.926772, 2.238849, 0.0, 1.0, 0.0, 0.661309, 0.0, 0.0, 0.0, 1.0],
                [0.944204, 0.0, 0.32936, -5e-06, 0.32936, 0.0, -0.944204, 2.270781, 0.0, 1.0, 0.0, 0.668056, 0.0, 0.0, 0.0, 1.0],
                [0.959471, 0.0, 0.281806, -5e-06, 0.281806, 0.0, -0.959471, 2.303, 0.0, 1.0, 0.0, 0.674864, 0.0, 0.0, 0.0, 1.0],
                [0.972345, 0.0, 0.233549, -5e-06, 0.233549, 0.0, -0.972345, 2.335219, 0.0, 1.0, 0.0, 0.681671, 0.0, 0.0, 0.0, 1.0],
                [0.9827, 0.0, 0.185207, -5e-06, 0.185207, 0.0, -0.9827, 2.367151, 0.0, 1.0, 0.0, 0.688418, 0.0, 0.0, 0.0, 1.0],
                [0.990515, 0.0, 0.137408, -5e-06, 0.137408, 0.0, -0.990515, 2.398509, 0.0, 1.0, 0.0, 0.695044, 0.0, 0.0, 0.0, 1.0],
                [0.995871, 0.0, 0.090776, -5e-06, 0.090776, 0.0, -0.995871, 2.429007, 0.0, 1.0, 0.0, 0.701488, 0.0, 0.0, 0.0, 1.0],
                [0.998946, 0.0, 0.045909, -5e-06, 0.045909, 0.0, -0.998946, 2.458357, 0.0, 1.0, 0.0, 0.70769, 0.0, 0.0, 0.0, 1.0],
                [0.999994, 0.0, 0.003371, -5e-06, 0.003371, 0.0, -0.999994, 2.486274, 0.0, 1.0, 0.0, 0.713588, 0.0, 0.0, 0.0, 1.0],
                [0.99934, 0.0, -0.03632, -5e-06, -0.03632, 0.0, -0.99934, 2.51247, 0.0, 1.0, 0.0, 0.719123, 0.0, 0.0, 0.0, 1.0],
                [0.997354, 0.0, -0.072695, -5e-06, -0.072695, 0.0, -0.997354, 2.536657, 0.0, 1.0, 0.0, 0.724234, 0.0, 0.0, 0.0, 1.0],
                [0.994437, 0.0, -0.105333, -5e-06, -0.105333, 0.0, -0.994437, 2.558551, 0.0, 1.0, 0.0, 0.72886, 0.0, 0.0, 0.0, 1.0],
                [0.991001, 0.0, -0.133857, -5e-06, -0.133857, 0.0, -0.991001, 2.577863, 0.0, 1.0, 0.0, 0.732941, 0.0, 0.0, 0.0, 1.0],
                [0.987451, 0.0, -0.157924, -5e-06, -0.157924, 0.0, -0.987451, 2.594307, 0.0, 1.0, 0.0, 0.736415, 0.0, 0.0, 0.0, 1.0],
                [0.984173, 0.0, -0.177209, -5e-06, -0.177209, 0.0, -0.984173, 2.607596, 0.0, 1.0, 0.0, 0.739223, 0.0, 0.0, 0.0, 1.0],
                [0.981512, 0.0, -0.1914, -5e-06, -0.1914, 0.0, -0.981512, 2.617443, 0.0, 1.0, 0.0, 0.741304, 0.0, 0.0, 0.0, 1.0],
                [0.979761, 0.0, -0.200173, -5e-06, -0.200173, 0.0, -0.979761, 2.623562, 0.0, 1.0, 0.0, 0.742597, 0.0, 0.0, 0.0, 1.0],
                [0.979141, 0.0, -0.20318, -5e-06, -0.20318, 0.0, -0.979141, 2.625665, 0.0, 1.0, 0.0, 0.743041, 0.0, 0.0, 0.0, 1.0]
            ]
        },
        {
            "name": "Thigh_R",
            "time": [0.0, 0.0111, 0.0222, 0.0333, 0.0444, 0.0556, 0.0667, 0.0778, 0.0889, 0.1, 0.1111, 0.1222, 0.1333, 0.1444, 0.1556, 0.1667, 0.1778, 0.1889, 0.2, 0.2111, 0.2222, 0.2333, 0.2444, 0.2556, 0.2667, 0.2778, 0.2889, 0.3, 0.3111, 0.3222, 0.3333, 0.3444, 0.3556, 0.3667, 0.3778, 0.3889, 0.4, 0.4111, 0.4222, 0.4333, 0.4444, 0.4556, 0.4667, 0.4778, 0.4889, 0.5, 0.5111, 0.5222, 0.5333, 0.5444, 0.5556, 0.5667, 0.5778, 0.5889, 0.6, 0.6111, 0.6222, 0.6333, 0.6444, 0.6556, 0.6667, 0.6778, 0.6889, 0.7, 0.7111, 0.7222, 0.7333, 0.7444, 0.7556, 0.7667, 0.7778, 0.7889, 0.8, 0.8111, 0.8222, 0.8333, 0.8444, 0.8556, 0.8667, 0.8778, 0.8889],
            "transform": [
                [0.63056, 0.160613, 0.75934, 0.124994, 0.163737, -0.983861, 0.072135, -0.002831, 0.758672, 0.078846, -0.646684, -1.2e-05, 0.0, 0.0, 0.0, 1.0],
                [0.63056, 0.160613, 0.75934, 0.124994, 0.163737, -0.983861, 0.072135, -0.002831, 0.758672, 0.078846, -0.646684, -1.2e-05, 0.0, 0.0, 0.0, 1.0],
                [0.63056, 0.160613, 0.75934, 0.124994, 0.163737, -0.983861, 0.072135, -0.002831, 0.758672, 0.078846, -0.646684, -1.2e-05, 0.0, 0.0, 0.0, 1.0],
                [0.63056, 0.160613, 0.75934, 0.124994, 0.163737, -0.983861, 0.072135, -0.002831, 0.758672, 0.078846, -0.646684, -1.2e-05, 0.0, 0.0, 0.0, 1.0],
                [0.626671, 0.168058, 0.760947, 0.124994, 0.164439, -0.982998, 0.081678, -0.002831, 0.761737, 0.073944, -0.643653, -1.2e-05, 0.0, 0.0, 0.0, 1.0],
                [0.615157, 0.19214, 0.764633, 0.124994, 0.167154, -0.979584, 0.111677, -0.002831, 0.770481, 0.059112, -0.634716, -1.2e-05, 0.0, 0.0, 0.0, 1.0],
                [0.595962, 0.234384, 0.768045, 0.124994, 0.172967, -0.97147, 0.162251, -0.002831, 0.784163, 0.036151, -0.619501, -1.2e-05, 0.0, 0.0, 0.0, 1.0],
                [0.570766, 0.294504, 0.766481, 0.124994, 0.182192, -0.955619, 0.231507, -0.002831, 0.800644, 0.00751, -0.599093, -1.2e-05, 0.0, 0.0, 0.0, 1.0],
                [0.543567, 0.370261, 0.753288, 0.124994, 0.194221, -0.928573, 0.316272, -0.002831, 0.816586, -0.025611, -0.576655, -1.2e-05, 0.0, 0.0, 0.0, 1.0],
                [0.520045, 0.457403, 0.721343, 0.124994, 0.207903, -0.886912, 0.412506, -0.002831, 0.82845, -0.064553, -0.556331, -1.2e-05, 0.0, 0.0, 0.0, 1.0],
                [0.506733, 0.549478, 0.6643, 0.124994, 0.221854, -0.827719, 0.515422, -0.002831, 0.833068, -0.113804, -0.541338, -1.2e-05, 0.0, 0.0, 0.0, 1.0],
                [0.510298, 0.637316, 0.577428, 0.124994, 0.234504, -0.749102, 0.619558, -0.002831, 0.827408, -0.18075, -0.53172, -1.2e-05, 0.0, 0.0, 0.0, 1.0],
                [0.52883, 0.704243, 0.473687, 0.124994, 0.24039, -0.659543, 0.71219, -0.002831, 0.813973, -0.262757, -0.51808, -1.2e-05, 0.0, 0.0, 0.0, 1.0],
                [0.552129, 0.745273, 0.373791, 0.124994, 0.235793, -0.569592, 0.787379, -0.002831, 0.799722, -0.346597, -0.49022, -1.2e-05, 0.0, 0.0, 0.0, 1.0],
                [0.574504, 0.768494, 0.28171, 0.124994, 0.222418, -0.477803, 0.849844, -0.002831, 0.787703, -0.425581, -0.445427, -1.2e-05, 0.0, 0.0, 0.0, 1.0],
                [0.590141, 0.783156, 0.195954, 0.124994, 0.20452, -0.379843, 0.902159, -0.002831, 0.780964, -0.492324, -0.384333, -1.2e-05, 0.0, 0.0, 0.0, 1.0],
                [0.592528, 0.797237, 0.11542, 0.124994, 0.188268, -0.276366, 0.942432, -0.002831, 0.78324, -0.536686, -0.31385, -1.2e-05, 0.0, 0.0, 0.0, 1.0],
                [0.580194, 0.810809, 0.077206, 0.124994, 0.158409, -0.205316, 0.965791, -0.002831, 0.798925, -0.548115, -0.247563, -1.2e-05, 0.0, 0.0, 0.0, 1.0],
                [0.557875, 0.822816, 0.108379, 0.124994, 0.104922, -0.199466, 0.974272, -0.002831, 0.823266, -0.53215, -0.197609, -1.2e-05, 0.0, 0.0, 0.0, 1.0],
                [0.528684, 0.829107, 0.181858, 0.124994, 0.042192, -0.239652, 0.969942, -0.002831, 0.847769, -0.505119, -0.161683, -1.2e-05, 0.0, 0.0, 0.0, 1.0],
                [0.495598, 0.831379, 0.251377, 0.124994, -0.020193, -0.278312, 0.960279, -0.002831, 0.868317, -0.480987, -0.121144, -1.2e-05, 0.0, 0.0, 0.0, 1.0],
                [0.459619, 0.842883, 0.279815, 0.124994, -0.080113, -0.274432, 0.958264, -0.002831, 0.884496, -0.462852, -0.058608, -1.2e-05, 0.0, 0.0, 0.0, 1.0],
                [0.427702, 0.857609, 0.285615, 0.124994, -0.128549, -0.255053, 0.958344, -0.002831, 0.894732, -0.446601, 0.001158, -1.2e-05, 0.0, 0.0, 0.0, 1.0],
                [0.417984, 0.858581, 0.296859, 0.124994, -0.139184, -0.262391, 0.954872, -0.002831, 0.897729, -0.440438, 0.009825, -1.2e-05, 0.0, 0.0, 0.0, 1.0],
                [0.437538, 0.825244, 0.357113, 0.124994, -0.101284, -0.349387, 0.931489, -0.002831, 0.893477, -0.443731, -0.069286, -1.2e-05, 0.0, 0.0, 0.0, 1.0],
                [0.4513, 0.724104, 0.521536, 0.124994, -0.07668, -0.550808, 0.831102, -0.002831, 0.889071, -0.415067, -0.193056, -1.2e-05, 0.0, 0.0, 0.0, 1.0],
                [0.456465, 0.550705, 0.69883, 0.124994, -0.074327, -0.759081, 0.646738, -0.002831, 0.886631, -0.347155, -0.305562, -1.2e-05, 0.0, 0.0, 0.0, 1.0],
                [0.468554, 0.567634, 0.676941, 0.124994, -0.0652, -0.741949, 0.667277, -0.002831, 0.881026, -0.356791, -0.310634, -1.2e-05, 0.0, 0.0, 0.0, 1.0],
                [0.487868, 0.666947, 0.563175, 0.124994, -0.047656, -0.62385, 0.780089, -0.002831, 0.871616, -0.407418, -0.272573, -1.2e-05, 0.0, 0.0, 0.0, 1.0],
                [0.504308, 0.69807, 0.508302, 0.124994, -0.031429, -0.573408, 0.818667, -0.002831, 0.862952, -0.428835, -0.267235, -1.2e-05, 0.0, 0.0, 0.0, 1.0],
                [0.514714, 0.727645, 0.453431, 0.124994, -0.014767, -0.521264, 0.853268, -0.002831, 0.857234, -0.445884, -0.257557, -1.2e-05, 0.0, 0.0, 0.0, 1.0],
                [0.512034, 0.773681, 0.373144, 0.124994, -0.004263, -0.432116, 0.901808, -0.002831, 0.858954, -0.463346, -0.217961, -1.2e-05, 0.0, 0.0, 0.0, 1.0],
                [0.497412, 0.802102, 0.330471, 0.124994, -0.001266, -0.380267, 0.924876, -0.002831, 0.867513, -0.460462, -0.188134, -1.2e-05, 0.0, 0.0, 0.0, 1.0],
                [0.481932, 0.77057, 0.417087, 0.124994, -0.000412, -0.475813, 0.879547, -0.002831, 0.876209, -0.424053, -0.228992, -1.2e-05, 0.0, 0.0, 0.0, 1.0],
                [0.476148, 0.774264, 0.416889, 0.124994, 0.003643, -0.475811, 0.87954, -0.002831, 0.879357, -0.417272, -0.229378, -1.2e-05, 0.0, 0.0, 0.0, 1.0],
                [0.508968, 0.763774, 0.396986, 0.124994, 0.029172, -0.47623, 0.878837, -0.002831, 0.86029, -0.435719, -0.264667, -1.2e-05, 0.0, 0.0, 0.0, 1.0],
                [0.508969, 0.763774, 0.396986, 0.124994, 0.029172, -0.47623, 0.878837, -0.002831, 0.86029, -0.435719, -0.264667, -1.2e-05, 0.0, 0.0, 0.0, 1.0],
                [0.508969, 0.763774, 0.396986, 0.124994, 0.029172, -0.47623, 0.878837, -0.002831, 0.86029, -0.435719, -0.264667, -1.2e-05, 0.0, 0.0, 0.0, 1.0],
                [0.508969, 0.763774, 0.396986, 0.124994, 0.029172, -0.47623, 0.878837, -0.002831, 0.86029, -0.435719, -0.264667, -1.2e-05, 0.0, 0.0, 0.0, 1.0],
                [0.508969, 0.763774, 0.396986, 0.124994, 0.029172, -0.47623, 0.878837, -0.002831, 0.86029, -0.435719, -0.264667, -1.2e-05, 0.0, 0.0, 0.0, 1.0],
                [0.508969, 0.763774, 0.396986, 0.124994, 0.029172, -0.47623, 0.878837, -0.002831, 0.86029, -0.435719, -0.264667, -1.2e-05, 0.0, 0.0, 0.0, 1.0],
                [0.508969, 0.763774, 0.396986, 0.124994, 0.029172, -0.47623, 0.878837, -0.002831, 0.86029, -0.435719, -0.264667, -1.2e-05, 0.0, 0.0, 0.0, 1.0],
                [0.508969, 0.763774, 0.396986, 0.124994, 0.029172, -0.47623, 0.878837, -0.002831, 0.86029, -0.435719, -0.264667, -1.2e-05, 0.0, 0.0, 0.0, 1.0],
                [0.508969, 0.763774, 0.396986, 0.124994, 0.029172, -0.47623, 0.878837, -0.002831, 0.86029, -0.435719, -0.264667, -1.2e-05, 0.0, 0.0, 0.0, 1.0],
                [0.508969, 0.763774, 0.396986, 0.124994, 0.029172, -0.47623, 0.878837, -0.002831, 0.86029, -0.435719, -0.264667, -1.2e-05, 0.0, 0.0, 0.0, 1.0],
                [0.508969, 0.763774, 0.396986, 0.124994, 0.029172, -0.47623, 0.878837, -0.002831, 0.86029, -0.435719, -0.264667, -1.2e-05, 0.0, 0.0, 0.0, 1.0],
                [0.508969, 0.763774, 0.396986, 0.124994, 0.029172, -0.47623, 0.878837, -0.002831, 0.86029, -0.435719, -0.264667, -1.2e-05, 0.0, 0.0, 0.0, 1.0],
                [0.508969, 0.763774, 0.396986, 0.124994, 0.029172, -0.47623, 0.878837, -0.002831, 0.86029, -0.435719, -0.264667, -1.2e-05, 0.0, 0.0, 0.0, 1.0],
                [0.508969, 0.763774, 0.396986, 0.124994, 0.029172, -0.47623, 0.878837, -0.002831, 0.86029, -0.435719, -0.264667, -1.2e-05, 0.0, 0.0, 0.0, 1.0],
                [0.508969, 0.763774, 0.396986, 0.124994, 0.029172, -0.47623, 0.878837, -0.002831, 0.86029, -0.435719, -0.264667, -1.2e-05, 0.0, 0.0, 0.0, 1.0],
                [0.508969, 0.763774, 0.396986, 0.124994, 0.029172, -0.47623, 0.878837, -0.002831, 0.86029, -0.435719, -0.264667, -1.2e-05, 0.0, 0.0, 0.0, 1.0],
                [0.51055, 0.762132, 0.39811, 0.124994, 0.028526, -0.477757, 0.878029, -0.002831, 0.859374, -0.43692, -0.265661, -1.2e-05, 0.0, 0.0, 0.0, 1.0],
                [0.515143, 0.757297, 0.401406, 0.124994, 0.026694, -0.482275, 0.875613, -0.002831, 0.856688, -0.44035, -0.268657, -1.2e-05, 0.0, 0.0, 0.0, 1.0],
                [0.522507, 0.74934, 0.406786, 0.124994, 0.023892, -0.489772, 0.871523, -0.002831, 0.8523, -0.445657, -0.273813, -1.2e-05, 0.0, 0.0, 0.0, 1.0],
                [0.532388, 0.738265, 0.414158, 0.124994, 0.020398, -0.500304, 0.865609, -0.002831, 0.846254, -0.452391, -0.281415, -1.2e-05, 0.0, 0.0, 0.0, 1.0],
                [0.544523, 0.724043, 0.423385, 0.124994, 0.016528, -0.513947, 0.857662, -0.002831, 0.838583, -0.460018, -0.291823, -1.2e-05, 0.0, 0.0, 0.0, 1.0],
                [0.558635, 0.706648, 0.434252, 0.124994, 0.012619, -0.530745, 0.847438, -0.002831, 0.829317, -0.467928, -0.30541, -1.2e-05, 0.0, 0.0, 0.0, 1.0],
                [0.574438, 0.686085, 0.446437, 0.124994, 0.009013, -0.550669, 0.834675, -0.002831, 0.818498, -0.475444, -0.32251, -1.2e-05, 0.0, 0.0, 0.0, 1.0],
                [0.591641, 0.662429, 0.459508, 0.124994, 0.006042, -0.573593, 0.819118, -0.002831, 0.806179, -0.481846, -0.343364, -1.2e-05, 0.0, 0.0, 0.0, 1.0],
                [0.609942, 0.635846, 0.472937, 0.124994, 0.004009, -0.599273, 0.800534, -0.002831, 0.792436, -0.486383, -0.368072, -1.2e-05, 0.0, 0.0, 0.0, 1.0],
                [0.62904, 0.606622, 0.486123, 0.124994, 0.003186, -0.627347, 0.778733, -0.002831, 0.777365, -0.488305, -0.39656, -1.2e-05, 0.0, 0.0, 0.0, 1.0],
                [0.648633, 0.575171, 0.498451, 0.124994, 0.003794, -0.657341, 0.753583, -0.002831, 0.761092, -0.486907, -0.428556, -1.1e-05, 0.0, 0.0, 0.0, 1.0],
                [0.668421, 0.542027, 0.509331, 0.124994, 0.006005, -0.688694, 0.725027, -0.002831, 0.743758, -0.481564, -0.463593, -1.2e-05, 0.0, 0.0, 0.0, 1.0],
                [0.688115, 0.507833, 0.518268, 0.124994, 0.009928, -0.720782, 0.69309, -0.002831, 0.725533, -0.471779, -0.501024, -1.2e-05, 0.0, 0.0, 0.0, 1.0],
                [0.707437, 0.473295, 0.524902, 0.124994, 0.01561, -0.752953, 0.657888, -0.002831, 0.706603, -0.45722, -0.540056, -1.2e-05, 0.0, 0.0, 0.0, 1.0],
                [0.726131, 0.439137, 0.529048, 0.124994, 0.023031, -0.784563, 0.61962, -0.002831, 0.687171, -0.43774, -0.57981, -1.2e-05, 0.0, 0.0, 0.0, 1.0],
                [0.743962, 0.406041, 0.530708, 0.124994, 0.032102, -0.815008, 0.578558, -0.002831, 0.66745, -0.413388, -0.619371, -1.1e-05, 0.0, 0.0, 0.0, 1.0],
                [0.760728, 0.374595, 0.530067, 0.124994, 0.042671, -0.843749, 0.535036, -0.002831, 0.647666, -0.384398, -0.657849, -1.1e-05, 0.0, 0.0, 0.0, 1.0],
                [0.776261, 0.345249, 0.527467, 0.124994, 0.054523, -0.870334, 0.489432, -0.002831, 0.628049, -0.351167, -0.694432, -1.2e-05, 0.0, 0.0, 0.0, 1.0],
                [0.790433, 0.318277, 0.523369, 0.124994, 0.06739, -0.894408, 0.442143, -0.002831, 0.60883, -0.314214, -0.72842, -1.1e-05, 0.0, 0.0, 0.0, 1.0],
                [0.803159, 0.293771, 0.518299, 0.124994, 0.080959, -0.915719, 0.393575, -0.002831, 0.590237, -0.274142, -0.759253, -1.1e-05, 0.0, 0.0, 0.0, 1.0],
                [0.814397, 0.27164, 0.512804, 0.124994, 0.094882, -0.934114, 0.34413, -0.002831, 0.572498, -0.231602, -0.786515, -1.2e-05, 0.0, 0.0, 0.0, 1.0],
                [0.824147, 0.251637, 0.507405, 0.124994, 0.108794, -0.949531, 0.294196, -0.002831, 0.555828, -0.187258, -0.809932, -1.2e-05, 0.0, 0.0, 0.0, 1.0],
                [0.832446, 0.233393, 0.502555, 0.124994, 0.122314, -0.961989, 0.244157, -0.002831, 0.540437, -0.141778, -0.829353, -1.2e-05, 0.0, 0.0, 0.0, 1.0],
                [0.839361, 0.216463, 0.498614, 0.124994, 0.135071, -0.971574, 0.194415, -0.002831, 0.526525, -0.095836, -0.844741, -1.2e-05, 0.0, 0.0, 0.0, 1.0],
                [0.844983, 0.200392, 0.495829, 0.124994, 0.146701, -0.97843, 0.145434, -0.002831, 0.514279, -0.050151, -0.856156, -1.2e-05, 0.0, 0.0, 0.0, 1.0],
                [0.849412, 0.184803, 0.494314, 0.124994, 0.156861, -0.982758, 0.097867, -0.002831, 0.503878, -0.005591, -0.863757, -1.2e-05, 0.0, 0.0, 0.0, 1.0],
                [0.852749, 0.169576, 0.494026, 0.124994, 0.165232, -0.984837, 0.052838, -0.002831, 0.495496, 0.036572, -0.86784, -1.2e-05, 0.0, 0.0, 0.0, 1.0],
                [0.855082, 0.15512, 0.494745, 0.124994, 0.171522, -0.9851, 0.012417, -0.002831, 0.4893, 0.074241, -0.86895, -1.3e-05, 0.0, 0.0, 0.0, 1.0],
                [0.856471, 0.143257, 0.495918, 0.124994, 0.175465, -0.984306, -0.018697, -0.002831, 0.485457, 0.103029, -0.868169, -1.2e-05, 0.0, 0.0, 0.0, 1.0],
                [0.856938, 0.138252, 0.496532, 0.124994, 0.176827, -0.983744, -0.031266, -0.002831, 0.484138, 0.114593, -0.867456, -1.2e-05, 0.0, 0.0, 0.0, 1.0]
            ]
        },
        {
            "name": "Leg_R",
            "time": [0.0, 0.0111, 0.0222, 0.0333, 0.0444, 0.0556, 0.0667, 0.0778, 0.0889, 0.1, 0.1111, 0.1222, 0.1333, 0.1444, 0.1556, 0.1667, 0.1778, 0.1889, 0.2, 0.2111, 0.2222, 0.2333, 0.2444, 0.2556, 0.2667, 0.2778, 0.2889, 0.3, 0.3111, 0.3222, 0.3333, 0.3444, 0.3556, 0.3667, 0.3778, 0.3889, 0.4, 0.4111, 0.4222, 0.4333, 0.4444, 0.4556, 0.4667, 0.4778, 0.4889, 0.5, 0.5111, 0.5222, 0.5333, 0.5444, 0.5556, 0.5667, 0.5778, 0.5889, 0.6, 0.6111, 0.6222, 0.6333, 0.6444, 0.6556, 0.6667, 0.6778, 0.6889, 0.7, 0.7111, 0.7222, 0.7333, 0.7444, 0.7556, 0.7667, 0.7778, 0.7889, 0.8, 0.8111, 0.8222, 0.8333, 0.8444, 0.8556, 0.8667, 0.8778, 0.8889],
            "transform": [
                [1.0, -0.0, 1e-06, 0.0, -0.0, 0.895777, 0.444507, 0.374726, -1e-06, -0.444509, 0.895773, -0.0, 0.0, 0.0, 0.0, 1.0],
                [1.0, -0.0, 1e-06, -0.0, -0.0, 0.895777, 0.444507, 0.374726, -1e-06, -0.444509, 0.895773, 0.0, 0.0, 0.0, 0.0, 1.0],
                [1.0, -0.0, 1e-06, -0.0, -0.0, 0.895777, 0.444507, 0.374726, -1e-06, -0.444509, 0.895773, 0.0, 0.0, 0.0, 0.0, 1.0],
                [1.0, -0.0, 1e-06, -0.0, -0.0, 0.895777, 0.444507, 0.374726, -1e-06, -0.444509, 0.895773, -0.0, 0.0, 0.0, 0.0, 1.0],
                [1.0, -0.0, 1e-06, 0.0, -0.0, 0.894247, 0.447576, 0.374726, -1e-06, -0.447579, 0.894243, 0.0, 0.0, 0.0, 0.0, 1.0],
                [1.0, -0.0, 1e-06, 0.0, -0.0, 0.886161, 0.463381, 0.374726, -1e-06, -0.463383, 0.886157, 0.0, 0.0, 0.0, 0.0, 1.0],
                [1.0, -0.0, 1e-06, -0.0, -0.0, 0.867278, 0.497827, 0.374726, -1e-06, -0.49783, 0.867273, 0.0, 0.0, 0.0, 0.0, 1.0],
                [1.0, -0.0, 1e-06, 0.0, -0.0, 0.833179, 0.553004, 0.374726, -1e-06, -0.553007, 0.833175, -0.0, 0.0, 0.0, 0.0, 1.0],
                [1.0, -0.0, 1e-06, 0.0, -0.0, 0.778039, 0.628217, 0.374726, -1e-06, -0.62822, 0.778035, -0.0, 0.0, 0.0, 0.0, 1.0],
                [1.0, -0.0, 1e-06, 0.0, -0.0, 0.694239, 0.719744, 0.374726, -1e-06, -0.719747, 0.694236, -0.0, 0.0, 0.0, 0.0, 1.0],
                [1.0, -1e-06, 1e-06, 0.0, -0.0, 0.572973, 0.819573, 0.374726, -1e-06, -0.819576, 0.572971, -0.0, 0.0, 0.0, 0.0, 1.0],
                [1.0, -1e-06, 1e-06, 0.0, -0.0, 0.406029, 0.913859, 0.374726, -1e-06, -0.913861, 0.406029, -0.0, 0.0, 0.0, 0.0, 1.0],
                [1.0, -1e-06, 0.0, 0.0, -0.0, 0.207109, 0.978317, 0.374726, -1e-06, -0.978319, 0.207108, -0.0, 0.0, 0.0, 0.0, 1.0],
                [1.0, -1e-06, 0.0, 0.0, -0.0, 0.013463, 0.999908, 0.374726, -1e-06, -0.99991, 0.013463, 0.0, 0.0, 0.0, 0.0, 1.0],
                [1.0, -1e-06, 0.0, -0.0, -0.0, -0.148886, 0.988853, 0.374726, -1e-06, -0.988855, -0.148886, 0.0, 0.0, 0.0, 0.0, 1.0],
                [1.0, -1e-06, 0.0, 0.0, -0.0, -0.258997, 0.965877, 0.374726, -1e-06, -0.965879, -0.258996, 0.0, 0.0, 0.0, 0.0, 1.0],
                [1.0, -1e-06, 0.0, 0.0, -0.0, -0.296405, 0.955061, 0.374726, -1e-06, -0.955063, -0.296405, -0.0, 0.0, 0.0, 0.0, 1.0],
                [1.0, -1e-06, 0.0, 0.0, -0.0, -0.220876, 0.975301, 0.374726, -1e-06, -0.975303, -0.220876, -0.0, 0.0, 0.0, 0.0, 1.0],
                [1.0, -1e-06, 0.0, -0.0, -0.0, -0.03917, 0.999231, 0.374726, -1e-06, -0.999233, -0.03917, 0.0, 0.0, 0.0, 0.0, 1.0],
                [1.0, -1e-06, 0.0, 0.0, -0.0, 0.190963, 0.981596, 0.374726, -1e-06, -0.981598, 0.190962, -0.0, 0.0, 0.0, 0.0, 1.0],
                [1.0, -1e-06, 1e-06, 0.0, -0.0, 0.382316, 0.924031, 0.374726, -1e-06, -0.924033, 0.382315, 0.0, 0.0, 0.0, 0.0, 1.0],
                [1.0, -1e-06, 1e-06, 0.0, -0.0, 0.468468, 0.883479, 0.374726, -1e-06, -0.883482, 0.468466, 0.0, 0.0, 0.0, 0.0, 1.0],
                [1.0, -1e-06, 1e-06, -0.0, -0.0, 0.489171, 0.872187, 0.374726, -1e-06, -0.872189, 0.489169, -0.0, 0.0, 0.0, 0.0, 1.0],
                [1.0, -1e-06, 1e-06, -0.0, -0.0, 0.500447, 0.865766, 0.374726, -1e-06, -0.865768, 0.500446, -0.0, 0.0, 0.0, 0.0, 1.0],
                [1.0, -1e-06, 1e-06, 0.0, -0.0, 0.569877, 0.821729, 0.374726, -1e-06, -0.821732, 0.569875, 0.0, 0.0, 0.0, 0.0, 1.0],
                [1.0, -1e-06, 1e-06, 0.0, -0.0, 0.752858, 0.658183, 0.374726, -1e-06, -0.658186, 0.752855, 0.0, 0.0, 0.0, 0.0, 1.0],
                [1.0, -0.0, 1e-06, 0.0, -0.0, 0.936492, 0.350693, 0.374726, -1e-06, -0.350695, 0.936487, -0.0, 0.0, 0.0, 0.0, 1.0],
                [1.0, -0.0, 1e-06, -0.0, -0.0, 0.876734, 0.480978, 0.374726, -1e-06, -0.48098, 0.87673, 0.0, 0.0, 0.0, 0.0, 1.0],
                [1.0, -1e-06, 1e-06, -0.0, -0.0, 0.686452, 0.727175, 0.374726, -1e-06, -0.727177, 0.68645, -0.0, 0.0, 0.0, 0.0, 1.0],
                [1.0, -1e-06, 1e-06, 0.0, -0.0, 0.611163, 0.791504, 0.374726, -1e-06, -0.791507, 0.611161, 0.0, 0.0, 0.0, 0.0, 1.0],
                [1.0, -1e-06, 1e-06, -0.0, -0.0, 0.53362, 0.845723, 0.374726, -1e-06, -0.845725, 0.533619, 0.0, 0.0, 0.0, 0.0, 1.0],
                [1.0, -1e-06, 0.0, -0.0, -0.0, 0.403042, 0.915181, 0.374726, -1e-06, -0.915183, 0.403041, 0.0, 0.0, 0.0, 0.0, 1.0],
                [1.0, -1e-06, 0.0, 0.0, -0.0, 0.330784, 0.943705, 0.374726, -1e-06, -0.943707, 0.330783, -0.0, 0.0, 0.0, 0.0, 1.0],
                [1.0, -1e-06, 1e-06, 0.0, -0.0, 0.471004, 0.88213, 0.374726, -1e-06, -0.882133, 0.471002, -0.0, 0.0, 0.0, 0.0, 1.0],
                [1.0, -1e-06, 1e-06, -0.0, -0.0, 0.472513, 0.881323, 0.374726, -1e-06, -0.881325, 0.472511, 0.0, 0.0, 0.0, 0.0, 1.0],
                [1.0, -1e-06, 1e-06, 0.0, -0.0, 0.473122, 0.880996, 0.374726, -1e-06, -0.880998, 0.473121, -0.0, 0.0, 0.0, 0.0, 1.0],
                [1.0, -1e-06, 1e-06, 0.0, -0.0, 0.473122, 0.880996, 0.374726, -1e-06, -0.880998, 0.473121, 0.0, 0.0, 0.0, 0.0, 1.0],
                [1.0, -1e-06, 1e-06, 0.0, -0.0, 0.473122, 0.880996, 0.374726, -1e-06, -0.880998, 0.473121, 0.0, 0.0, 0.0, 0.0, 1.0],
                [1.0, -1e-06, 1e-06, 0.0, -0.0, 0.473122, 0.880996, 0.374726, -1e-06, -0.880998, 0.473121, -0.0, 0.0, 0.0, 0.0, 1.0],
                [1.0, -1e-06, 1e-06, 0.0, -0.0, 0.473122, 0.880996, 0.374726, -1e-06, -0.880998, 0.473121, 0.0, 0.0, 0.0, 0.0, 1.0],
                [1.0, -1e-06, 1e-06, 0.0, -0.0, 0.473122, 0.880996, 0.374726, -1e-06, -0.880998, 0.473121, 0.0, 0.0, 0.0, 0.0, 1.0],
                [1.0, -1e-06, 1e-06, 0.0, -0.0, 0.473122, 0.880996, 0.374726, -1e-06, -0.880998, 0.473121, 0.0, 0.0, 0.0, 0.0, 1.0],
                [1.0, -1e-06, 1e-06, 0.0, -0.0, 0.473122, 0.880996, 0.374726, -1e-06, -0.880998, 0.473121, 0.0, 0.0, 0.0, 0.0, 1.0],
                [1.0, -1e-06, 1e-06, 0.0, -0.0, 0.473122, 0.880996, 0.374726, -1e-06, -0.880998, 0.473121, 0.0, 0.0, 0.0, 0.0, 1.0],
                [1.0, -1e-06, 1e-06, 0.0, -0.0, 0.473122, 0.880996, 0.374726, -1e-06, -0.880998, 0.473121, 0.0, 0.0, 0.0, 0.0, 1.0],
                [1.0, -1e-06, 1e-06, 0.0, -0.0, 0.473122, 0.880996, 0.374726, -1e-06, -0.880998, 0.473121, 0.0, 0.0, 0.0, 0.0, 1.0],
                [1.0, -1e-06, 1e-06, 0.0, -0.0, 0.473122, 0.880996, 0.374726, -1e-06, -0.880998, 0.473121, 0.0, 0.0, 0.0, 0.0, 1.0],
                [1.0, -1e-06, 1e-06, 0.0, -0.0, 0.473122, 0.880996, 0.374726, -1e-06, -0.880998, 0.473121, 0.0, 0.0, 0.0, 0.0, 1.0],
                [1.0, -1e-06, 1e-06, 0.0, -0.0, 0.473122, 0.880996, 0.374726, -1e-06, -0.880998, 0.473121, 0.0, 0.0, 0.0, 0.0, 1.0],
                [1.0, -1e-06, 1e-06, 0.0, -0.0, 0.473122, 0.880996, 0.374726, -1e-06, -0.880998, 0.473121, 0.0, 0.0, 0.0, 0.0, 1.0],
                [1.0, -1e-06, 1e-06, 0.0, -0.0, 0.473122, 0.880996, 0.374726, -1e-06, -0.880998, 0.473121, 0.0, 0.0, 0.0, 0.0, 1.0],
                [1.000001, -1e-06, 1e-06, -0.0, -0.0, 0.471507, 0.881862, 0.374726, -1e-06, -0.881864, 0.471505, 0.0, 0.0, 0.0, 0.0, 1.0],
                [1.0, -1e-06, 1e-06, 0.0, -0.0, 0.466948, 0.884284, 0.374726, -1e-06, -0.884286, 0.466947, 0.0, 0.0, 0.0, 0.0, 1.0],
                [1.0, -1e-06, 1e-06, -0.0, -0.0, 0.46005, 0.887892, 0.374726, -1e-06, -0.887894, 0.460049, -0.0, 0.0, 0.0, 0.0, 1.0],
                [1.0, -1e-06, 1e-06, 0.0, -0.0, 0.451591, 0.892224, 0.374726, -1e-06, -0.892227, 0.45159, -0.0, 0.0, 0.0, 0.0, 1.0],
                [1.0, -1e-06, 1e-06, 0.0, -0.0, 0.442462, 0.896786, 0.374726, -1e-06, -0.896788, 0.442461, -0.0, 0.0, 0.0, 0.0, 1.0],
                [1.0, -1e-06, 1e-06, 0.0, -0.0, 0.433604, 0.901102, 0.374726, -1e-06, -0.901105, 0.433603, -0.0, 0.0, 0.0, 0.0, 1.0],
                [1.0, -1e-06, 1e-06, -0.0, -0.0, 0.425963, 0.90474, 0.374726, -1e-06, -0.904743, 0.425961, 0.0, 0.0, 0.0, 0.0, 1.0],
                [1.0, -1e-06, 1e-06, 0.0, -0.0, 0.42043, 0.907324, 0.374726, -1e-06, -0.907327, 0.420429, 0.0, 0.0, 0.0, 0.0, 1.0],
                [1.0, -1e-06, 0.0, -0.0, -0.0, 0.417816, 0.908531, 0.374726, -1e-06, -0.908533, 0.417815, 0.0, 0.0, 0.0, 0.0, 1.0],
                [1.0, -1e-06, 1e-06, 0.0, -0.0, 0.418815, 0.90807, 0.374726, -1e-06, -0.908072, 0.418814, 0.0, 0.0, 0.0, 0.0, 1.0],
                [1.0, -1e-06, 0.0, 0.0, -0.0, 0.423984, 0.905668, 0.374726, -1e-06, -0.905671, 0.423983, -0.0, 0.0, 0.0, 0.0, 1.0],
                [1.0, -1e-06, 1e-06, -0.0, -0.0, 0.433726, 0.901044, 0.374726, -1e-06, -0.901046, 0.433725, 0.0, 0.0, 0.0, 0.0, 1.0],
                [1.0, -1e-06, 1e-06, -0.0, -0.0, 0.448283, 0.89389, 0.374726, -1e-06, -0.893893, 0.448282, -0.0, 0.0, 0.0, 0.0, 1.0],
                [1.0, -1e-06, 1e-06, 0.0, -0.0, 0.467737, 0.883866, 0.374726, -1e-06, -0.883869, 0.467736, -0.0, 0.0, 0.0, 0.0, 1.0],
                [1.0, -1e-06, 1e-06, -0.0, -0.0, 0.492009, 0.870589, 0.374726, -1e-06, -0.870592, 0.492007, -0.0, 0.0, 0.0, 0.0, 1.0],
                [1.0, -1e-06, 1e-06, -0.0, -0.0, 0.520863, 0.85364, 0.374726, -1e-06, -0.853642, 0.520861, 0.0, 0.0, 0.0, 0.0, 1.0],
                [1.0, -1e-06, 1e-06, 0.0, -0.0, 0.553918, 0.832571, 0.374726, -1e-06, -0.832573, 0.553916, -0.0, 0.0, 0.0, 0.0, 1.0],
                [1.0, -1e-06, 1e-06, -0.0, -0.0, 0.590649, 0.806928, 0.374726, -1e-06, -0.806931, 0.590647, -0.0, 0.0, 0.0, 0.0, 1.0],
                [1.0, -1e-06, 1e-06, 0.0, -0.0, 0.630401, 0.776269, 0.374726, -1e-06, -0.776272, 0.630399, 0.0, 0.0, 0.0, 0.0, 1.0],
                [1.000001, -1e-06, 1e-06, 0.0, -0.0, 0.672395, 0.740192, 0.374726, -1e-06, -0.740195, 0.672393, 0.0, 0.0, 0.0, 0.0, 1.0],
                [1.0, -1e-06, 1e-06, -0.0, -0.0, 0.715735, 0.698371, 0.374726, -1e-06, -0.698374, 0.715733, 0.0, 0.0, 0.0, 0.0, 1.0],
                [1.0, -1e-06, 1e-06, 0.0, -0.0, 0.759424, 0.650596, 0.374726, -1e-06, -0.650599, 0.759421, -0.0, 0.0, 0.0, 0.0, 1.0],
                [1.0, -0.0, 1e-06, 0.0, -0.0, 0.802369, 0.596829, 0.374726, -1e-06, -0.596831, 0.802366, -0.0, 0.0, 0.0, 0.0, 1.0],
                [1.0, -0.0, 1e-06, -0.0, -0.0, 0.843411, 0.53727, 0.374726, -1e-06, -0.537273, 0.843407, -0.0, 0.0, 0.0, 0.0, 1.0],
                [1.0, -0.0, 1e-06, -0.0, -0.0, 0.881336, 0.472492, 0.374726, -1e-06, -0.472494, 0.881332, 0.0, 0.0, 0.0, 0.0, 1.0],
                [1.0, -0.0, 1e-06, 0.0, -0.0, 0.914908, 0.403667, 0.374726, -1e-06, -0.403669, 0.914904, -0.0, 0.0, 0.0, 0.0, 1.0],
                [1.0, -0.0, 1e-06, 0.0, -0.0, 0.942875, 0.333152, 0.374726, -1e-06, -0.333153, 0.942871, 0.0, 0.0, 0.0, 0.0, 1.0],
                [1.0, -0.0, 1e-06, -0.0, -0.0, 0.964127, 0.265451, 0.374726, -1e-06, -0.265453, 0.964121, -0.0, 0.0, 0.0, 0.0, 1.0],
                [1.0, -0.0, 1e-06, 0.0, -0.0, 0.977584, 0.210559, 0.374726, -1e-06, -0.210561, 0.977578, -0.0, 0.0, 0.0, 0.0, 1.0],
                [1.0, -0.0, 1e-06, 0.0, -0.0, 0.982224, 0.187729, 0.374726, -1e-06, -0.18773, 0.982218, 0.0, 0.0, 0.0, 0.0, 1.0]
            ]
        },
        {
            "name": "Knee_R",
            "time": [0.0, 0.8889],
            "transform": [
                [1.0, 0.0, -0.0, -0.0, -0.0, 0.00567, -0.999984, 0.374726, -0.0, 0.999984, 0.00567, -0.0, 0.0, 0.0, 0.0, 1.0],
                [1.0, 0.0, -0.0, 0.0, -0.0, 0.00567, -0.999984, 0.374726, -0.0, 0.999984, 0.00567, 0.0, 0.0, 0.0, 0.0, 1.0]
            ]
        },
        {
            "name": "Thigh_L",
            "time": [0.0, 0.0111, 0.0222, 0.0333, 0.0444, 0.0556, 0.0667, 0.0778, 0.0889, 0.1, 0.1111, 0.1222, 0.1333, 0.1444, 0.1556, 0.1667, 0.1778, 0.1889, 0.2, 0.2111, 0.2222, 0.2333, 0.2444, 0.2556, 0.2667, 0.2778, 0.2889, 0.3, 0.3111, 0.3222, 0.3333, 0.3444, 0.3556, 0.3667, 0.3778, 0.3889, 0.4, 0.4111, 0.4222, 0.4333, 0.4444, 0.4556, 0.4667, 0.4778, 0.4889, 0.5, 0.5111, 0.5222, 0.5333, 0.5444, 0.5556, 0.5667, 0.5778, 0.5889, 0.6, 0.6111, 0.6222, 0.6333, 0.6444, 0.6556, 0.6667, 0.6778, 0.6889, 0.7, 0.7111, 0.7222, 0.7333, 0.7444, 0.7556, 0.7667, 0.7778, 0.7889, 0.8, 0.8111, 0.8222, 0.8333, 0.8444, 0.8556, 0.8667, 0.8778, 0.8889],
            "transform": [
                [0.990166, -0.029396, 0.136778, -0.125006, -0.081001, -0.917594, 0.389177, -0.002831, 0.114066, -0.396429, -0.910952, -1.2e-05, 0.0, 0.0, 0.0, 1.0],
                [0.990166, -0.029396, 0.136778, -0.125006, -0.081001, -0.917594, 0.389177, -0.002831, 0.114066, -0.396429, -0.910952, -1.2e-05, 0.0, 0.0, 0.0, 1.0],
                [0.990166, -0.029396, 0.136778, -0.125006, -0.081001, -0.917594, 0.389177, -0.002831, 0.114066, -0.396429, -0.910952, -1.2e-05, 0.0, 0.0, 0.0, 1.0],
                [0.990166, -0.029396, 0.136778, -0.125006, -0.081001, -0.917594, 0.389177, -0.002831, 0.114066, -0.396429, -0.910952, -1.2e-05, 0.0, 0.0, 0.0, 1.0],
                [0.99215, -0.035888, 0.119791, -0.125006, -0.078821, -0.923154, 0.376261, -0.002831, 0.097082, -0.382749, -0.918737, -1.2e-05, 0.0, 0.0, 0.0, 1.0],
                [0.995216, -0.050915, 0.083384, -0.125006, -0.076538, -0.936753, 0.341519, -0.002831, 0.060722, -0.346267, -0.936169, -1.2e-05, 0.0, 0.0, 0.0, 1.0],
                [0.996363, -0.069266, 0.049625, -0.125006, -0.080759, -0.953386, 0.290743, -0.002831, 0.027174, -0.293693, -0.955513, -1.2e-05, 0.0, 0.0, 0.0, 1.0],
                [0.99542, -0.090328, 0.031292, -0.125006, -0.095142, -0.967952, 0.232412, -0.002831, 0.009296, -0.234325, -0.972114, -1.2e-05, 0.0, 0.0, 0.0, 1.0],
                [0.99274, -0.116368, 0.030423, -0.125006, -0.119954, -0.976436, 0.179397, -0.002831, 0.008831, -0.181744, -0.983306, -1.2e-05, 0.0, 0.0, 0.0, 1.0],
                [0.987895, -0.148761, 0.043967, -0.125006, -0.153674, -0.977178, 0.14665, -0.002831, 0.021148, -0.151631, -0.988211, -1.2e-05, 0.0, 0.0, 0.0, 1.0],
                [0.980128, -0.186311, 0.068088, -0.125006, -0.194306, -0.970816, 0.140569, -0.002831, 0.039911, -0.151006, -0.987727, -1.2e-05, 0.0, 0.0, 0.0, 1.0],
                [0.968942, -0.226581, 0.099052, -0.125006, -0.239885, -0.958506, 0.154012, -0.002831, 0.060046, -0.17299, -0.983091, -1.2e-05, 0.0, 0.0, 0.0, 1.0],
                [0.954681, -0.267887, 0.129693, -0.125006, -0.287421, -0.942954, 0.168009, -0.002831, 0.077287, -0.197671, -0.977217, -1.2e-05, 0.0, 0.0, 0.0, 1.0],
