{
    "animation": [
        {
            "name": "Root",
            "time": [0.0, 0.0111, 0.0222, 0.0333, 0.0444, 0.0556, 0.0667, 0.0778, 0.0889, 0.1, 0.1111, 0.1222, 0.1333, 0.1444, 0.1556, 0.1667, 0.1778, 0.1889, 0.2, 0.2111, 0.2222, 0.2333, 0.2444, 0.2556, 0.2667, 0.2778, 0.2889, 0.3, 0.3111, 0.3222, 0.3333, 0.3444, 0.3556, 0.3667, 0.3778, 0.3889, 0.4, 0.4111, 0.4222, 0.4333, 0.4444, 0.4556, 0.4667, 0.4778, 0.4889, 0.5, 0.5111, 0.5222, 0.5333, 0.5444, 0.5556, 0.5667, 0.5778, 0.5889, 0.6, 0.6111, 0.6222, 0.6333, 0.6444, 0.6556, 0.6667, 0.6778, 0.6889, 0.7, 0.7111, 0.7222, 0.7333, 0.7444, 0.7556, 0.7667, 0.7778, 0.7889, 0.8, 0.8111, 0.8222, 0.8333, 0.8444, 0.8556, 0.8667, 0.8778, 0.8889, 0.9, 0.9111, 0.9222, 0.9333, 0.9444, 0.9556, 0.9667, 0.9778, 0.9889, 1.0, 1.0111, 1.0222, 1.0333, 1.0444, 1.0556, 1.0667, 1.0778, 1.0889, 1.1, 1.1111],
            "transform": [
                [0.979141, 0.0, -0.20318, -5e-06, -0.20318, 0.0, -0.979141, 0.000946, 0.0, 1.0, 0.0, 0.743041, 0.0, 0.0, 0.0, 1.0],
                [0.979141, 0.0, -0.20318, -5e-06, -0.20318, 0.0, -0.979141, 0.000946, 0.0, 1.0, 0.0, 0.743041, 0.0, 0.0, 0.0, 1.0],
                [0.979141, 0.0, -0.20318, -5e-06, -0.20318, 0.0, -0.979141, 0.000946, 0.0, 1.0, 0.0, 0.743041, 0.0, 0.0, 0.0, 1.0],
                [0.979141, 0.0, -0.20318, -5e-06, -0.20318, 0.0, -0.979141, 0.000946, 0.0, 1.0, 0.0, 0.743041, 0.0, 0.0, 0.0, 1.0],
                [0.973832, 0.0, -0.227269, -5e-06, -0.227269, 0.0, -0.973832, 0.000946, 0.0, 1.0, 0.0, 0.732911, 0.0, 0.0, 0.0, 1.0],
                [0.957337, 0.0, -0.288973, -5e-06, -0.288973, 0.0, -0.957337, 0.000946, 0.0, 1.0, 0.0, 0.706546, 0.0, 0.0, 0.0, 1.0],
                [0.928321, 0.0, -0.371779, -5e-06, -0.371779, 0.0, -0.928321, 0.000946, 0.0, 1.0, 0.0, 0.669983, 0.0, 0.0, 0.0, 1.0],
                [0.888489, 0.0, -0.458898, -5e-06, -0.458898, 0.0, -0.888489, 0.000946, 0.0, 1.0, 0.0, 0.629259, 0.0, 0.0, 0.0, 1.0],
                [0.844841, 0.0, -0.535017, -5e-06, -0.535017, 0.0, -0.844841, 0.000946, 0.0, 1.0, 0.0, 0.590411, 0.0, 0.0, 0.0, 1.0],
                [0.808959, 0.0, -0.587864, -5e-06, -0.587864, 0.0, -0.808959, 0.000946, 0.0, 1.0, 0.0, 0.559477, 0.0, 0.0, 0.0, 1.0],
                [0.794202, 0.0, -0.607653, -5e-06, -0.607653, 0.0, -0.794202, 0.000946, 0.0, 1.0, 0.0, 0.542493, 0.0, 0.0, 0.0, 1.0],
                [0.794197, 3e-06, -0.60766, -5e-06, -0.607655, 0.004373, -0.794189, 0.000963, 0.002655, 0.99999, 0.003475, 0.535989, 0.0, 0.0, 0.0, 1.0],
                [0.794233, 9e-06, -0.607614, -5e-06, -0.607547, 0.014802, -0.794146, 0.001077, 0.008987, 0.99989, 0.011762, 0.532045, 0.0, 0.0, 0.0, 1.0],
                [0.794346, 1.3e-05, -0.607466, -5e-06, -0.607241, 0.027247, -0.794051, 0.001388, 0.016541, 0.999629, 0.021651, 0.530019, 0.0, 0.0, 0.0, 1.0],
                [0.794571, 1.2e-05, -0.607171, -5e-06, -0.606741, 0.037671, -0.794007, 0.001993, 0.022863, 0.99929, 0.029939, 0.529273, 0.0, 0.0, 0.0, 1.0],
                [0.794944, 0.0, -0.606683, -5e-06, -0.606146, 0.042044, -0.794241, 0.002991, 0.025507, 0.999116, 0.033422, 0.529166, 0.0, 0.0, 0.0, 1.0],
                [0.799902, -0.000169, -0.600131, -5e-06, -0.599619, 0.041082, -0.799231, 0.015656, 0.024789, 0.999156, 0.03276, 0.529176, 0.0, 0.0, 0.0, 1.0],
                [0.81246, -0.000566, -0.583017, -5e-06, -0.582569, 0.038424, -0.811873, 0.048649, 0.022862, 0.999261, 0.030889, 0.529246, 0.0, 0.0, 0.0, 1.0],
                [0.830352, -0.001048, -0.557238, -5e-06, -0.556878, 0.03443, -0.829881, 0.098151, 0.020055, 0.999407, 0.028006, 0.529436, 0.0, 0.0, 0.0, 1.0],
                [0.851268, -0.001467, -0.52473, -5e-06, -0.524466, 0.029464, -0.850922, 0.160341, 0.016709, 0.999565, 0.024313, 0.529807, 0.0, 0.0, 0.0, 1.0],
                [0.873044, -0.001706, -0.487638, -5e-06, -0.487463, 0.023906, -0.872816, 0.2314, 0.013147, 0.999713, 0.02004, 0.530418, 0.0, 0.0, 0.0, 1.0],
                [0.893839, -0.001701, -0.448386, -5e-06, -0.448285, 0.018149, -0.893707, 0.307507, 0.009658, 0.999834, 0.01546, 0.531329, 0.0, 0.0, 0.0, 1.0],
                [0.912233, -0.001453, -0.409669, -5e-06, -0.40962, 0.012591, -0.912169, 0.384842, 0.006484, 0.99992, 0.010891, 0.5326, 0.0, 0.0, 0.0, 1.0],
                [0.927275, -0.001028, -0.374379, -5e-06, -0.374361, 0.007624, -0.927252, 0.459584, 0.003808, 0.99997, 0.006685, 0.534293, 0.0, 0.0, 0.0, 1.0],
                [0.938417, -0.000547, -0.345505, -5e-06, -0.345501, 0.003628, -0.938411, 0.527915, 0.001766, 0.999993, 0.003216, 0.536465, 0.0, 0.0, 0.0, 1.0],
                [0.945356, -0.000156, -0.326041, -5e-06, -0.326041, 0.000967, -0.945355, 0.586013, 0.000463, 1.0, 0.000864, 0.539179, 0.0, 0.0, 0.0, 1.0],
                [0.947782, 0.0, -0.318919, -5e-06, -0.318919, 0.0, -0.947782, 0.630058, 0.0, 1.0, 0.0, 0.542493, 0.0, 0.0, 0.0, 1.0],
                [0.947782, -0.0, -0.318919, -5e-06, -0.318919, -0.0, -0.947782, 0.657675, -0.0, 1.0, -0.0, 0.546644, 0.0, 0.0, 0.0, 1.0],
                [0.947782, -0.0, -0.318919, -5e-06, -0.318919, -0.0, -0.947782, 0.672263, -0.0, 1.0, -0.0, 0.551559, 0.0, 0.0, 0.0, 1.0],
                [0.947782, 0.0, -0.318919, -5e-06, -0.318919, 0.0, -0.947782, 0.678669, 0.0, 1.0, 0.0, 0.55683, 0.0, 0.0, 0.0, 1.0],
                [0.947782, -0.0, -0.318919, -5e-06, -0.318919, -0.0, -0.947782, 0.681735, 0.0, 1.0, -0.0, 0.562053, 0.0, 0.0, 0.0, 1.0],
                [0.947782, -0.0, -0.318919, -5e-06, -0.318919, 0.0, -0.947782, 0.686308, 0.0, 1.0, 0.0, 0.566822, 0.0, 0.0, 0.0, 1.0],
                [0.947782, 0.0, -0.318919, -5e-06, -0.318919, 0.0, -0.947782, 0.697232, 0.0, 1.0, 0.0, 0.570731, 0.0, 0.0, 0.0, 1.0],
                [0.947782, 0.0, -0.318919, -5e-06, -0.318919, 0.0, -0.947782, 0.719351, 0.0, 1.0, 0.0, 0.573373, 0.0, 0.0, 0.0, 1.0],
                [0.947782, 0.0, -0.318919, -5e-06, -0.318919, 0.0, -0.947782, 0.757511, 0.0, 1.0, 0.0, 0.574344, 0.0, 0.0, 0.0, 1.0],
                [0.979042, 0.0, -0.20366, -5e-06, -0.20366, 0.0, -0.979042, 0.822334, 0.0, 1.0, 0.0, 0.57241, 0.0, 0.0, 0.0, 1.0],
                [0.997987, 0.0, 0.063424, -5e-06, 0.063424, 0.0, -0.997987, 0.902812, 0.0, 1.0, 0.0, 0.568154, 0.0, 0.0, 0.0, 1.0],
                [0.945384, 0.0, 0.32596, -5e-06, 0.32596, 0.0, -0.945384, 0.971341, 0.0, 1.0, 0.0, 0.563898, 0.0, 0.0, 0.0, 1.0],
                [0.899785, 0.0, 0.436335, -5e-06, 0.436335, 0.0, -0.899785, 1.000318, 0.0, 1.0, 0.0, 0.561964, 0.0, 0.0, 0.0, 1.0],
                [0.899785, 0.0, 0.436335, -5e-06, 0.436335, 0.0, -0.899785, 1.000318, 0.0, 1.0, 0.0, 0.561964, 0.0, 0.0, 0.0, 1.0],
                [0.899785, 0.0, 0.436335, -5e-06, 0.436335, 0.0, -0.899785, 1.000318, 0.0, 1.0, 0.0, 0.561964, 0.0, 0.0, 0.0, 1.0],
                [0.899785, 0.0, 0.436335, -5e-06, 0.436335, 0.0, -0.899785, 1.000318, 0.0, 1.0, 0.0, 0.561964, 0.0, 0.0, 0.0, 1.0],
                [0.899785, 0.0, 0.436335, -5e-06, 0.436335, 0.0, -0.899785, 1.000318, 0.0, 1.0, 0.0, 0.561964, 0.0, 0.0, 0.0, 1.0],
                [0.899785, 0.0, 0.436335, -5e-06, 0.436335, 0.0, -0.899785, 1.000318, 0.0, 1.0, 0.0, 0.561964, 0.0, 0.0, 0.0, 1.0],
                [0.899785, 0.0, 0.436335, -5e-06, 0.436335, 0.0, -0.899785, 1.000318, 0.0, 1.0, 0.0, 0.561964, 0.0, 0.0, 0.0, 1.0],
                [0.899785, 0.0, 0.436335, -5e-06, 0.436335, 0.0, -0.899785, 1.000318, 0.0, 1.0, 0.0, 0.561964, 0.0, 0.0, 0.0, 1.0],
                [0.899785, 0.0, 0.436335, -5e-06, 0.436335, 0.0, -0.899785, 1.000318, 0.0, 1.0, 0.0, 0.561964, 0.0, 0.0, 0.0, 1.0],
                [0.899785, 0.0, 0.436335, -5e-06, 0.436335, 0.0, -0.899785, 1.000318, 0.0, 1.0, 0.0, 0.561964, 0.0, 0.0, 0.0, 1.0],
                [0.899785, 0.0, 0.436335, -5e-06, 0.436335, 0.0, -0.899785, 1.000318, 0.0, 1.0, 0.0, 0.561964, 0.0, 0.0, 0.0, 1.0],
                [0.899785, 0.0, 0.436335, -5e-06, 0.436335, 0.0, -0.899785, 1.000318, 0.0, 1.0, 0.0, 0.561964, 0.0, 0.0, 0.0, 1.0],
                [0.899785, 0.0, 0.436335, -5e-06, 0.436335, 0.0, -0.899785, 1.000318, 0.0, 1.0, 0.0, 0.561964, 0.0, 0.0, 0.0, 1.0],
                [0.90078, 0.0, 0.434277, -5e-06, 0.434277, 0.0, -0.90078, 1.000816, 0.0, 1.0, 0.0, 0.565214, 0.0, 0.0, 0.0, 1.0],
                [0.903593, 0.0, 0.428391, -5e-06, 0.428391, 0.0, -0.903593, 1.00229, 0.0, 1.0, 0.0, 0.574093, 0.0, 0.0, 0.0, 1.0],
                [0.907943, 0.0, 0.419095, -5e-06, 0.419095, 0.0, -0.907943, 1.004713, 0.0, 1.0, 0.0, 0.58729, 0.0, 0.0, 0.0, 1.0],
                [0.913521, 0.0, 0.406791, -5e-06, 0.406791, 0.0, -0.913521, 1.008058, 0.0, 1.0, 0.0, 0.603498, 0.0, 0.0, 0.0, 1.0],
                [0.920015, 0.0, 0.391883, -5e-06, 0.391883, 0.0, -0.920015, 1.012297, 0.0, 1.0, 0.0, 0.621408, 0.0, 0.0, 0.0, 1.0],
                [0.927113, 0.0, 0.374782, -5e-06, 0.374782, 0.0, -0.927113, 1.017404, 0.0, 1.0, 0.0, 0.63971, 0.0, 0.0, 0.0, 1.0],
                [0.934518, 0.0, 0.355916, -5e-06, 0.355916, 0.0, -0.934518, 1.02335, 0.0, 1.0, 0.0, 0.657096, 0.0, 0.0, 0.0, 1.0],
                [0.941958, 0.0, 0.33573, -5e-06, 0.33573, 0.0, -0.941958, 1.030108, 0.0, 1.0, 0.0, 0.672257, 0.0, 0.0, 0.0, 1.0],
                [0.949193, 0.0, 0.314696, -5e-06, 0.314696, 0.0, -0.949193, 1.037651, 0.0, 1.0, 0.0, 0.683885, 0.0, 0.0, 0.0, 1.0],
                [0.956019, 0.0, 0.293304, -5e-06, 0.293304, 0.0, -0.956019, 1.045952, 0.0, 1.0, 0.0, 0.69067, 0.0, 0.0, 0.0, 1.0],
                [0.962302, 0.0, 0.271983, -5e-06, 0.271983, 0.0, -0.962302, 1.054979, 0.0, 1.0, 0.0, 0.694501, 0.0, 0.0, 0.0, 1.0],
                [0.968026, 0.0, 0.250848, -5e-06, 0.250848, 0.0, -0.968026, 1.064689, 0.0, 1.0, 0.0, 0.69814, 0.0, 0.0, 0.0, 1.0],
                [0.973207, 0.0, 0.229931, -5e-06, 0.229931, 0.0, -0.973207, 1.075035, 0.0, 1.0, 0.0, 0.701592, 0.0, 0.0, 0.0, 1.0],
                [0.977859, 0.0, 0.209263, -5e-06, 0.209263, 0.0, -0.977859, 1.085968, 0.0, 1.0, 0.0, 0.704863, 0.0, 0.0, 0.0, 1.0],
                [0.982001, 0.0, 0.188875, -5e-06, 0.188875, 0.0, -0.982001, 1.097443, 0.0, 1.0, 0.0, 0.707957, 0.0, 0.0, 0.0, 1.0],
                [0.985651, 0.0, 0.168794, -5e-06, 0.168794, 0.0, -0.985651, 1.10941, 0.0, 1.0, 0.0, 0.710879, 0.0, 0.0, 0.0, 1.0],
                [0.988829, 0.0, 0.149051, -5e-06, 0.149051, 0.0, -0.988829, 1.121824, 0.0, 1.0, 0.0, 0.713634, 0.0, 0.0, 0.0, 1.0],
                [0.991557, 0.0, 0.129669, -5e-06, 0.129669, 0.0, -0.991557, 1.134636, 0.0, 1.0, 0.0, 0.716227, 0.0, 0.0, 0.0, 1.0],
                [0.993857, 0.0, 0.110675, -5e-06, 0.110675, 0.0, -0.993857, 1.1478, 0.0, 1.0, 0.0, 0.718663, 0.0, 0.0, 0.0, 1.0],
                [0.99575, 0.0, 0.092093, -5e-06, 0.092093, 0.0, -0.99575, 1.161268, 0.0, 1.0, 0.0, 0.720947, 0.0, 0.0, 0.0, 1.0],
                [0.997262, 0.0, 0.073944, -5e-06, 0.073944, 0.0, -0.997262, 1.174992, 0.0, 1.0, 0.0, 0.723084, 0.0, 0.0, 0.0, 1.0],
                [0.998417, 0.0, 0.056249, -5e-06, 0.056249, 0.0, -0.998417, 1.188926, 0.0, 1.0, 0.0, 0.725078, 0.0, 0.0, 0.0, 1.0],
                [0.999238, 0.0, 0.039028, -5e-06, 0.039028, 0.0, -0.999238, 1.203021, 0.0, 1.0, 0.0, 0.726935, 0.0, 0.0, 0.0, 1.0],
                [0.999751, 0.0, 0.022298, -5e-06, 0.022298, 0.0, -0.999751, 1.217232, 0.0, 1.0, 0.0, 0.728659, 0.0, 0.0, 0.0, 1.0],
                [0.999982, 0.0, 0.006078, -5e-06, 0.006078, 0.0, -0.999982, 1.231509, 0.0, 1.0, 0.0, 0.730255, 0.0, 0.0, 0.0, 1.0],
                [0.999954, 0.0, -0.009618, -5e-06, -0.009618, 0.0, -0.999954, 1.245807, 0.0, 1.0, 0.0, 0.731729, 0.0, 0.0, 0.0, 1.0],
                [0.999693, 0.0, -0.024776, -5e-06, -0.024776, 0.0, -0.999693, 1.260077, 0.0, 1.0, 0.0, 0.733085, 0.0, 0.0, 0.0, 1.0],
                [0.999224, 0.0, -0.039381, -5e-06, -0.039381, 0.0, -0.999224, 1.274272, 0.0, 1.0, 0.0, 0.734328, 0.0, 0.0, 0.0, 1.0],
                [0.998572, 0.0, -0.053423, -5e-06, -0.053423, 0.0, -0.998572, 1.288345, 0.0, 1.0, 0.0, 0.735463, 0.0, 0.0, 0.0, 1.0],
                [0.99776, 0.0, -0.066888, -5e-06, -0.066888, 0.0, -0.99776, 1.302249, 0.0, 1.0, 0.0, 0.736495, 0.0, 0.0, 0.0, 1.0],
                [0.996813, 0.0, -0.079768, -5e-06, -0.079768, 0.0, -0.996813, 1.315937, 0.0, 1.0, 0.0, 0.737428, 0.0, 0.0, 0.0, 1.0],
                [0.995754, 0.0, -0.092053, -5e-06, -0.092053, 0.0, -0.995754, 1.32936, 0.0, 1.0, 0.0, 0.738269, 0.0, 0.0, 0.0, 1.0],
                [0.994605, 0.0, -0.103733, -5e-06, -0.103733, 0.0, -0.994605, 1.342471, 0.0, 1.0, 0.0, 0.739021, 0.0, 0.0, 0.0, 1.0],
                [0.993388, 0.0, -0.114802, -5e-06, -0.114802, 0.0, -0.993388, 1.355224, 0.0, 1.0, 0.0, 0.739689, 0.0, 0.0, 0.0, 1.0],
                [0.992125, 0.0, -0.12525, -5e-06, -0.12525, 0.0, -0.992125, 1.367571, 0.0, 1.0, 0.0, 0.740279, 0.0, 0.0, 0.0, 1.0],
                [0.990836, 0.0, -0.135072, -5e-06, -0.135072, 0.0, -0.990836, 1.379464, 0.0, 1.0, 0.0, 0.740796, 0.0, 0.0, 0.0, 1.0],
                [0.98954, 0.0, -0.144261, -5e-06, -0.144261, 0.0, -0.98954, 1.390857, 0.0, 1.0, 0.0, 0.741243, 0.0, 0.0, 0.0, 1.0],
                [0.988256, 0.0, -0.152809, -5e-06, -0.152809, 0.0, -0.988256, 1.401701, 0.0, 1.0, 0.0, 0.741627, 0.0, 0.0, 0.0, 1.0],
                [0.987001, 0.0, -0.160711, -5e-06, -0.160711, 0.0, -0.987001, 1.41195, 0.0, 1.0, 0.0, 0.741952, 0.0, 0.0, 0.0, 1.0],
                [0.985794, 0.0, -0.167961, -5e-06, -0.167961, 0.0, -0.985794, 1.421556, 0.0, 1.0, 0.0, 0.742223, 0.0, 0.0, 0.0, 1.0],
                [0.984648, 0.0, -0.174553, -5e-06, -0.174553, 0.0, -0.984648, 1.430472, 0.0, 1.0, 0.0, 0.742445, 0.0, 0.0, 0.0, 1.0],
                [0.983579, 0.0, -0.18048, -5e-06, -0.18048, 0.0, -0.983579, 1.43865, 0.0, 1.0, 0.0, 0.742622, 0.0, 0.0, 0.0, 1.0],
                [0.982599, 0.0, -0.185737, -5e-06, -0.185737, 0.0, -0.982599, 1.446043, 0.0, 1.0, 0.0, 0.74276, 0.0, 0.0, 0.0, 1.0],
                [0.981723, 0.0, -0.190317, -5e-06, -0.190317, 0.0, -0.981723, 1.452605, 0.0, 1.0, 0.0, 0.742864, 0.0, 0.0, 0.0, 1.0],
                [0.980959, 0.0, -0.194213, -5e-06, -0.194213, 0.0, -0.980959, 1.458286, 0.0, 1.0, 0.0, 0.742939, 0.0, 0.0, 0.0, 1.0],
                [0.980319, 0.0, -0.197418, -5e-06, -0.197418, 0.0, -0.980319, 1.463041, 0.0, 1.0, 0.0, 0.742989, 0.0, 0.0, 0.0, 1.0],
                [0.979811, 0.0, -0.199926, -5e-06, -0.199926, 0.0, -0.979811, 1.466822, 0.0, 1.0, 0.0, 0.743019, 0.0, 0.0, 0.0, 1.0],
                [0.979442, 0.0, -0.201728, -5e-06, -0.201728, 0.0, -0.979442, 1.469581, 0.0, 1.0, 0.0, 0.743034, 0.0, 0.0, 0.0, 1.0],
                [0.979217, 0.0, -0.202815, -5e-06, -0.202815, 0.0, -0.979217, 1.471271, 0.0, 1.0, 0.0, 0.74304, 0.0, 0.0, 0.0, 1.0],
                [0.979141, 0.0, -0.20318, -5e-06, -0.20318, 0.0, -0.979141, 1.471845, 0.0, 1.0, 0.0, 0.743041, 0.0, 0.0, 0.0, 1.0]
            ]
        },
        {
            "name": "Thigh_R",
            "time": [0.0, 0.0111, 0.0222, 0.0333, 0.0444, 0.0556, 0.0667, 0.0778, 0.0889, 0.1, 0.1111, 0.1222, 0.1333, 0.1444, 0.1556, 0.1667, 0.1778, 0.1889, 0.2, 0.2111, 0.2222, 0.2333, 0.2444, 0.2556, 0.2667, 0.2778, 0.2889, 0.3, 0.3111, 0.3222, 0.3333, 0.3444, 0.3556, 0.3667, 0.3778, 0.3889, 0.4, 0.4111, 0.4222, 0.4333, 0.4444, 0.4556, 0.4667, 0.4778, 0.4889, 0.5, 0.5111, 0.5222, 0.5333, 0.5444, 0.5556, 0.5667, 0.5778, 0.5889, 0.6, 0.6111, 0.6222, 0.6333, 0.6444, 0.6556, 0.6667, 0.6778, 0.6889, 0.7, 0.7111, 0.7222, 0.7333, 0.7444, 0.7556, 0.7667, 0.7778, 0.7889, 0.8, 0.8111, 0.8222, 0.8333, 0.8444, 0.8556, 0.8667, 0.8778, 0.8889, 0.9, 0.9111, 0.9222, 0.9333, 0.9444, 0.9556, 0.9667, 0.9778, 0.9889, 1.0, 1.0111, 1.0222, 1.0333, 1.0444, 1.0556, 1.0667, 1.0778, 1.0889, 1.1, 1.1111],
            "transform": [
                [0.856938, 0.138252, 0.496532, 0.124994, 0.176827, -0.983744, -0.031266, -0.002831, 0.484138, 0.114592, -0.867456, -1.2e-05, 0.0, 0.0, 0.0, 1.0],
                [0.856938, 0.138252, 0.496532, 0.124994, 0.176827, -0.983744, -0.031266, -0.002831, 0.484138, 0.114592, -0.867456, -1.2e-05, 0.0, 0.0, 0.0, 1.0],
                [0.856938, 0.138252, 0.496532, 0.124994, 0.176827, -0.983744, -0.031266, -0.002831, 0.484138, 0.114592, -0.867456, -1.2e-05, 0.0, 0.0, 0.0, 1.0],
                [0.856938, 0.138252, 0.496532, 0.124994, 0.176827, -0.983744, -0.031266, -0.002831, 0.484138, 0.114592, -0.867456, -1.2e-05, 0.0, 0.0, 0.0, 1.0],
                [0.865741, 0.197336, 0.459947, 0.124994, 0.189987, -0.979777, 0.062762, -0.002831, 0.463031, 0.033048, -0.885726, -1.2e-05, 0.0, 0.0, 0.0, 1.0],
                [0.884551, 0.281316, 0.372061, 0.124994, 0.227425, -0.956531, 0.182548, -0.002831, 0.407242, -0.076857, -0.910081, -1.2e-05, 0.0, 0.0, 0.0, 1.0],
                [0.899557, 0.355942, 0.253183, 0.124994, 0.287202, -0.918693, 0.271138, -0.002831, 0.329107, -0.17119, -0.928646, -1.2e-05, 0.0, 0.0, 0.0, 1.0],
                [0.898348, 0.421309, 0.12437, 0.124994, 0.365532, -0.873959, 0.320281, -0.002831, 0.243632, -0.242263, -0.939123, -1.2e-05, 0.0, 0.0, 0.0, 1.0],
                [0.875738, 0.482682, 0.009938, 0.124994, 0.452925, -0.828525, 0.329246, -0.002831, 0.167155, -0.283831, -0.944193, -1.2e-05, 0.0, 0.0, 0.0, 1.0],
                [0.838358, 0.541267, -0.064686, 0.124994, 0.533303, -0.789815, 0.302947, -0.002831, 0.112886, -0.288475, -0.95081, -1.2e-05, 0.0, 0.0, 0.0, 1.0],
                [0.803759, 0.589943, -0.07705, 0.124994, 0.588539, -0.769427, 0.248198, -0.002831, 0.087138, -0.244838, -0.965641, -1.2e-05, 0.0, 0.0, 0.0, 1.0],
                [0.789871, 0.609814, -0.065033, 0.124994, 0.610388, -0.771448, 0.179699, -0.002831, 0.059413, -0.181634, -0.98157, -1.2e-05, 0.0, 0.0, 0.0, 1.0],
                [0.794422, 0.602594, -0.075979, 0.124994, 0.607308, -0.786377, 0.113077, -0.002831, 0.008392, -0.135973, -0.990677, -1.2e-05, 0.0, 0.0, 0.0, 1.0],
                [0.805767, 0.583702, -0.100154, 0.124994, 0.590329, -0.805155, 0.056866, -0.002831, -0.047447, -0.104944, -0.993346, -1.2e-05, 0.0, 0.0, 0.0, 1.0],
                [0.815111, 0.565714, -0.124744, 0.124994, 0.572005, -0.820034, 0.018762, -0.002831, -0.09168, -0.086647, -0.992012, -1.2e-05, 0.0, 0.0, 0.0, 1.0],
                [0.817866, 0.55876, -0.137409, 0.124994, 0.564356, -0.825528, 0.00214, -0.002831, -0.112239, -0.079298, -0.990512, -1.2e-05, 0.0, 0.0, 0.0, 1.0],
                [0.820173, 0.551821, -0.151026, 0.124994, 0.559883, -0.82846, 0.013492, -0.002831, -0.117674, -0.095623, -0.988438, -1.2e-05, 0.0, 0.0, 0.0, 1.0],
                [0.829082, 0.528742, -0.181805, 0.124994, 0.545295, -0.836508, 0.053883, -0.002831, -0.123591, -0.14381, -0.981858, -1.2e-05, 0.0, 0.0, 0.0, 1.0],
                [0.842351, 0.491253, -0.221615, 0.124994, 0.523031, -0.844325, 0.11641, -0.002831, -0.129929, -0.213969, -0.968161, -1.2e-05, 0.0, 0.0, 0.0, 1.0],
                [0.857542, 0.442017, -0.263138, 0.124994, 0.495974, -0.846174, 0.194929, -0.002831, -0.136499, -0.297669, -0.94486, -1.2e-05, 0.0, 0.0, 0.0, 1.0],
                [0.872346, 0.38521, -0.301039, 0.124994, 0.467592, -0.837167, 0.283737, -0.002831, -0.142722, -0.388279, -0.910423, -1.2e-05, 0.0, 0.0, 0.0, 1.0],
                [0.885054, 0.326179, -0.332095, 0.124994, 0.441457, -0.814431, 0.376585, -0.002831, -0.147634, -0.479902, -0.864811, -1.2e-05, 0.0, 0.0, 0.0, 1.0],
                [0.89489, 0.270399, -0.355042, 0.124994, 0.420258, -0.778294, 0.466519, -0.002831, -0.150181, -0.566692, -0.810127, -1.2e-05, 0.0, 0.0, 0.0, 1.0],
                [0.90204, 0.222219, -0.370057, 0.124994, 0.404905, -0.732691, 0.547004, -0.002831, -0.149583, -0.643256, -0.750896, -1.2e-05, 0.0, 0.0, 0.0, 1.0],
                [0.907388, 0.184138, -0.377809, 0.124994, 0.394318, -0.684091, 0.613622, -0.002831, -0.145465, -0.705769, -0.693346, -1.2e-05, 0.0, 0.0, 0.0, 1.0],
                [0.912216, 0.157015, -0.378429, 0.124994, 0.385949, -0.639291, 0.665094, -0.002831, -0.137497, -0.752762, -0.643772, -1.2e-05, 0.0, 0.0, 0.0, 1.0],
                [0.917964, 0.141247, -0.370662, 0.124994, 0.376659, -0.603391, 0.702884, -0.002831, -0.124374, -0.784834, -0.607094, -1.2e-05, 0.0, 0.0, 0.0, 1.0],
                [0.922661, 0.133831, -0.361642, 0.124994, 0.369199, -0.577289, 0.728305, -0.002831, -0.111303, -0.805496, -0.582053, -1.2e-05, 0.0, 0.0, 0.0, 1.0],
                [0.925075, 0.124284, -0.358872, 0.124994, 0.365131, -0.550992, 0.750391, -0.002831, -0.104474, -0.825201, -0.55509, -1.2e-05, 0.0, 0.0, 0.0, 1.0],
                [0.927975, 0.104625, -0.357653, 0.124994, 0.358574, -0.51193, 0.78061, -0.002831, -0.101422, -0.85263, -0.512575, -1.2e-05, 0.0, 0.0, 0.0, 1.0],
                [0.934288, 0.07062, -0.349453, 0.124994, 0.342531, -0.449661, 0.82491, -0.002831, -0.09888, -0.890401, -0.444303, -1.2e-05, 0.0, 0.0, 0.0, 1.0],
                [0.946893, 0.027993, -0.320327, 0.124994, 0.307892, -0.366166, 0.878137, -0.002831, -0.092711, -0.930126, -0.35534, -1.2e-05, 0.0, 0.0, 0.0, 1.0],
                [0.96651, -0.024215, -0.255482, 0.124994, 0.234729, -0.31898, 0.918234, -0.002831, -0.103729, -0.94745, -0.302614, -1.2e-05, 0.0, 0.0, 0.0, 1.0],
                [0.980762, -0.069841, -0.182283, 0.124994, 0.141421, -0.389447, 0.910127, -0.002831, -0.134554, -0.918395, -0.372079, -1.2e-05, 0.0, 0.0, 0.0, 1.0],
                [0.98577, -0.073431, -0.151213, 0.124994, 0.055575, -0.706595, 0.705431, -0.002831, -0.158647, -0.703795, -0.69246, -1.2e-05, 0.0, 0.0, 0.0, 1.0],
                [0.998962, -0.039364, -0.022923, 0.124994, -0.011535, -0.705419, 0.708696, -0.002831, -0.044067, -0.707694, -0.705143, -1.2e-05, 0.0, 0.0, 0.0, 1.0],
                [0.970729, 0.170321, 0.169339, 0.124994, -0.031264, -0.609448, 0.792209, -0.002831, 0.238133, -0.774313, -0.586285, -1.2e-05, 0.0, 0.0, 0.0, 1.0],
                [0.86111, 0.443628, 0.248359, 0.124994, -0.004112, -0.4824, 0.875941, -0.002831, 0.508401, -0.755302, -0.413577, -1.2e-05, 0.0, 0.0, 0.0, 1.0],
                [0.790422, 0.547689, 0.274353, 0.124994, 0.0177, -0.468109, 0.883493, -0.002831, 0.612307, -0.693475, -0.379698, -1.2e-05, 0.0, 0.0, 0.0, 1.0],
                [0.808265, 0.533228, 0.249748, 0.124994, 0.036409, -0.468598, 0.882661, -0.002831, 0.587691, -0.70433, -0.398167, -1.2e-05, 0.0, 0.0, 0.0, 1.0],
                [0.829846, 0.514031, 0.217086, 0.124994, 0.060572, -0.469735, 0.880727, -0.002831, 0.554694, -0.717717, -0.420945, -1.2e-05, 0.0, 0.0, 0.0, 1.0],
                [0.80855, 0.532988, 0.24934, 0.124994, 0.036715, -0.468609, 0.882642, -0.002831, 0.587281, -0.704504, -0.398463, -1.2e-05, 0.0, 0.0, 0.0, 1.0],
                [0.785853, 0.551215, 0.280351, 0.124994, 0.013069, -0.46804, 0.883611, -0.002831, 0.618275, -0.690722, -0.375015, -1.2e-05, 0.0, 0.0, 0.0, 1.0],
                [0.785853, 0.551215, 0.280351, 0.124994, 0.013069, -0.46804, 0.883611, -0.002831, 0.618275, -0.690722, -0.375015, -1.2e-05, 0.0, 0.0, 0.0, 1.0],
                [0.785853, 0.551215, 0.280351, 0.124994, 0.013069, -0.46804, 0.883611, -0.002831, 0.618275, -0.690722, -0.375015, -1.2e-05, 0.0, 0.0, 0.0, 1.0],
                [0.785853, 0.551215, 0.280351, 0.124994, 0.013069, -0.46804, 0.88361, -0.002831, 0.618275, -0.690722, -0.375015, -1.2e-05, 0.0, 0.0, 0.0, 1.0],
                [0.785853, 0.551215, 0.280351, 0.124994, 0.013069, -0.46804, 0.883611, -0.002831, 0.618275, -0.690722, -0.375015, -1.2e-05, 0.0, 0.0, 0.0, 1.0],
                [0.785853, 0.551215, 0.280351, 0.124994, 0.013069, -0.46804, 0.883611, -0.002831, 0.618275, -0.690722, -0.375015, -1.2e-05, 0.0, 0.0, 0.0, 1.0],
                [0.785853, 0.551215, 0.280351, 0.124994, 0.013069, -0.46804, 0.883611, -0.002831, 0.618275, -0.690722, -0.375015, -1.2e-05, 0.0, 0.0, 0.0, 1.0],
                [0.785853, 0.551215, 0.280351, 0.124994, 0.013069, -0.46804, 0.883611, -0.002831, 0.618275, -0.690722, -0.375015, -1.2e-05, 0.0, 0.0, 0.0, 1.0],
                [0.785853, 0.551215, 0.280351, 0.124994, 0.013069, -0.46804, 0.883611, -0.002831, 0.618275, -0.690722, -0.375015, -1.2e-05, 0.0, 0.0, 0.0, 1.0],
                [0.787084, 0.546885, 0.285331, 0.124994, 0.012658, -0.476786, 0.878928, -0.002831, 0.616715, -0.688177, -0.382194, -1.2e-05, 0.0, 0.0, 0.0, 1.0],
                [0.79053, 0.534586, 0.298796, 0.124994, 0.011494, -0.500756, 0.865512, -0.002831, 0.612316, -0.680777, -0.402008, -1.2e-05, 0.0, 0.0, 0.0, 1.0],
                [0.795789, 0.515077, 0.318456, 0.124994, 0.0097, -0.536648, 0.84375, -0.002831, 0.605496, -0.668356, -0.432056, -1.2e-05, 0.0, 0.0, 0.0, 1.0],
                [0.80245, 0.488974, 0.34202, 0.124994, 0.007412, -0.58129, 0.813662, -0.002831, 0.596673, -0.650387, -0.470081, -1.2e-05, 0.0, 0.0, 0.0, 1.0],
                [0.810108, 0.456951, 0.367314, 0.124994, 0.004764, -0.631624, 0.77526, -0.002831, 0.586261, -0.626293, -0.513862, -1.2e-05, 0.0, 0.0, 0.0, 1.0],
                [0.818382, 0.419898, 0.392345, 0.124994, 0.001878, -0.684675, 0.728845, -0.002831, 0.57467, -0.595736, -0.561116, -1.2e-05, 0.0, 0.0, 0.0, 1.0],
                [0.826924, 0.379116, 0.415291, 0.124994, -0.001137, -0.737411, 0.675443, -0.002831, 0.562312, -0.559011, -0.609353, -1.2e-05, 0.0, 0.0, 0.0, 1.0],
                [0.83542, 0.336778, 0.434342, 0.124994, -0.00419, -0.786344, 0.617773, -0.002831, 0.549595, -0.517919, -0.655518, -1.2e-05, 0.0, 0.0, 0.0, 1.0],
                [0.843595, 0.297386, 0.447111, 0.124994, -0.007209, -0.826293, 0.563193, -0.002831, 0.536931, -0.478329, -0.694914, -1.2e-05, 0.0, 0.0, 0.0, 1.0],
                [0.851207, 0.270926, 0.449493, 0.124994, -0.010137, -0.847808, 0.530204, -0.002831, 0.524731, -0.455869, -0.718916, -1.2e-05, 0.0, 0.0, 0.0, 1.0],
                [0.858071, 0.25679, 0.444717, 0.124994, -0.012899, -0.854945, 0.518556, -0.002831, 0.513369, -0.450693, -0.730293, -1.2e-05, 0.0, 0.0, 0.0, 1.0],
                [0.864181, 0.24462, 0.439717, 0.124994, -0.015406, -0.860601, 0.509044, -0.002831, 0.502944, -0.44668, -0.739948, -1.2e-05, 0.0, 0.0, 0.0, 1.0],
                [0.869592, 0.234163, 0.434714, 0.124994, -0.017598, -0.865139, 0.501221, -0.002831, 0.493456, -0.443507, -0.748199, -1.2e-05, 0.0, 0.0, 0.0, 1.0],
                [0.874355, 0.225177, 0.429882, 0.124994, -0.019413, -0.86889, 0.494622, -0.002831, 0.484898, -0.44082, -0.755349, -1.2e-05, 0.0, 0.0, 0.0, 1.0],
                [0.878518, 0.217315, 0.425418, 0.124994, -0.020792, -0.872297, 0.488532, -0.002831, 0.477257, -0.438028, -0.761812, -1.2e-05, 0.0, 0.0, 0.0, 1.0],
                [0.882125, 0.210415, 0.421403, 0.124994, -0.02168, -0.875581, 0.482582, -0.002831, 0.470516, -0.434833, -0.767812, -1.2e-05, 0.0, 0.0, 0.0, 1.0],
                [0.885219, 0.204326, 0.417896, 0.124994, -0.022025, -0.878947, 0.476409, -0.002831, 0.464652, -0.43093, -0.773562, -1.2e-05, 0.0, 0.0, 0.0, 1.0],
                [0.887839, 0.198941, 0.414926, 0.124994, -0.02178, -0.882531, 0.469747, -0.002831, 0.459638, -0.426096, -0.779215, -1.2e-05, 0.0, 0.0, 0.0, 1.0],
                [0.890019, 0.194179, 0.412504, 0.124994, -0.020905, -0.886434, 0.462381, -0.002831, 0.455442, -0.42015, -0.784886, -1.2e-05, 0.0, 0.0, 0.0, 1.0],
                [0.891793, 0.189988, 0.410621, 0.124994, -0.019365, -0.890702, 0.454171, -0.002831, 0.452029, -0.412978, -0.790645, -1.2e-05, 0.0, 0.0, 0.0, 1.0],
                [0.893188, 0.186328, 0.409263, 0.124994, -0.017134, -0.895352, 0.445027, -0.002831, 0.449356, -0.404504, -0.796527, -1.2e-05, 0.0, 0.0, 0.0, 1.0],
                [0.894231, 0.183169, 0.408412, 0.124994, -0.014192, -0.900373, 0.434885, -0.002831, 0.44738, -0.394684, -0.802543, -1.2e-05, 0.0, 0.0, 0.0, 1.0],
                [0.894943, 0.180483, 0.408047, 0.124994, -0.010532, -0.905733, 0.423715, -0.002831, 0.446055, -0.383498, -0.808681, -1.2e-05, 0.0, 0.0, 0.0, 1.0],
                [0.895346, 0.178241, 0.408149, 0.124994, -0.006152, -0.911386, 0.411504, -0.002831, 0.445329, -0.370949, -0.814911, -1.2e-05, 0.0, 0.0, 0.0, 1.0],
                [0.895455, 0.176415, 0.408701, 0.124994, -0.00106, -0.91727, 0.398262, -0.002831, 0.445149, -0.357058, -0.821189, -1.2e-05, 0.0, 0.0, 0.0, 1.0],
                [0.895288, 0.174969, 0.409689, 0.124994, 0.004723, -0.923316, 0.384008, -0.002831, 0.445463, -0.341862, -0.827462, -1.2e-05, 0.0, 0.0, 0.0, 1.0],
                [0.894856, 0.173866, 0.4111, 0.124994, 0.01117, -0.929449, 0.368777, -0.002831, 0.446214, -0.32541, -0.833667, -1.2e-05, 0.0, 0.0, 0.0, 1.0],
                [0.894173, 0.173062, 0.41292, 0.124994, 0.018243, -0.935588, 0.352617, -0.002831, 0.447349, -0.307767, -0.839737, -1.2e-05, 0.0, 0.0, 0.0, 1.0],
                [0.893252, 0.172509, 0.415141, 0.124994, 0.025894, -0.941653, 0.335583, -0.002831, 0.44881, -0.28901, -0.845602, -1.2e-05, 0.0, 0.0, 0.0, 1.0],
                [0.892103, 0.172151, 0.417751, 0.124994, 0.034066, -0.947565, 0.317736, -0.002831, 0.450545, -0.269222, -0.851193, -1.2e-05, 0.0, 0.0, 0.0, 1.0],
                [0.890741, 0.17193, 0.420738, 0.124994, 0.042694, -0.953249, 0.29915, -0.002831, 0.452501, -0.248502, -0.85644, -1.2e-05, 0.0, 0.0, 0.0, 1.0],
                [0.889179, 0.171784, 0.424086, 0.124994, 0.051705, -0.958633, 0.279905, -0.002831, 0.454627, -0.226958, -0.861281, -1.2e-05, 0.0, 0.0, 0.0, 1.0],
                [0.887435, 0.171647, 0.427781, 0.124994, 0.06102, -0.963655, 0.260082, -0.002831, 0.456876, -0.204703, -0.865656, -1.2e-05, 0.0, 0.0, 0.0, 1.0],
                [0.885525, 0.171453, 0.431799, 0.124994, 0.070554, -0.96826, 0.239775, -0.002831, 0.459204, -0.181861, -0.869516, -1.2e-05, 0.0, 0.0, 0.0, 1.0],
                [0.88347, 0.171132, 0.436113, 0.124994, 0.080216, -0.972403, 0.219075, -0.002831, 0.461569, -0.158563, -0.872818, -1.2e-05, 0.0, 0.0, 0.0, 1.0],
                [0.881294, 0.17062, 0.440691, 0.124994, 0.089913, -0.97605, 0.198086, -0.002831, 0.463934, -0.134948, -0.875531, -1.2e-05, 0.0, 0.0, 0.0, 1.0],
                [0.879024, 0.169855, 0.445494, 0.124994, 0.09955, -0.979178, 0.176909, -0.002831, 0.466268, -0.111158, -0.877632, -1.2e-05, 0.0, 0.0, 0.0, 1.0],
                [0.876689, 0.168781, 0.450476, 0.124994, 0.109028, -0.981773, 0.155662, -0.002831, 0.468539, -0.087353, -0.879114, -1.2e-05, 0.0, 0.0, 0.0, 1.0],
                [0.874321, 0.167351, 0.455584, 0.124994, 0.11825, -0.983836, 0.134461, -0.002831, 0.470723, -0.063689, -0.87998, -1.2e-05, 0.0, 0.0, 0.0, 1.0],
                [0.871953, 0.165528, 0.460757, 0.124994, 0.127118, -0.985378, 0.113437, -0.002831, 0.472797, -0.040341, -0.880247, -1.2e-05, 0.0, 0.0, 0.0, 1.0],
                [0.869625, 0.163297, 0.465925, 0.124994, 0.135538, -0.98642, 0.092746, -0.002831, 0.474744, -0.017503, -0.87995, -1.2e-05, 0.0, 0.0, 0.0, 1.0],
                [0.867372, 0.160661, 0.471012, 0.124994, 0.143416, -0.986997, 0.072562, -0.002831, 0.476546, 0.004613, -0.879137, -1.2e-05, 0.0, 0.0, 0.0, 1.0],
                [0.865237, 0.157649, 0.475932, 0.124994, 0.150661, -0.987157, 0.053089, -0.002831, 0.47819, 0.025769, -0.877878, -1.2e-05, 0.0, 0.0, 0.0, 1.0],
                [0.863259, 0.15426, 0.480612, 0.124994, 0.157186, -0.986966, 0.034451, -0.002831, 0.479662, 0.045805, -0.876257, -1.2e-05, 0.0, 0.0, 0.0, 1.0],
                [0.861479, 0.150716, 0.48491, 0.124994, 0.162907, -0.98649, 0.017198, -0.002831, 0.480951, 0.06418, -0.874396, -1.2e-05, 0.0, 0.0, 0.0, 1.0],
                [0.859938, 0.147091, 0.488743, 0.124994, 0.167745, -0.985828, 0.001547, -0.002831, 0.482044, 0.080654, -0.872427, -1.2e-05, 0.0, 0.0, 0.0, 1.0],
                [0.858677, 0.143726, 0.491951, 0.124994, 0.171625, -0.98509, -0.011762, -0.002831, 0.482926, 0.094531, -0.870544, -1.2e-05, 0.0, 0.0, 0.0, 1.0],
                [0.857733, 0.140858, 0.494422, 0.124994, 0.174475, -0.984409, -0.022228, -0.002831, 0.483583, 0.10533, -0.868938, -1.2e-05, 0.0, 0.0, 0.0, 1.0],
                [0.857142, 0.138938, 0.495988, 0.124994, 0.176229, -0.983922, -0.02893, -0.002831, 0.483994, 0.112204, -0.867848, -1.2e-05, 0.0, 0.0, 0.0, 1.0],
                [0.856938, 0.138252, 0.496532, 0.124994, 0.176827, -0.983744, -0.031266, -0.002831, 0.484138, 0.114593, -0.867456, -1.2e-05, 0.0, 0.0, 0.0, 1.0]
            ]
        },
        {
            "name": "Leg_R",
            "time": [0.0, 0.0111, 0.0222, 0.0333, 0.0444, 0.0556, 0.0667, 0.0778, 0.0889, 0.1, 0.1111, 0.1222, 0.1333, 0.1444, 0.1556, 0.1667, 0.1778, 0.1889, 0.2, 0.2111, 0.2222, 0.2333, 0.2444, 0.2556, 0.2667, 0.2778, 0.2889, 0.3, 0.3111, 0.3222, 0.3333, 0.3444, 0.3556, 0.3667, 0.3778, 0.3889, 0.4, 0.4111, 0.4222, 0.4333, 0.4444, 0.4556, 0.4667, 0.4778, 0.4889, 0.5, 0.5111, 0.5222, 0.5333, 0.5444, 0.5556, 0.5667, 0.5778, 0.5889, 0.6, 0.6111, 0.6222, 0.6333, 0.6444, 0.6556, 0.6667, 0.6778, 0.6889, 0.7, 0.7111, 0.7222, 0.7333, 0.7444, 0.7556, 0.7667, 0.7778, 0.7889, 0.8, 0.8111, 0.8222, 0.8333, 0.8444, 0.8556, 0.8667, 0.8778, 0.8889, 0.9, 0.9111, 0.9222, 0.9333, 0.9444, 0.9556, 0.9667, 0.9778, 0.9889, 1.0, 1.0111, 1.0222, 1.0333, 1.0444, 1.0556, 1.0667, 1.0778, 1.0889, 1.1, 1.1111],
            "transform": [
                [1.0, -0.0, 1e-06, -0.0, -0.0, 0.982223, 0.18773, 0.374726, -1e-06, -0.187731, 0.982218, 0.0, 0.0, 0.0, 0.0, 1.0],
                [1.0, -0.0, 1e-06, -0.0, -0.0, 0.982223, 0.18773, 0.374726, -1e-06, -0.187731, 0.982218, 0.0, 0.0, 0.0, 0.0, 1.0],
                [1.0, -0.0, 1e-06, -0.0, -0.0, 0.982223, 0.18773, 0.374726, -1e-06, -0.187731, 0.982218, 0.0, 0.0, 0.0, 0.0, 1.0],
                [1.0, -0.0, 1e-06, -0.0, -0.0, 0.982223, 0.18773, 0.374726, -1e-06, -0.187731, 0.982218, 0.0, 0.0, 0.0, 0.0, 1.0],
                [1.0, -0.0, 1e-06, -0.0, -0.0, 0.924586, 0.380978, 0.374726, -1e-06, -0.38098, 0.924581, 0.0, 0.0, 0.0, 0.0, 1.0],
                [1.0, -0.0, 1e-06, 0.0, -0.0, 0.784053, 0.620694, 0.374726, -1e-06, -0.620697, 0.78405, 0.0, 0.0, 0.0, 0.0, 1.0],
                [1.0, -1e-06, 1e-06, 0.0, -0.0, 0.612448, 0.79051, 0.374726, -1e-06, -0.790513, 0.612446, 0.0, 0.0, 0.0, 0.0, 1.0],
                [1.0, -1e-06, 1e-06, -0.0, -0.0, 0.45677, 0.889584, 0.374726, -1e-06, -0.889586, 0.456769, -0.0, 0.0, 0.0, 0.0, 1.0],
                [1.0, -1e-06, 1e-06, 0.0, -0.0, 0.351306, 0.93626, 0.374726, -1e-06, -0.936262, 0.351305, 0.0, 0.0, 0.0, 0.0, 1.0],
                [1.0, -1e-06, 1e-06, 0.0, -0.0, 0.314634, 0.949212, 0.374726, -1e-06, -0.949214, 0.314633, 0.0, 0.0, 0.0, 0.0, 1.0],
                [1.0, -1e-06, 1e-06, -0.0, -0.0, 0.352672, 0.935746, 0.374726, -1e-06, -0.935748, 0.352671, -0.0, 0.0, 0.0, 0.0, 1.0],
                [1.0, -1e-06, 0.0, -0.0, -0.0, 0.42393, 0.905694, 0.374726, -1e-06, -0.905696, 0.423929, 0.0, 0.0, 0.0, 0.0, 1.0],
                [1.0, -1e-06, 0.0, 0.0, -0.0, 0.482403, 0.875949, 0.374726, -1e-06, -0.875951, 0.482402, -0.0, 0.0, 0.0, 0.0, 1.0],
                [1.0, -1e-06, 1e-06, -0.0, -0.0, 0.525634, 0.85071, 0.374726, -1e-06, -0.850713, 0.525633, 0.0, 0.0, 0.0, 0.0, 1.0],
                [1.0, -1e-06, 1e-06, 0.0, -0.0, 0.553468, 0.83287, 0.374726, -1e-06, -0.832872, 0.553466, 0.0, 0.0, 0.0, 0.0, 1.0],
                [1.0, -1e-06, 1e-06, -0.0, -0.0, 0.567183, 0.823591, 0.374726, -1e-06, -0.823593, 0.567181, -0.0, 0.0, 0.0, 0.0, 1.0],
                [1.000001, -1e-06, 1e-06, -0.0, -0.0, 0.547663, 0.836699, 0.374726, -1e-06, -0.836702, 0.547661, -0.0, 0.0, 0.0, 0.0, 1.0],
                [1.0, -1e-06, 1e-06, -0.0, -0.0, 0.483171, 0.875525, 0.374726, -1e-06, -0.875528, 0.483169, -0.0, 0.0, 0.0, 0.0, 1.0],
                [1.0, -1e-06, 1e-06, -0.0, -0.0, 0.389177, 0.921162, 0.374726, -1e-06, -0.921164, 0.389176, -0.0, 0.0, 0.0, 0.0, 1.0],
                [1.0, -1e-06, 1e-06, -0.0, -0.0, 0.282029, 0.959405, 0.374726, -1e-06, -0.959407, 0.282028, -0.0, 0.0, 0.0, 0.0, 1.0],
                [1.0, -1e-06, 0.0, 0.0, -0.0, 0.176601, 0.984282, 0.374726, -1e-06, -0.984284, 0.1766, -0.0, 0.0, 0.0, 0.0, 1.0],
                [1.0, -1e-06, 0.0, 0.0, -0.0, 0.084663, 0.996408, 0.374726, -1e-06, -0.996411, 0.084663, -0.0, 0.0, 0.0, 0.0, 1.0],
                [1.0, -1e-06, 0.0, 0.0, -0.0, 0.013879, 0.999902, 0.374726, -1e-06, -0.999904, 0.013879, -0.0, 0.0, 0.0, 0.0, 1.0],
                [1.0, -1e-06, 0.0, -0.0, -0.0, -0.032583, 0.999469, 0.374726, -1e-06, -0.99947, -0.032583, -0.0, 0.0, 0.0, 0.0, 1.0],
                [1.0, -1e-06, 0.0, -0.0, -0.0, -0.055846, 0.998439, 0.374726, -1e-06, -0.99844, -0.055846, -0.0, 0.0, 0.0, 0.0, 1.0],
                [1.0, -1e-06, 0.0, 0.0, -0.0, -0.060571, 0.998163, 0.374726, -1e-06, -0.998165, -0.060571, 0.0, 0.0, 0.0, 0.0, 1.0],
                [1.0, -1e-06, 0.0, -0.0, -0.0, -0.053622, 0.998561, 0.374726, -1e-06, -0.998562, -0.053622, 0.0, 0.0, 0.0, 0.0, 1.0],
                [1.0, -1e-06, 0.0, 0.0, -0.0, -0.051128, 0.998691, 0.374726, -1e-06, -0.998693, -0.051128, -0.0, 0.0, 0.0, 0.0, 1.0],
                [1.0, -1e-06, 0.0, -0.0, -0.0, -0.059705, 0.998215, 0.374726, -1e-06, -0.998217, -0.059705, -0.0, 0.0, 0.0, 0.0, 1.0],
                [1.0, -1e-06, 0.0, 0.0, -0.0, -0.067799, 0.997698, 0.374726, -1e-06, -0.9977, -0.067799, -0.0, 0.0, 0.0, 0.0, 1.0],
                [1.0, -1e-06, 0.0, -0.0, -0.0, -0.054473, 0.998514, 0.374726, -1e-06, -0.998516, -0.054473, 0.0, 0.0, 0.0, 0.0, 1.0],
                [1.0, -1e-06, 0.0, 0.0, -0.0, 0.02352, 0.999723, 0.374726, -1e-06, -0.999725, 0.02352, 0.0, 0.0, 0.0, 0.0, 1.0],
                [1.0, -1e-06, 0.0, -0.0, -0.0, 0.238202, 0.971215, 0.374726, -1e-06, -0.971217, 0.238202, 0.0, 0.0, 0.0, 0.0, 1.0],
                [1.0, -1e-06, 1e-06, -0.0, -0.0, 0.602792, 0.797898, 0.374726, -1e-06, -0.7979, 0.60279, -0.0, 0.0, 0.0, 0.0, 1.0],
                [1.0, -0.0, 1e-06, 0.0, 0.0, 0.999992, 0.004683, 0.374726, -1e-06, -0.004683, 0.999986, -0.0, 0.0, 0.0, 0.0, 1.0],
                [1.0, -0.0, 1e-06, 0.0, 0.0, 0.999992, 0.004724, 0.374726, -1e-06, -0.004724, 0.999986, 0.0, 0.0, 0.0, 0.0, 1.0],
                [1.0, -0.0, 1e-06, -0.0, -0.0, 0.916986, 0.398924, 0.374726, -1e-06, -0.398926, 0.916981, -0.0, 0.0, 0.0, 0.0, 1.0],
                [1.0, -1e-06, 1e-06, 0.0, -0.0, 0.598258, 0.801303, 0.374726, -1e-06, -0.801305, 0.598256, -0.0, 0.0, 0.0, 0.0, 1.0],
                [1.0, -1e-06, 1e-06, -0.0, -0.0, 0.486879, 0.873469, 0.374726, -1e-06, -0.873471, 0.486877, -0.0, 0.0, 0.0, 0.0, 1.0],
                [1.0, -1e-06, 1e-06, 0.0, -0.0, 0.486879, 0.873469, 0.374726, -1e-06, -0.873471, 0.486877, -0.0, 0.0, 0.0, 0.0, 1.0],
                [1.0, -1e-06, 1e-06, 0.0, -0.0, 0.486878, 0.873469, 0.374726, -1e-06, -0.873471, 0.486877, -0.0, 0.0, 0.0, 0.0, 1.0],
                [1.0, -1e-06, 1e-06, -0.0, -0.0, 0.486878, 0.873469, 0.374726, -1e-06, -0.873471, 0.486877, -0.0, 0.0, 0.0, 0.0, 1.0],
                [1.0, -1e-06, 1e-06, 0.0, -0.0, 0.486879, 0.873469, 0.374726, -1e-06, -0.873471, 0.486877, -0.0, 0.0, 0.0, 0.0, 1.0],
                [1.0, -1e-06, 1e-06, -0.0, -0.0, 0.486879, 0.873469, 0.374726, -1e-06, -0.873471, 0.486877, -0.0, 0.0, 0.0, 0.0, 1.0],
                [1.0, -1e-06, 1e-06, -0.0, -0.0, 0.486879, 0.873469, 0.374726, -1e-06, -0.873471, 0.486877, -0.0, 0.0, 0.0, 0.0, 1.0],
                [1.0, -1e-06, 1e-06, 0.0, -0.0, 0.486879, 0.873469, 0.374726, -1e-06, -0.873471, 0.486877, 0.0, 0.0, 0.0, 0.0, 1.0],
                [1.0, -1e-06, 1e-06, 0.0, -0.0, 0.486878, 0.873469, 0.374726, -1e-06, -0.873471, 0.486877, 0.0, 0.0, 0.0, 0.0, 1.0],
                [1.0, -1e-06, 1e-06, 0.0, -0.0, 0.486878, 0.873469, 0.374726, -1e-06, -0.873471, 0.486877, 0.0, 0.0, 0.0, 0.0, 1.0],
                [1.0, -1e-06, 1e-06, 0.0, -0.0, 0.486879, 0.873469, 0.374726, -1e-06, -0.873471, 0.486877, -0.0, 0.0, 0.0, 0.0, 1.0],
                [1.0, -1e-06, 1e-06, -0.0, -0.0, 0.486878, 0.873469, 0.374726, -1e-06, -0.873471, 0.486877, 0.0, 0.0, 0.0, 0.0, 1.0],
                [1.0, -1e-06, 1e-06, -0.0, -0.0, 0.486879, 0.873469, 0.374726, -1e-06, -0.873471, 0.486877, -0.0, 0.0, 0.0, 0.0, 1.0],
                [1.0, -1e-06, 1e-06, 0.0, -0.0, 0.498712, 0.866767, 0.374726, -1e-06, -0.866769, 0.498711, 0.0, 0.0, 0.0, 0.0, 1.0],
                [1.0, -1e-06, 1e-06, 0.0, -0.0, 0.531161, 0.84727, 0.374726, -1e-06, -0.847273, 0.531159, 0.0, 0.0, 0.0, 0.0, 1.0],
                [1.0, -1e-06, 1e-06, -0.0, -0.0, 0.579929, 0.814666, 0.374726, -1e-06, -0.814669, 0.579927, -0.0, 0.0, 0.0, 0.0, 1.0],
