{
    "animation": [
        {
            "name": "Root",
            "time": [0.0, 0.0111, 0.0222, 0.0333, 0.0444, 0.0556, 0.0667, 0.0778, 0.0889, 0.1, 0.1111, 0.1222, 0.1333, 0.1444, 0.1556, 0.1667, 0.1778, 0.1889, 0.2, 0.2111, 0.2222, 0.2333, 0.2444, 0.2556, 0.2667, 0.2778, 0.2889, 0.3, 0.3111, 0.3222, 0.3333, 0.3444, 0.3556, 0.3667, 0.3778, 0.3889, 0.4, 0.4111, 0.4222, 0.4333, 0.4444, 0.4556, 0.4667, 0.4778, 0.4889, 0.5, 0.5111, 0.5222, 0.5333, 0.5444, 0.5556, 0.5667, 0.5778, 0.5889, 0.6, 0.6111, 0.6222, 0.6333, 0.6444, 0.6556, 0.6667, 0.6778, 0.6889, 0.7, 0.7111, 0.7222, 0.7333, 0.7444, 0.7556, 0.7667, 0.7778, 0.7889, 0.8, 0.8111, 0.8222, 0.8333, 0.8444, 0.8556, 0.8667, 0.8778, 0.8889, 0.9, 0.9111, 0.9222, 0.9333, 0.9444, 0.9556, 0.9667, 0.9778, 0.9889, 1.0, 1.0111, 1.0222, 1.0333, 1.0444, 1.0556, 1.0667, 1.0778, 1.0889, 1.1, 1.1111],
            "transform": [
                [0.899785, 0.0, 0.436335, -5e-06, 0.436335, 0.0, -0.899785, 0.6367, 0.0, 1.0, 0.0, 0.561964, 0.0, 0.0, 0.0, 1.0],
                [0.899785, 0.0, 0.436335, -5e-06, 0.436335, 0.0, -0.899785, 0.6367, 0.0, 1.0, 0.0, 0.561964, 0.0, 0.0, 0.0, 1.0],
                [0.899785, 0.0, 0.436335, -5e-06, 0.436335, 0.0, -0.899785, 0.6367, 0.0, 1.0, 0.0, 0.561964, 0.0, 0.0, 0.0, 1.0],
                [0.917816, 0.0, 0.397006, -5e-06, 0.397006, 0.0, -0.917816, 0.637518, 0.0, 1.0, 0.0, 0.568342, 0.0, 0.0, 0.0, 1.0],
                [0.953992, 0.0, 0.299834, -5e-06, 0.299834, 0.0, -0.953992, 0.641923, 0.0, 1.0, 0.0, 0.583551, 0.0, 0.0, 0.0, 1.0],
                [0.983787, 0.0, 0.17934, -5e-06, 0.17934, 0.0, -0.983787, 0.652844, 0.0, 1.0, 0.0, 0.601703, 0.0, 0.0, 0.0, 1.0],
                [0.997069, 0.0, 0.076506, -5e-06, 0.076506, 0.0, -0.997069, 0.673207, 0.0, 1.0, 0.0, 0.616912, 0.0, 0.0, 0.0, 1.0],
                [0.999445, 0.0, 0.033307, -5e-06, 0.033307, 0.0, -0.999445, 0.705942, 0.0, 1.0, 0.0, 0.62329, 0.0, 0.0, 0.0, 1.0],
                [0.999445, 0.0, 0.033307, -5e-06, 0.033307, 0.0, -0.999445, 0.752683, 0.0, 1.0, 0.0, 0.62329, 0.0, 0.0, 0.0, 1.0],
                [0.999445, 0.0, 0.033307, -5e-06, 0.033307, 0.0, -0.999445, 0.809896, 0.0, 1.0, 0.0, 0.62329, 0.0, 0.0, 0.0, 1.0],
                [0.999445, 0.0, 0.033307, -5e-06, 0.033307, 0.0, -0.999445, 0.872756, 0.0, 1.0, 0.0, 0.62329, 0.0, 0.0, 0.0, 1.0],
                [0.999445, 0.0, 0.033307, -5e-06, 0.033307, 0.0, -0.999445, 0.936438, 0.0, 1.0, 0.0, 0.62329, 0.0, 0.0, 0.0, 1.0],
                [0.999445, 0.0, 0.033307, -5e-06, 0.033307, 0.0, -0.999445, 0.996114, 0.0, 1.0, 0.0, 0.62329, 0.0, 0.0, 0.0, 1.0],
                [0.999445, 0.0, 0.033307, -5e-06, 0.033307, 0.0, -0.999445, 1.04696, 0.0, 1.0, 0.0, 0.62329, 0.0, 0.0, 0.0, 1.0],
                [0.999445, 0.0, 0.033307, -5e-06, 0.033307, 0.0, -0.999445, 1.087092, 0.0, 1.0, 0.0, 0.62329, 0.0, 0.0, 0.0, 1.0],
                [0.999445, 0.0, 0.033307, -5e-06, 0.033307, 0.0, -0.999445, 1.118597, 0.0, 1.0, 0.0, 0.62329, 0.0, 0.0, 0.0, 1.0],
                [0.999445, 0.0, 0.033307, -5e-06, 0.033307, 0.0, -0.999445, 1.142613, 0.0, 1.0, 0.0, 0.62329, 0.0, 0.0, 0.0, 1.0],
                [0.999445, 0.0, 0.033307, -5e-06, 0.033307, 0.0, -0.999445, 1.160274, 0.0, 1.0, 0.0, 0.62329, 0.0, 0.0, 0.0, 1.0],
                [0.999445, 0.0, 0.033307, -5e-06, 0.033307, 0.0, -0.999445, 1.172716, 0.0, 1.0, 0.0, 0.62329, 0.0, 0.0, 0.0, 1.0],
                [0.999445, 0.0, 0.033307, -5e-06, 0.033307, 0.0, -0.999445, 1.181073, 0.0, 1.0, 0.0, 0.62329, 0.0, 0.0, 0.0, 1.0],
                [0.999445, 0.0, 0.033307, -5e-06, 0.033307, 0.0, -0.999445, 1.186481, 0.0, 1.0, 0.0, 0.62329, 0.0, 0.0, 0.0, 1.0],
                [0.999445, 0.0, 0.033307, -5e-06, 0.033307, 0.0, -0.999445, 1.190077, 0.0, 1.0, 0.0, 0.62329, 0.0, 0.0, 0.0, 1.0],
                [0.999445, 0.0, 0.033307, -5e-06, 0.033307, 0.0, -0.999445, 1.192994, 0.0, 1.0, 0.0, 0.62329, 0.0, 0.0, 0.0, 1.0],
                [0.999445, 0.0, 0.033307, -5e-06, 0.033307, 0.0, -0.999445, 1.196368, 0.0, 1.0, 0.0, 0.62329, 0.0, 0.0, 0.0, 1.0],
                [0.999275, 0.0, 0.038072, -5e-06, 0.038072, 0.0, -0.999275, 1.201104, 0.0, 1.0, 0.0, 0.62329, 0.0, 0.0, 0.0, 1.0],
                [0.998673, 0.0, 0.05149, -5e-06, 0.05149, 0.0, -0.998673, 1.207185, 0.0, 1.0, 0.0, 0.62329, 0.0, 0.0, 0.0, 1.0],
                [0.997388, 0.0, 0.072236, -5e-06, 0.072236, 0.0, -0.997388, 1.214363, 0.0, 1.0, 0.0, 0.62329, 0.0, 0.0, 0.0, 1.0],
                [0.99509, 0.0, 0.098973, -5e-06, 0.098973, 0.0, -0.99509, 1.222391, 0.0, 1.0, 0.0, 0.62329, 0.0, 0.0, 0.0, 1.0],
                [0.99147, 0.0, 0.130332, -5e-06, 0.130332, 0.0, -0.99147, 1.231019, 0.0, 1.0, 0.0, 0.62329, 0.0, 0.0, 0.0, 1.0],
                [0.986308, 0.0, 0.164915, -5e-06, 0.164915, 0.0, -0.986308, 1.240002, 0.0, 1.0, 0.0, 0.62329, 0.0, 0.0, 0.0, 1.0],
                [0.979529, 0.0, 0.201302, -5e-06, 0.201302, 0.0, -0.979529, 1.249091, 0.0, 1.0, 0.0, 0.62329, 0.0, 0.0, 0.0, 1.0],
                [0.971246, 0.0, 0.238077, -5e-06, 0.238077, 0.0, -0.971246, 1.258039, 0.0, 1.0, 0.0, 0.62329, 0.0, 0.0, 0.0, 1.0],
                [0.96177, 0.0, 0.273857, -5e-06, 0.273857, 0.0, -0.96177, 1.266597, 0.0, 1.0, 0.0, 0.62329, 0.0, 0.0, 0.0, 1.0],
                [0.951608, 0.0, 0.307313, -5e-06, 0.307313, 0.0, -0.951608, 1.274518, 0.0, 1.0, 0.0, 0.62329, 0.0, 0.0, 0.0, 1.0],
                [0.941434, 0.0, 0.337196, -5e-06, 0.337196, 0.0, -0.941434, 1.281555, 0.0, 1.0, 0.0, 0.62329, 0.0, 0.0, 0.0, 1.0],
                [0.932047, 0.0, 0.362336, -5e-06, 0.362336, 0.0, -0.932047, 1.287459, 0.0, 1.0, 0.0, 0.62329, 0.0, 0.0, 0.0, 1.0],
                [0.924315, 0.0, 0.381631, -5e-06, 0.381631, 0.0, -0.924315, 1.291983, 0.0, 1.0, 0.0, 0.62329, 0.0, 0.0, 0.0, 1.0],
                [0.919106, 0.0, 0.39401, -5e-06, 0.39401, 0.0, -0.919106, 1.294878, 0.0, 1.0, 0.0, 0.62329, 0.0, 0.0, 0.0, 1.0],
                [0.917216, 0.0, 0.398389, -5e-06, 0.398389, 0.0, -0.917216, 1.295899, 0.0, 1.0, 0.0, 0.62329, 0.0, 0.0, 0.0, 1.0],
                [0.917216, 0.0, 0.398389, -5e-06, 0.398389, 0.0, -0.917216, 1.295899, 0.0, 1.0, 0.0, 0.62329, 0.0, 0.0, 0.0, 1.0],
                [0.917216, 0.0, 0.398389, -5e-06, 0.398389, 0.0, -0.917216, 1.295899, 0.0, 1.0, 0.0, 0.62329, 0.0, 0.0, 0.0, 1.0],
                [0.917216, 0.0, 0.398389, -5e-06, 0.398389, 0.0, -0.917216, 1.295899, 0.0, 1.0, 0.0, 0.62329, 0.0, 0.0, 0.0, 1.0],
                [0.917216, 0.0, 0.398389, -5e-06, 0.398389, 0.0, -0.917216, 1.295899, 0.0, 1.0, 0.0, 0.62329, 0.0, 0.0, 0.0, 1.0],
                [0.917216, 0.0, 0.398389, -5e-06, 0.398389, 0.0, -0.917216, 1.295899, 0.0, 1.0, 0.0, 0.62329, 0.0, 0.0, 0.0, 1.0],
                [0.917216, 0.0, 0.398389, -5e-06, 0.398389, 0.0, -0.917216, 1.295899, 0.0, 1.0, 0.0, 0.62329, 0.0, 0.0, 0.0, 1.0],
                [0.917216, 0.0, 0.398389, -5e-06, 0.398389, 0.0, -0.917216, 1.295899, 0.0, 1.0, 0.0, 0.62329, 0.0, 0.0, 0.0, 1.0],
                [0.917216, 0.0, 0.398389, -5e-06, 0.398389, 0.0, -0.917216, 1.295899, 0.0, 1.0, 0.0, 0.62329, 0.0, 0.0, 0.0, 1.0],
                [0.917216, 0.0, 0.398389, -5e-06, 0.398389, 0.0, -0.917216, 1.295899, 0.0, 1.0, 0.0, 0.62329, 0.0, 0.0, 0.0, 1.0],
                [0.917216, 0.0, 0.398389, -5e-06, 0.398389, 0.0, -0.917216, 1.295899, 0.0, 1.0, 0.0, 0.62329, 0.0, 0.0, 0.0, 1.0],
                [0.917216, 0.0, 0.398389, -5e-06, 0.398389, 0.0, -0.917216, 1.295899, 0.0, 1.0, 0.0, 0.62329, 0.0, 0.0, 0.0, 1.0],
                [0.917216, 0.0, 0.398389, -5e-06, 0.398389, 0.0, -0.917216, 1.295899, 0.0, 1.0, 0.0, 0.62329, 0.0, 0.0, 0.0, 1.0],
                [0.917809, 0.0, 0.397022, -5e-06, 0.397022, 0.0, -0.917809, 1.296409, 0.0, 1.0, 0.0, 0.623585, 0.0, 0.0, 0.0, 1.0],
                [0.919514, 0.0, 0.393058, -5e-06, 0.393058, 0.0, -0.919514, 1.297877, 0.0, 1.0, 0.0, 0.624439, 0.0, 0.0, 0.0, 1.0],
                [0.92221, 0.0, 0.386691, -5e-06, 0.386691, 0.0, -0.92221, 1.300213, 0.0, 1.0, 0.0, 0.625806, 0.0, 0.0, 0.0, 1.0],
                [0.925761, 0.0, 0.37811, -5e-06, 0.37811, 0.0, -0.925761, 1.303325, 0.0, 1.0, 0.0, 0.62764, 0.0, 0.0, 0.0, 1.0],
                [0.930023, 0.0, 0.3675, -5e-06, 0.3675, 0.0, -0.930023, 1.307123, 0.0, 1.0, 0.0, 0.629895, 0.0, 0.0, 0.0, 1.0],
                [0.934849, 0.0, 0.355046, -5e-06, 0.355046, 0.0, -0.934849, 1.311515, 0.0, 1.0, 0.0, 0.632525, 0.0, 0.0, 0.0, 1.0],
                [0.940087, 0.0, 0.340933, -5e-06, 0.340933, 0.0, -0.940087, 1.316411, 0.0, 1.0, 0.0, 0.635483, 0.0, 0.0, 0.0, 1.0],
                [0.945592, 0.0, 0.325354, -5e-06, 0.325354, 0.0, -0.945592, 1.321718, 0.0, 1.0, 0.0, 0.638724, 0.0, 0.0, 0.0, 1.0],
                [0.951222, 0.0, 0.308507, -5e-06, 0.308507, 0.0, -0.951222, 1.327346, 0.0, 1.0, 0.0, 0.6422, 0.0, 0.0, 0.0, 1.0],
                [0.956845, 0.0, 0.290599, -5e-06, 0.290599, 0.0, -0.956845, 1.333204, 0.0, 1.0, 0.0, 0.645868, 0.0, 0.0, 0.0, 1.0],
                [0.962341, 0.0, 0.271844, -5e-06, 0.271844, 0.0, -0.962341, 1.339201, 0.0, 1.0, 0.0, 0.649679, 0.0, 0.0, 0.0, 1.0],
                [0.967606, 0.0, 0.252465, -5e-06, 0.252465, 0.0, -0.967606, 1.345246, 0.0, 1.0, 0.0, 0.653588, 0.0, 0.0, 0.0, 1.0],
                [0.97255, 0.0, 0.232695, -5e-06, 0.232695, 0.0, -0.97255, 1.351247, 0.0, 1.0, 0.0, 0.657549, 0.0, 0.0, 0.0, 1.0],
                [0.977102, 0.0, 0.212773, -5e-06, 0.212773, 0.0, -0.977102, 1.357113, 0.0, 1.0, 0.0, 0.661516, 0.0, 0.0, 0.0, 1.0],
                [0.98121, 0.0, 0.192944, -5e-06, 0.192944, 0.0, -0.98121, 1.362754, 0.0, 1.0, 0.0, 0.665442, 0.0, 0.0, 0.0, 1.0],
                [0.984848, 0.0, 0.173417, -5e-06, 0.173417, 0.0, -0.984848, 1.368111, 0.0, 1.0, 0.0, 0.66929, 0.0, 0.0, 0.0, 1.0],
                [0.988032, 0.0, 0.15425, -5e-06, 0.15425, 0.0, -0.988032, 1.373259, 0.0, 1.0, 0.0, 0.673051, 0.0, 0.0, 0.0, 1.0],
                [0.990783, 0.0, 0.135458, -5e-06, 0.135458, 0.0, -0.990783, 1.378304, 0.0, 1.0, 0.0, 0.676726, 0.0, 0.0, 0.0, 1.0],
                [0.993126, 0.0, 0.117053, -5e-06, 0.117053, 0.0, -0.993126, 1.383353, 0.0, 1.0, 0.0, 0.680314, 0.0, 0.0, 0.0, 1.0],
                [0.995082, 0.0, 0.099051, -5e-06, 0.099051, 0.0, -0.995082, 1.388513, 0.0, 1.0, 0.0, 0.683816, 0.0, 0.0, 0.0, 1.0],
                [0.996677, 0.0, 0.08146, -5e-06, 0.08146, 0.0, -0.996677, 1.393893, 0.0, 1.0, 0.0, 0.687232, 0.0, 0.0, 0.0, 1.0],
                [0.997931, 0.0, 0.064293, -5e-06, 0.064293, 0.0, -0.997931, 1.399597, 0.0, 1.0, 0.0, 0.690561, 0.0, 0.0, 0.0, 1.0],
                [0.998869, 0.0, 0.047556, -5e-06, 0.047556, 0.0, -0.998869, 1.405734, 0.0, 1.0, 0.0, 0.693805, 0.0, 0.0, 0.0, 1.0],
                [0.999511, 0.0, 0.031259, -5e-06, 0.031259, 0.0, -0.999511, 1.412411, 0.0, 1.0, 0.0, 0.696962, 0.0, 0.0, 0.0, 1.0],
                [0.999881, 0.0, 0.015406, -5e-06, 0.015406, 0.0, -0.999881, 1.419735, 0.0, 1.0, 0.0, 0.700034, 0.0, 0.0, 0.0, 1.0],
                [1.0, 0.0, 4e-06, -5e-06, 4e-06, 0.0, -1.0, 1.427813, 0.0, 1.0, 0.0, 0.703019, 0.0, 0.0, 0.0, 1.0],
                [0.999888, 0.0, -0.014943, -5e-06, -0.014943, 0.0, -0.999888, 1.436751, 0.0, 1.0, 0.0, 0.705918, 0.0, 0.0, 0.0, 1.0],
                [0.999567, 0.0, -0.029432, -5e-06, -0.029432, 0.0, -0.999567, 1.446657, 0.0, 1.0, 0.0, 0.708732, 0.0, 0.0, 0.0, 1.0],
                [0.999055, 0.0, -0.043459, -5e-06, -0.043459, 0.0, -0.999055, 1.457639, 0.0, 1.0, 0.0, 0.71146, 0.0, 0.0, 0.0, 1.0],
                [0.998373, 0.0, -0.057024, -5e-06, -0.057024, 0.0, -0.998373, 1.469802, 0.0, 1.0, 0.0, 0.714101, 0.0, 0.0, 0.0, 1.0],
                [0.997539, 0.0, -0.070121, -5e-06, -0.070121, 0.0, -0.997539, 1.483204, 0.0, 1.0, 0.0, 0.716657, 0.0, 0.0, 0.0, 1.0],
                [0.996572, 0.0, -0.08273, -5e-06, -0.08273, 0.0, -0.996572, 1.497702, 0.0, 1.0, 0.0, 0.719122, 0.0, 0.0, 0.0, 1.0],
                [0.995494, 0.0, -0.094829, -5e-06, -0.094829, 0.0, -0.995494, 1.513104, 0.0, 1.0, 0.0, 0.721493, 0.0, 0.0, 0.0, 1.0],
                [0.994324, 0.0, -0.106397, -5e-06, -0.106397, 0.0, -0.994324, 1.529216, 0.0, 1.0, 0.0, 0.723765, 0.0, 0.0, 0.0, 1.0],
                [0.993083, 0.0, -0.117411, -5e-06, -0.117411, 0.0, -0.993083, 1.545846, 0.0, 1.0, 0.0, 0.725933, 0.0, 0.0, 0.0, 1.0],
                [0.991793, 0.0, -0.127852, -5e-06, -0.127852, 0.0, -0.991793, 1.562801, 0.0, 1.0, 0.0, 0.727994, 0.0, 0.0, 0.0, 1.0],
                [0.990474, 0.0, -0.137699, -5e-06, -0.137699, 0.0, -0.990474, 1.579887, 0.0, 1.0, 0.0, 0.729942, 0.0, 0.0, 0.0, 1.0],
                [0.989146, 0.0, -0.146933, -5e-06, -0.146933, 0.0, -0.989146, 1.596913, 0.0, 1.0, 0.0, 0.731773, 0.0, 0.0, 0.0, 1.0],
                [0.98783, 0.0, -0.155536, -5e-06, -0.155536, 0.0, -0.98783, 1.613685, 0.0, 1.0, 0.0, 0.733484, 0.0, 0.0, 0.0, 1.0],
                [0.986545, 0.0, -0.163488, -5e-06, -0.163488, 0.0, -0.986545, 1.63001, 0.0, 1.0, 0.0, 0.735069, 0.0, 0.0, 0.0, 1.0],
                [0.985311, 0.0, -0.170771, -5e-06, -0.170771, 0.0, -0.985311, 1.645696, 0.0, 1.0, 0.0, 0.736524, 0.0, 0.0, 0.0, 1.0],
                [0.984145, 0.0, -0.177367, -5e-06, -0.177367, 0.0, -0.984145, 1.660549, 0.0, 1.0, 0.0, 0.737845, 0.0, 0.0, 0.0, 1.0],
                [0.983065, 0.0, -0.183257, -5e-06, -0.183257, 0.0, -0.983065, 1.674377, 0.0, 1.0, 0.0, 0.739026, 0.0, 0.0, 0.0, 1.0],
                [0.982088, 0.0, -0.188425, -5e-06, -0.188425, 0.0, -0.982088, 1.686988, 0.0, 1.0, 0.0, 0.740065, 0.0, 0.0, 0.0, 1.0],
                [0.981228, 0.0, -0.19285, -5e-06, -0.19285, 0.0, -0.981228, 1.698187, 0.0, 1.0, 0.0, 0.740956, 0.0, 0.0, 0.0, 1.0],
                [0.980501, 0.0, -0.196515, -5e-06, -0.196515, 0.0, -0.980501, 1.707782, 0.0, 1.0, 0.0, 0.741695, 0.0, 0.0, 0.0, 1.0],
                [0.979918, 0.0, -0.1994, -5e-06, -0.1994, 0.0, -0.979918, 1.715581, 0.0, 1.0, 0.0, 0.742277, 0.0, 0.0, 0.0, 1.0],
                [0.979491, 0.0, -0.201486, -5e-06, -0.201486, 0.0, -0.979491, 1.721391, 0.0, 1.0, 0.0, 0.742699, 0.0, 0.0, 0.0, 1.0],
                [0.97923, 0.0, -0.202753, -5e-06, -0.202753, 0.0, -0.97923, 1.725018, 0.0, 1.0, 0.0, 0.742955, 0.0, 0.0, 0.0, 1.0],
                [0.979141, 0.0, -0.20318, -5e-06, -0.20318, 0.0, -0.979141, 1.726269, 0.0, 1.0, 0.0, 0.743041, 0.0, 0.0, 0.0, 1.0]
            ]
        },
        {
            "name": "Thigh_R",
            "time": [0.0, 0.0111, 0.0222, 0.0333, 0.0444, 0.0556, 0.0667, 0.0778, 0.0889, 0.1, 0.1111, 0.1222, 0.1333, 0.1444, 0.1556, 0.1667, 0.1778, 0.1889, 0.2, 0.2111, 0.2222, 0.2333, 0.2444, 0.2556, 0.2667, 0.2778, 0.2889, 0.3, 0.3111, 0.3222, 0.3333, 0.3444, 0.3556, 0.3667, 0.3778, 0.3889, 0.4, 0.4111, 0.4222, 0.4333, 0.4444, 0.4556, 0.4667, 0.4778, 0.4889, 0.5, 0.5111, 0.5222, 0.5333, 0.5444, 0.5556, 0.5667, 0.5778, 0.5889, 0.6, 0.6111, 0.6222, 0.6333, 0.6444, 0.6556, 0.6667, 0.6778, 0.6889, 0.7, 0.7111, 0.7222, 0.7333, 0.7444, 0.7556, 0.7667, 0.7778, 0.7889, 0.8, 0.8111, 0.8222, 0.8333, 0.8444, 0.8556, 0.8667, 0.8778, 0.8889, 0.9, 0.9111, 0.9222, 0.9333, 0.9444, 0.9556, 0.9667, 0.9778, 0.9889, 1.0, 1.0111, 1.0222, 1.0333, 1.0444, 1.0556, 1.0667, 1.0778, 1.0889, 1.1, 1.1111],
            "transform": [
                [0.785853, 0.551215, 0.280351, 0.124994, 0.013069, -0.46804, 0.883611, -0.002831, 0.618275, -0.690722, -0.375015, -1.2e-05, 0.0, 0.0, 0.0, 1.0],
                [0.785853, 0.551215, 0.280351, 0.124994, 0.013069, -0.46804, 0.883611, -0.002831, 0.618275, -0.690722, -0.375015, -1.2e-05, 0.0, 0.0, 0.0, 1.0],
                [0.785853, 0.551215, 0.280351, 0.124994, 0.013069, -0.46804, 0.883611, -0.002831, 0.618275, -0.690722, -0.375015, -1.2e-05, 0.0, 0.0, 0.0, 1.0],
                [0.814495, 0.511812, 0.273213, 0.124994, 0.011654, -0.485256, 0.874295, -0.002831, 0.580053, -0.708923, -0.401204, -1.2e-05, 0.0, 0.0, 0.0, 1.0],
                [0.874814, 0.41632, 0.247743, 0.124994, 0.009794, -0.526475, 0.850134, -0.002831, 0.484359, -0.741282, -0.464646, -1.2e-05, 0.0, 0.0, 0.0, 1.0],
                [0.931332, 0.303402, 0.20141, 0.124994, 0.010657, -0.575537, 0.817706, -0.002831, 0.364013, -0.759408, -0.539251, -1.2e-05, 0.0, 0.0, 0.0, 1.0],
                [0.96527, 0.214848, 0.14864, 0.124994, 0.01562, -0.615389, 0.788068, -0.002831, 0.260787, -0.758375, -0.597374, -1.2e-05, 0.0, 0.0, 0.0, 1.0],
                [0.975443, 0.18472, 0.119952, 0.124994, 0.024438, -0.632024, 0.774563, -0.002831, 0.218891, -0.752609, -0.62102, -1.2e-05, 0.0, 0.0, 0.0, 1.0],
                [0.974807, 0.192215, 0.11315, 0.124994, 0.037306, -0.640653, 0.766923, -0.002831, 0.219904, -0.74338, -0.631686, -1.2e-05, 0.0, 0.0, 0.0, 1.0],
                [0.974757, 0.196816, 0.105409, 0.124994, 0.053429, -0.664036, 0.745788, -0.002831, 0.216779, -0.721329, -0.657791, -1.2e-05, 0.0, 0.0, 0.0, 1.0],
                [0.975159, 0.198067, 0.099161, 0.124994, 0.070788, -0.702867, 0.70779, -0.002831, 0.209887, -0.683187, -0.69943, -1.2e-05, 0.0, 0.0, 0.0, 1.0],
                [0.97587, 0.196276, 0.095669, 0.124994, 0.087361, -0.752515, 0.652754, -0.002831, 0.200112, -0.628645, -0.751505, -1.2e-05, 0.0, 0.0, 0.0, 1.0],
                [0.976794, 0.192109, 0.094697, 0.124994, 0.10163, -0.804919, 0.584615, -0.002831, 0.188533, -0.561423, -0.805766, -1.2e-05, 0.0, 0.0, 0.0, 1.0],
                [0.977884, 0.186453, 0.094749, 0.124994, 0.112796, -0.85166, 0.51181, -0.002831, 0.176122, -0.489803, -0.853858, -1.2e-05, 0.0, 0.0, 0.0, 1.0],
                [0.979038, 0.180283, 0.094777, 0.124994, 0.120482, -0.887796, 0.444185, -0.002831, 0.164222, -0.423454, -0.890909, -1.2e-05, 0.0, 0.0, 0.0, 1.0],
                [0.98014, 0.174234, 0.094699, 0.124994, 0.125194, -0.914007, 0.385896, -0.002831, 0.153792, -0.366375, -0.91767, -1.2e-05, 0.0, 0.0, 0.0, 1.0],
                [0.98115, 0.168732, 0.0942, 0.124994, 0.127837, -0.932275, 0.338405, -0.002831, 0.14492, -0.319983, -0.936274, -1.2e-05, 0.0, 0.0, 0.0, 1.0],
                [0.982334, 0.167756, 0.082924, 0.124994, 0.125452, -0.919165, 0.373356, -0.002831, 0.138854, -0.356356, -0.923975, -1.2e-05, 0.0, 0.0, 0.0, 1.0],
                [0.983796, 0.170001, 0.05697, 0.124994, 0.11689, -0.84908, 0.515167, -0.002831, 0.135951, -0.500159, -0.855195, -1.2e-05, 0.0, 0.0, 0.0, 1.0],
                [0.985275, 0.168816, 0.027085, 0.124994, 0.104314, -0.71905, 0.687084, -0.002831, 0.135466, -0.67414, -0.726074, -1.2e-05, 0.0, 0.0, 0.0, 1.0],
                [0.986524, 0.163593, 0.002633, 0.124994, 0.089533, -0.553242, 0.828195, -0.002831, 0.136944, -0.816797, -0.560435, -1.2e-05, 0.0, 0.0, 0.0, 1.0],
                [0.987301, 0.158386, -0.012273, 0.124994, 0.075561, -0.40024, 0.91329, -0.002831, 0.13974, -0.902617, -0.407126, -1.2e-05, 0.0, 0.0, 0.0, 1.0],
                [0.987654, 0.155435, -0.019486, 0.124994, 0.064673, -0.291281, 0.954449, -0.002831, 0.142679, -0.943923, -0.297738, -1.2e-05, 0.0, 0.0, 0.0, 1.0],
                [0.987869, 0.154933, -0.010509, 0.124994, 0.043632, -0.211978, 0.9763, -0.002831, 0.149034, -0.964913, -0.216167, -1.2e-05, 0.0, 0.0, 0.0, 1.0],
                [0.98592, 0.163514, 0.034997, 0.124994, 0.000411, -0.211659, 0.977344, -0.002831, 0.167217, -0.963566, -0.208747, -1.2e-05, 0.0, 0.0, 0.0, 1.0],
                [0.981167, 0.172746, 0.086432, 0.124994, -0.030736, -0.302134, 0.95277, -0.002831, 0.190701, -0.937481, -0.291135, -1.2e-05, 0.0, 0.0, 0.0, 1.0],
                [0.975737, 0.184738, 0.117514, 0.124994, -0.040331, -0.375888, 0.925787, -0.002831, 0.2152, -0.908062, -0.359318, -1.2e-05, 0.0, 0.0, 0.0, 1.0],
                [0.968065, 0.200286, 0.150782, 0.124994, -0.050202, -0.434395, 0.899323, -0.002831, 0.245621, -0.87817, -0.410469, -1.2e-05, 0.0, 0.0, 0.0, 1.0],
                [0.958115, 0.218689, 0.184906, 0.124994, -0.059651, -0.479105, 0.875728, -0.002831, 0.280102, -0.850077, -0.445993, -1.2e-05, 0.0, 0.0, 0.0, 1.0],
                [0.946068, 0.239425, 0.218245, 0.124994, -0.068052, -0.511759, 0.856429, -0.002831, 0.31674, -0.82509, -0.467867, -1.2e-05, 0.0, 0.0, 0.0, 1.0],
                [0.932409, 0.261893, 0.249049, 0.124994, -0.074802, -0.534341, 0.841952, -0.002831, 0.353579, -0.803671, -0.478635, -1.2e-05, 0.0, 0.0, 0.0, 1.0],
                [0.917974, 0.285227, 0.275625, 0.124994, -0.079285, -0.54892, 0.832106, -0.002831, 0.388635, -0.785703, -0.481282, -1.2e-05, 0.0, 0.0, 0.0, 1.0],
                [0.903956, 0.308222, 0.296418, 0.124994, -0.080856, -0.557469, 0.826251, -0.002831, 0.419912, -0.77086, -0.479006, -1.2e-05, 0.0, 0.0, 0.0, 1.0],
                [0.891847, 0.329375, 0.310031, 0.124994, -0.078824, -0.561746, 0.823546, -0.002831, 0.445415, -0.758914, -0.47503, -1.2e-05, 0.0, 0.0, 0.0, 1.0],
                [0.883322, 0.346981, 0.315192, 0.124994, -0.072435, -0.563275, 0.823088, -0.002831, 0.463136, -0.749881, -0.472421, -1.2e-05, 0.0, 0.0, 0.0, 1.0],
                [0.880021, 0.359232, 0.310668, 0.124994, -0.060866, -0.563427, 0.82392, -0.002831, 0.471018, -0.743975, -0.473964, -1.2e-05, 0.0, 0.0, 0.0, 1.0],
                [0.882695, 0.363915, 0.297347, 0.124994, -0.045599, -0.563415, 0.824914, -0.002831, 0.467729, -0.741705, -0.480731, -1.2e-05, 0.0, 0.0, 0.0, 1.0],
                [0.891459, 0.359284, 0.27607, 0.124994, -0.028625, -0.563415, 0.825678, -0.002831, 0.452195, -0.743959, -0.491979, -1.2e-05, 0.0, 0.0, 0.0, 1.0],
                [0.906203, 0.344284, 0.245487, 0.124994, -0.009815, -0.563279, 0.826209, -0.002831, 0.422728, -0.751121, -0.507067, -1.2e-05, 0.0, 0.0, 0.0, 1.0],
                [0.941046, 0.296637, 0.162599, 0.124994, 0.035205, -0.563934, 0.825069, -0.002831, 0.336441, -0.770702, -0.541132, -1.2e-05, 0.0, 0.0, 0.0, 1.0],
                [0.911817, 0.33755, 0.233772, 0.124994, -0.003339, -0.56323, 0.826293, -0.002831, 0.410583, -0.754207, -0.512437, -1.2e-05, 0.0, 0.0, 0.0, 1.0],
                [0.911817, 0.33755, 0.233772, 0.124994, -0.003339, -0.56323, 0.826293, -0.002831, 0.410583, -0.754207, -0.512437, -1.2e-05, 0.0, 0.0, 0.0, 1.0],
                [0.911817, 0.33755, 0.233772, 0.124994, -0.003339, -0.56323, 0.826293, -0.002831, 0.410583, -0.754207, -0.512437, -1.2e-05, 0.0, 0.0, 0.0, 1.0],
                [0.911817, 0.33755, 0.233772, 0.124994, -0.003339, -0.56323, 0.826293, -0.002831, 0.410583, -0.754207, -0.512437, -1.2e-05, 0.0, 0.0, 0.0, 1.0],
                [0.911817, 0.33755, 0.233772, 0.124994, -0.003339, -0.56323, 0.826293, -0.002831, 0.410583, -0.754207, -0.512437, -1.2e-05, 0.0, 0.0, 0.0, 1.0],
                [0.911817, 0.33755, 0.233772, 0.124994, -0.003339, -0.56323, 0.826293, -0.002831, 0.410583, -0.754207, -0.512437, -1.2e-05, 0.0, 0.0, 0.0, 1.0],
                [0.911817, 0.33755, 0.233772, 0.124994, -0.003339, -0.56323, 0.826293, -0.002831, 0.410583, -0.754207, -0.512437, -1.2e-05, 0.0, 0.0, 0.0, 1.0],
                [0.911817, 0.33755, 0.233772, 0.124994, -0.003339, -0.56323, 0.826293, -0.002831, 0.410583, -0.754207, -0.512437, -1.2e-05, 0.0, 0.0, 0.0, 1.0],
                [0.911817, 0.33755, 0.233772, 0.124994, -0.003339, -0.56323, 0.826293, -0.002831, 0.410583, -0.754207, -0.512437, -1.2e-05, 0.0, 0.0, 0.0, 1.0],
                [0.911817, 0.33755, 0.233772, 0.124994, -0.003339, -0.56323, 0.826293, -0.002831, 0.410583, -0.754207, -0.512437, -1.2e-05, 0.0, 0.0, 0.0, 1.0],
                [0.911817, 0.33755, 0.233772, 0.124994, -0.003339, -0.56323, 0.826293, -0.002831, 0.410583, -0.754207, -0.512437, -1.2e-05, 0.0, 0.0, 0.0, 1.0],
                [0.912472, 0.336081, 0.233332, 0.124994, -0.003404, -0.564042, 0.825739, -0.002831, 0.409125, -0.754256, -0.51353, -1.2e-05, 0.0, 0.0, 0.0, 1.0],
                [0.914355, 0.33183, 0.232039, 0.124994, -0.00359, -0.566393, 0.824127, -0.002831, 0.404896, -0.754376, -0.516695, -1.2e-05, 0.0, 0.0, 0.0, 1.0],
                [0.91733, 0.32503, 0.229914, 0.124994, -0.003884, -0.570153, 0.821529, -0.002831, 0.398109, -0.754504, -0.521757, -1.2e-05, 0.0, 0.0, 0.0, 1.0],
                [0.921241, 0.31592, 0.226957, 0.124994, -0.004273, -0.575193, 0.818006, -0.002831, 0.388969, -0.754549, -0.528543, -1.2e-05, 0.0, 0.0, 0.0, 1.0],
                [0.925924, 0.304741, 0.223154, 0.124994, -0.004741, -0.581383, 0.813616, -0.002831, 0.37768, -0.754403, -0.536873, -1.2e-05, 0.0, 0.0, 0.0, 1.0],
                [0.931209, 0.291741, 0.218484, 0.124994, -0.005272, -0.58859, 0.808414, -0.002831, 0.364445, -0.753953, -0.546564, -1.2e-05, 0.0, 0.0, 0.0, 1.0],
                [0.936927, 0.277176, 0.212931, 0.124994, -0.005849, -0.596684, 0.802455, -0.002831, 0.349473, -0.753086, -0.557429, -1.2e-05, 0.0, 0.0, 0.0, 1.0],
                [0.942912, 0.261306, 0.206482, 0.124994, -0.006458, -0.605529, 0.795797, -0.002831, 0.332977, -0.751699, -0.569274, -1.2e-05, 0.0, 0.0, 0.0, 1.0],
                [0.949006, 0.244398, 0.199142, 0.124994, -0.007081, -0.614993, 0.788501, -0.002831, 0.315179, -0.7497, -0.581902, -1.2e-05, 0.0, 0.0, 0.0, 1.0],
                [0.955062, 0.226721, 0.19093, 0.124994, -0.007705, -0.624942, 0.780633, -0.002831, 0.296306, -0.747022, -0.595112, -1.2e-05, 0.0, 0.0, 0.0, 1.0],
                [0.96095, 0.208544, 0.181888, 0.124994, -0.008315, -0.635241, 0.772269, -0.002831, 0.276595, -0.743623, -0.608702, -1.2e-05, 0.0, 0.0, 0.0, 1.0],
                [0.966558, 0.190136, 0.172083, 0.124994, -0.008899, -0.645758, 0.76349, -0.002831, 0.256291, -0.739487, -0.622472, -1.2e-05, 0.0, 0.0, 0.0, 1.0],
                [0.971793, 0.171755, 0.161608, 0.124994, -0.009447, -0.656362, 0.754386, -0.002831, 0.235643, -0.734633, -0.636227, -1.2e-05, 0.0, 0.0, 0.0, 1.0],
                [0.976584, 0.153653, 0.150581, 0.124994, -0.00995, -0.666923, 0.74506, -0.002831, 0.214907, -0.72911, -0.649779, -1.2e-05, 0.0, 0.0, 0.0, 1.0],
                [0.980879, 0.136064, 0.13915, 0.124994, -0.010402, -0.677315, 0.735619, -0.002831, 0.19434, -0.722999, -0.66295, -1.2e-05, 0.0, 0.0, 0.0, 1.0],
                [0.984794, 0.119527, 0.126066, 0.124994, -0.009484, -0.687603, 0.726024, -0.002831, 0.173463, -0.716179, -0.676015, -1.1e-05, 0.0, 0.0, 0.0, 1.0],
                [0.988376, 0.104487, 0.110429, 0.124994, -0.006226, -0.69795, 0.716119, -0.002831, 0.151899, -0.708481, -0.689188, -1.2e-05, 0.0, 0.0, 0.0, 1.0],
                [0.991502, 0.091019, 0.09294, 0.124994, -0.001134, -0.708379, 0.705831, -0.002831, 0.130081, -0.699937, -0.702258, -1.2e-05, 0.0, 0.0, 0.0, 1.0],
                [0.994085, 0.079181, 0.074325, 0.124994, 0.005294, -0.718913, 0.695079, -0.002831, 0.10847, -0.690573, -0.715082, -1.1e-05, 0.0, 0.0, 0.0, 1.0],
                [0.99608, 0.069014, 0.055323, 0.124994, 0.012571, -0.729565, 0.683795, -0.002831, 0.087553, -0.680418, -0.727574, -1.2e-05, 0.0, 0.0, 0.0, 1.0],
                [0.997491, 0.060539, 0.03668, 0.124994, 0.020223, -0.740331, 0.671938, -0.002831, 0.067834, -0.669509, -0.7397, -1.2e-05, 0.0, 0.0, 0.0, 1.0],
                [0.99837, 0.053751, 0.019144, 0.124994, 0.027797, -0.751192, 0.659497, -0.002831, 0.049829, -0.657889, -0.751464, -1.2e-05, 0.0, 0.0, 0.0, 1.0],
                [0.998811, 0.048618, 0.003454, 0.124994, 0.034861, -0.762115, 0.646501, -0.002831, 0.034064, -0.645611, -0.762906, -1.2e-05, 0.0, 0.0, 0.0, 1.0],
                [0.998936, 0.045083, -0.009664, 0.124994, 0.041012, -0.773054, 0.633011, -0.002831, 0.021067, -0.632733, -0.774083, -1.2e-05, 0.0, 0.0, 0.0, 1.0],
                [0.998882, 0.04306, -0.019506, 0.124994, 0.045885, -0.783961, 0.619111, -0.002831, 0.011367, -0.619312, -0.785062, -1.2e-05, 0.0, 0.0, 0.0, 1.0],
                [0.998776, 0.042447, -0.02539, 0.124994, 0.049155, -0.794789, 0.60489, -0.002831, 0.005496, -0.605397, -0.795904, -1.2e-05, 0.0, 0.0, 0.0, 1.0],
                [0.998713, 0.043127, -0.026665, 0.124994, 0.050548, -0.805507, 0.590425, -0.002831, 0.003985, -0.591012, -0.806652, -1.2e-05, 0.0, 0.0, 0.0, 1.0],
                [0.998729, 0.044983, -0.022715, 0.124994, 0.049852, -0.816106, 0.575747, -0.002831, 0.007362, -0.576147, -0.817313, -1.2e-05, 0.0, 0.0, 0.0, 1.0],
                [0.998768, 0.047904, -0.01297, 0.124994, 0.04693, -0.826614, 0.560808, -0.002831, 0.016143, -0.560724, -0.827845, -1.2e-05, 0.0, 0.0, 0.0, 1.0],
                [0.998653, 0.051789, 0.003069, 0.124994, 0.041735, -0.837104, 0.545447, -0.002831, 0.030818, -0.544583, -0.83814, -1.2e-05, 0.0, 0.0, 0.0, 1.0],
                [0.998021, 0.057489, 0.025482, 0.124994, 0.035331, -0.847847, 0.529061, -0.002831, 0.05202, -0.527112, -0.848202, -1.2e-05, 0.0, 0.0, 0.0, 1.0],
                [0.996423, 0.065686, 0.053157, 0.124994, 0.029376, -0.859103, 0.510956, -0.002831, 0.07923, -0.507566, -0.857962, -1.2e-05, 0.0, 0.0, 0.0, 1.0],
                [0.993504, 0.075976, 0.084715, 0.124994, 0.024754, -0.870929, 0.490784, -0.002831, 0.111069, -0.485497, -0.867154, -1.2e-05, 0.0, 0.0, 0.0, 1.0],
                [0.989022, 0.087863, 0.118808, 0.124994, 0.022215, -0.883289, 0.468299, -0.002831, 0.146088, -0.460518, -0.875546, -1.2e-05, 0.0, 0.0, 0.0, 1.0],
                [0.982887, 0.100771, 0.154199, 0.124994, 0.022307, -0.896048, 0.443393, -0.002831, 0.182851, -0.432365, -0.882964, -1.2e-05, 0.0, 0.0, 0.0, 1.0],
                [0.975166, 0.114078, 0.189835, 0.124994, 0.025338, -0.908975, 0.416077, -0.002831, 0.220021, -0.400934, -0.889293, -1.2e-05, 0.0, 0.0, 0.0, 1.0],
                [0.966051, 0.127159, 0.224889, 0.124994, 0.031364, -0.921769, 0.386465, -0.002831, 0.256438, -0.366291, -0.894467, -1.2e-05, 0.0, 0.0, 0.0, 1.0],
                [0.955827, 0.139419, 0.258759, 0.124994, 0.040216, -0.934098, 0.354741, -0.002831, 0.291164, -0.328664, -0.898445, -1.2e-05, 0.0, 0.0, 0.0, 1.0],
                [0.944824, 0.150329, 0.291048, 0.124994, 0.051531, -0.945626, 0.321142, -0.002831, 0.3235, -0.288424, -0.901199, -1.2e-05, 0.0, 0.0, 0.0, 1.0],
                [0.933384, 0.159437, 0.321518, 0.124994, 0.064812, -0.956051, 0.285942, -0.002831, 0.352978, -0.246055, -0.902698, -1.2e-05, 0.0, 0.0, 0.0, 1.0],
                [0.92184, 0.166381, 0.350039, 0.124994, 0.079474, -0.965121, 0.249445, -0.002831, 0.379333, -0.202129, -0.902912, -1.2e-05, 0.0, 0.0, 0.0, 1.0],
                [0.910503, 0.170894, 0.376537, 0.124994, 0.094891, -0.972652, 0.211991, -0.002831, 0.402468, -0.157288, -0.901821, -1.2e-05, 0.0, 0.0, 0.0, 1.0],
                [0.899654, 0.172811, 0.400948, 0.124994, 0.110432, -0.978538, 0.173967, -0.002831, 0.422407, -0.112233, -0.899431, -1.2e-05, 0.0, 0.0, 0.0, 1.0],
                [0.889551, 0.172076, 0.423189, 0.124994, 0.125487, -0.982751, 0.135829, -0.002831, 0.439263, -0.067722, -0.895803, -1.2e-05, 0.0, 0.0, 0.0, 1.0],
                [0.880429, 0.168777, 0.443123, 0.124994, 0.139486, -0.985345, 0.098159, -0.002831, 0.453197, -0.024613, -0.891071, -1.2e-05, 0.0, 0.0, 0.0, 1.0],
                [0.87251, 0.163196, 0.460537, 0.124994, 0.151903, -0.986461, 0.061777, -0.002831, 0.464384, 0.016056, -0.885489, -1.2e-05, 0.0, 0.0, 0.0, 1.0],
                [0.865999, 0.155846, 0.475139, 0.124994, 0.162258, -0.986355, 0.027791, -0.002831, 0.472988, 0.053028, -0.879472, -1.2e-05, 0.0, 0.0, 0.0, 1.0],
                [0.8611, 0.14783, 0.486469, 0.124994, 0.17012, -0.98542, -0.001675, -0.002831, 0.479129, 0.084201, -0.873696, -1.2e-05, 0.0, 0.0, 0.0, 1.0],
                [0.858013, 0.141049, 0.493882, 0.124994, 0.175095, -0.984279, -0.023086, -0.002831, 0.482862, 0.106284, -0.869223, -1.2e-05, 0.0, 0.0, 0.0, 1.0],
                [0.856938, 0.138252, 0.496532, 0.124994, 0.176827, -0.983744, -0.031266, -0.002831, 0.484138, 0.114593, -0.867456, -1.2e-05, 0.0, 0.0, 0.0, 1.0]
            ]
        },
        {
            "name": "Leg_R",
            "time": [0.0, 0.0111, 0.0222, 0.0333, 0.0444, 0.0556, 0.0667, 0.0778, 0.0889, 0.1, 0.1111, 0.1222, 0.1333, 0.1444, 0.1556, 0.1667, 0.1778, 0.1889, 0.2, 0.2111, 0.2222, 0.2333, 0.2444, 0.2556, 0.2667, 0.2778, 0.2889, 0.3, 0.3111, 0.3222, 0.3333, 0.3444, 0.3556, 0.3667, 0.3778, 0.3889, 0.4, 0.4111, 0.4222, 0.4333, 0.4444, 0.4556, 0.4667, 0.4778, 0.4889, 0.5, 0.5111, 0.5222, 0.5333, 0.5444, 0.5556, 0.5667, 0.5778, 0.5889, 0.6, 0.6111, 0.6222, 0.6333, 0.6444, 0.6556, 0.6667, 0.6778, 0.6889, 0.7, 0.7111, 0.7222, 0.7333, 0.7444, 0.7556, 0.7667, 0.7778, 0.7889, 0.8, 0.8111, 0.8222, 0.8333, 0.8444, 0.8556, 0.8667, 0.8778, 0.8889, 0.9, 0.9111, 0.9222, 0.9333, 0.9444, 0.9556, 0.9667, 0.9778, 0.9889, 1.0, 1.0111, 1.0222, 1.0333, 1.0444, 1.0556, 1.0667, 1.0778, 1.0889, 1.1, 1.1111],
            "transform": [
                [1.0, -1e-06, 1e-06, 0.0, -0.0, 0.486878, 0.873469, 0.374726, -1e-06, -0.873471, 0.486877, 0.0, 0.0, 0.0, 0.0, 1.0],
                [1.0, -1e-06, 1e-06, 0.0, -0.0, 0.486878, 0.873469, 0.374726, -1e-06, -0.873471, 0.486877, 0.0, 0.0, 0.0, 0.0, 1.0],
                [1.0, -1e-06, 1e-06, 0.0, -0.0, 0.486878, 0.873469, 0.374726, -1e-06, -0.873471, 0.486877, 0.0, 0.0, 0.0, 0.0, 1.0],
                [1.0, -1e-06, 1e-06, -0.0, -0.0, 0.511048, 0.859551, 0.374726, -1e-06, -0.859554, 0.511047, -0.0, 0.0, 0.0, 0.0, 1.0],
                [1.0, -1e-06, 1e-06, -0.0, -0.0, 0.565677, 0.824626, 0.374726, -1e-06, -0.824629, 0.565675, 0.0, 0.0, 0.0, 0.0, 1.0],
                [1.0, -1e-06, 1e-06, 0.0, -0.0, 0.62232, 0.782762, 0.374726, -1e-06, -0.782765, 0.622318, 0.0, 0.0, 0.0, 0.0, 1.0],
                [1.0, -1e-06, 1e-06, -0.0, -0.0, 0.648444, 0.761262, 0.374726, -1e-06, -0.761265, 0.648442, -0.0, 0.0, 0.0, 0.0, 1.0],
                [1.0, -1e-06, 1e-06, 0.0, -0.0, 0.611663, 0.791117, 0.374726, -1e-06, -0.79112, 0.611661, -0.0, 0.0, 0.0, 0.0, 1.0],
                [1.0, -1e-06, 1e-06, 0.0, -0.0, 0.52808, 0.849193, 0.374726, -1e-06, -0.849196, 0.528079, 0.0, 0.0, 0.0, 0.0, 1.0],
                [1.0, -1e-06, 1e-06, -0.0, -0.0, 0.44489, 0.895584, 0.374726, -1e-06, -0.895586, 0.444889, 0.0, 0.0, 0.0, 0.0, 1.0],
                [1.0, -1e-06, 0.0, -0.0, -0.0, 0.37761, 0.925964, 0.374726, -1e-06, -0.925966, 0.377609, 0.0, 0.0, 0.0, 0.0, 1.0],
                [1.0, -1e-06, 1e-06, 0.0, -0.0, 0.335609, 0.942, 0.374726, -1e-06, -0.942002, 0.335608, 0.0, 0.0, 0.0, 0.0, 1.0],
                [1.0, -1e-06, 0.0, 0.0, -0.0, 0.321243, 0.946996, 0.374726, -1e-06, -0.946998, 0.321242, -0.0, 0.0, 0.0, 0.0, 1.0],
                [1.0, -1e-06, 0.0, -0.0, -0.0, 0.330236, 0.943897, 0.374726, -1e-06, -0.943899, 0.330235, -0.0, 0.0, 0.0, 0.0, 1.0],
                [1.0, -1e-06, 1e-06, 0.0, -0.0, 0.351967, 0.936012, 0.374726, -1e-06, -0.936014, 0.351966, 0.0, 0.0, 0.0, 0.0, 1.0],
                [1.0, -1e-06, 1e-06, 0.0, -0.0, 0.377058, 0.926189, 0.374726, -1e-06, -0.926191, 0.377057, -0.0, 0.0, 0.0, 0.0, 1.0],
                [1.0, -1e-06, 1e-06, 0.0, -0.0, 0.400927, 0.916109, 0.374726, -1e-06, -0.916111, 0.400926, 0.0, 0.0, 0.0, 0.0, 1.0],
                [1.0, -1e-06, 0.0, 0.0, -0.0, 0.354661, 0.934994, 0.374726, -1e-06, -0.934996, 0.35466, -0.0, 0.0, 0.0, 0.0, 1.0],
                [1.0, -1e-06, 0.0, -0.0, -0.0, 0.217928, 0.975964, 0.374726, -1e-06, -0.975966, 0.217927, 0.0, 0.0, 0.0, 0.0, 1.0],
                [1.0, -1e-06, 0.0, 0.0, -0.0, 0.072226, 0.997387, 0.374726, -1e-06, -0.997389, 0.072226, 0.0, 0.0, 0.0, 0.0, 1.0],
                [1.0, -1e-06, 0.0, 0.0, -0.0, -0.02977, 0.999556, 0.374726, -1e-06, -0.999558, -0.02977, -0.0, 0.0, 0.0, 0.0, 1.0],
                [1.0, -1e-06, 0.0, -0.0, -0.0, -0.089284, 0.996005, 0.374726, -1e-06, -0.996007, -0.089284, 0.0, 0.0, 0.0, 0.0, 1.0],
                [1.0, -1e-06, 0.0, -0.0, -0.0, -0.129367, 0.991596, 0.374726, -1e-06, -0.991598, -0.129367, 0.0, 0.0, 0.0, 0.0, 1.0],
                [1.0, -1e-06, 0.0, 0.0, -0.0, -0.078038, 0.996949, 0.374726, -1e-06, -0.996951, -0.078038, 0.0, 0.0, 0.0, 0.0, 1.0],
                [1.0, -1e-06, 0.0, -0.0, -0.0, 0.177497, 0.98412, 0.374726, -1e-06, -0.984122, 0.177497, 0.0, 0.0, 0.0, 0.0, 1.0],
                [1.000001, -1e-06, 1e-06, 0.0, -0.0, 0.421548, 0.906805, 0.374726, -1e-06, -0.906807, 0.421547, 0.0, 0.0, 0.0, 0.0, 1.0],
                [1.0, -1e-06, 1e-06, 0.0, -0.0, 0.497965, 0.867196, 0.374726, -1e-06, -0.867199, 0.497964, -0.0, 0.0, 0.0, 0.0, 1.0],
                [1.0, -1e-06, 1e-06, -0.0, -0.0, 0.553055, 0.833144, 0.374726, -1e-06, -0.833147, 0.553054, 0.0, 0.0, 0.0, 0.0, 1.0],
                [1.000001, -1e-06, 1e-06, -0.0, -0.0, 0.588556, 0.808456, 0.374726, -1e-06, -0.808458, 0.588554, 0.0, 0.0, 0.0, 0.0, 1.0],
                [1.0, -1e-06, 1e-06, 0.0, -0.0, 0.606914, 0.794766, 0.374726, -1e-06, -0.794769, 0.606912, -0.0, 0.0, 0.0, 0.0, 1.0],
                [1.0, -1e-06, 1e-06, -0.0, -0.0, 0.611033, 0.791605, 0.374726, -1e-06, -0.791608, 0.611031, -0.0, 0.0, 0.0, 0.0, 1.0],
                [1.0, -1e-06, 1e-06, 0.0, -0.0, 0.604069, 0.796931, 0.374726, -1e-06, -0.796934, 0.604067, 0.0, 0.0, 0.0, 0.0, 1.0],
                [1.0, -1e-06, 1e-06, 0.0, -0.0, 0.589284, 0.807925, 0.374726, -1e-06, -0.807928, 0.589282, -0.0, 0.0, 0.0, 0.0, 1.0],
                [1.0, -1e-06, 1e-06, 0.0, -0.0, 0.569936, 0.821689, 0.374726, -1e-06, -0.821691, 0.569934, -0.0, 0.0, 0.0, 0.0, 1.0],
                [1.0, -1e-06, 1e-06, 0.0, -0.0, 0.549229, 0.835671, 0.374726, -1e-06, -0.835673, 0.549228, -0.0, 0.0, 0.0, 0.0, 1.0],
                [1.000001, -1e-06, 1e-06, -0.0, -0.0, 0.530316, 0.847799, 0.374726, -1e-06, -0.847802, 0.530314, -0.0, 0.0, 0.0, 0.0, 1.0],
                [1.0, -1e-06, 1e-06, -0.0, -0.0, 0.515873, 0.856664, 0.374726, -1e-06, -0.856666, 0.515872, 0.0, 0.0, 0.0, 0.0, 1.0],
                [1.000001, -1e-06, 1e-06, 0.0, -0.0, 0.506804, 0.862061, 0.374726, -1e-06, -0.862063, 0.506802, -0.0, 0.0, 0.0, 0.0, 1.0],
                [1.0, -1e-06, 1e-06, -0.0, -0.0, 0.503638, 0.863914, 0.374726, -1e-06, -0.863916, 0.503637, 0.0, 0.0, 0.0, 0.0, 1.0],
                [1.0, -1e-06, 1e-06, -0.0, -0.0, 0.503638, 0.863914, 0.374726, -1e-06, -0.863916, 0.503636, -0.0, 0.0, 0.0, 0.0, 1.0],
                [1.0, -1e-06, 1e-06, 0.0, -0.0, 0.503638, 0.863914, 0.374726, -1e-06, -0.863917, 0.503637, -0.0, 0.0, 0.0, 0.0, 1.0],
                [1.0, -1e-06, 1e-06, 0.0, -0.0, 0.503638, 0.863914, 0.374726, -1e-06, -0.863917, 0.503637, -0.0, 0.0, 0.0, 0.0, 1.0],
                [1.0, -1e-06, 1e-06, 0.0, -0.0, 0.503638, 0.863914, 0.374726, -1e-06, -0.863917, 0.503637, -0.0, 0.0, 0.0, 0.0, 1.0],
                [1.0, -1e-06, 1e-06, 0.0, -0.0, 0.503638, 0.863914, 0.374726, -1e-06, -0.863917, 0.503637, -0.0, 0.0, 0.0, 0.0, 1.0],
                [1.0, -1e-06, 1e-06, 0.0, -0.0, 0.503638, 0.863914, 0.374726, -1e-06, -0.863917, 0.503637, -0.0, 0.0, 0.0, 0.0, 1.0],
                [1.0, -1e-06, 1e-06, 0.0, -0.0, 0.503638, 0.863914, 0.374726, -1e-06, -0.863917, 0.503637, -0.0, 0.0, 0.0, 0.0, 1.0],
                [1.0, -1e-06, 1e-06, 0.0, -0.0, 0.503638, 0.863914, 0.374726, -1e-06, -0.863917, 0.503637, -0.0, 0.0, 0.0, 0.0, 1.0],
                [1.0, -1e-06, 1e-06, 0.0, -0.0, 0.503638, 0.863914, 0.374726, -1e-06, -0.863917, 0.503637, -0.0, 0.0, 0.0, 0.0, 1.0],
                [1.0, -1e-06, 1e-06, 0.0, -0.0, 0.503638, 0.863914, 0.374726, -1e-06, -0.863917, 0.503637, -0.0, 0.0, 0.0, 0.0, 1.0],
                [1.0, -1e-06, 1e-06, 0.0, -0.0, 0.503638, 0.863914, 0.374726, -1e-06, -0.863917, 0.503637, -0.0, 0.0, 0.0, 0.0, 1.0],
                [1.0, -1e-06, 1e-06, 0.0, -0.0, 0.503638, 0.863914, 0.374726, -1e-06, -0.863917, 0.503637, -0.0, 0.0, 0.0, 0.0, 1.0],
                [1.0, -1e-06, 1e-06, -0.0, -0.0, 0.504183, 0.863596, 0.374726, -1e-06, -0.863599, 0.504181, -0.0, 0.0, 0.0, 0.0, 1.0],
                [1.0, -1e-06, 1e-06, -0.0, -0.0, 0.505787, 0.862658, 0.374726, -1e-06, -0.86266, 0.505785, -0.0, 0.0, 0.0, 0.0, 1.0],
                [1.0, -1e-06, 1e-06, 0.0, -0.0, 0.508412, 0.861113, 0.374726, -1e-06, -0.861115, 0.508411, -0.0, 0.0, 0.0, 0.0, 1.0],
                [1.0, -1e-06, 1e-06, -0.0, -0.0, 0.512036, 0.858964, 0.374726, -1e-06, -0.858966, 0.512034, -0.0, 0.0, 0.0, 0.0, 1.0],
                [1.0, -1e-06, 1e-06, -0.0, -0.0, 0.516637, 0.856204, 0.374726, -1e-06, -0.856206, 0.516636, 0.0, 0.0, 0.0, 0.0, 1.0],
                [1.0, -1e-06, 1e-06, 0.0, -0.0, 0.522198, 0.852823, 0.374726, -1e-06, -0.852826, 0.522197, 0.0, 0.0, 0.0, 0.0, 1.0],
                [1.0, -1e-06, 1e-06, 0.0, -0.0, 0.528695, 0.848811, 0.374726, -1e-06, -0.848813, 0.528694, -0.0, 0.0, 0.0, 0.0, 1.0],
