{
    "animation": [
        {
            "name": "Root",
            "time": [0.0, 0.0167, 0.0333, 0.05, 0.0667, 0.0833, 0.1, 0.1167, 0.1333, 0.15, 0.1667, 0.1833, 0.2, 0.2167, 0.2333, 0.25, 0.2667, 0.2833, 0.3, 0.3167, 0.3333, 0.35, 0.3667, 0.3833, 0.4, 0.4167, 0.4333, 0.45, 0.4667, 0.4833, 0.5, 0.5167, 0.5333, 0.55, 0.5667, 0.5833, 0.6, 0.6167, 0.6333, 0.65, 0.6667, 0.6833, 0.7, 0.7167, 0.7333, 0.75, 0.7667, 0.7833, 0.8, 0.8167, 0.8333, 0.85, 0.8667, 0.8833, 0.9, 0.9167, 0.9333, 0.95, 0.9667, 0.9833, 1.0, 1.0167, 1.0333, 1.05, 1.0667, 1.0833, 1.1, 1.1167, 1.1333, 1.15, 1.1667, 1.1833, 1.2, 1.2167, 1.2333, 1.25, 1.2667, 1.2833, 1.3, 1.3167, 1.3333, 1.35, 1.3667, 1.3833, 1.4, 1.4167, 1.4333, 1.45, 1.4667, 1.4833, 1.5, 1.5167, 1.5333, 1.55, 1.5667, 1.5833, 1.6, 1.6167, 1.6333, 1.65, 1.6667],
            "transform": [
                [0.692508, -0.037156, 0.720453, 0.031932, 0.703478, 0.256065, -0.662985, -0.136006, -0.159849, 0.965945, 0.203466, 0.615888, 0.0, 0.0, 0.0, 1.0],
                [0.696992, -0.032631, 0.716336, 0.031932, 0.698381, 0.257526, -0.66779, -0.135793, -0.162685, 0.96572, 0.202282, 0.615888, 0.0, 0.0, 0.0, 1.0],
                [0.710188, -0.020136, 0.703725, 0.031932, 0.683105, 0.261503, -0.681897, -0.134303, -0.170296, 0.964993, 0.199471, 0.615888, 0.0, 0.0, 0.0, 1.0],
                [0.731376, -0.00124, 0.681974, 0.031932, 0.657422, 0.267191, -0.70456, -0.130259, -0.181344, 0.963643, 0.196232, 0.615888, 0.0, 0.0, 0.0, 1.0],
                [0.75948, 0.022561, 0.650139, 0.031932, 0.62078, 0.273637, -0.73468, -0.122383, -0.194477, 0.961568, 0.193816, 0.615888, 0.0, 0.0, 0.0, 1.0],
                [0.793132, 0.049829, 0.607008, 0.031932, 0.572329, 0.27985, -0.770794, -0.109399, -0.208279, 0.95875, 0.193439, 0.615888, 0.0, 0.0, 0.0, 1.0],
                [0.830656, 0.079152, 0.551132, 0.031932, 0.510958, 0.284895, -0.811022, -0.090029, -0.221209, 0.955285, 0.196206, 0.615888, 0.0, 0.0, 0.0, 1.0],
                [0.869982, 0.109112, 0.480859, 0.031932, 0.435339, 0.287964, -0.852969, -0.062996, -0.231539, 0.951405, 0.203023, 0.615888, 0.0, 0.0, 0.0, 1.0],
                [0.908489, 0.138243, 0.39438, 0.031932, 0.344008, 0.288448, -0.893564, -0.027023, -0.237287, 0.947463, 0.214495, 0.615888, 0.0, 0.0, 0.0, 1.0],
                [0.942741, 0.164993, 0.289855, 0.031932, 0.235522, 0.286012, -0.928831, 0.019168, -0.236153, 0.943914, 0.230776, 0.615888, 0.0, 0.0, 0.0, 1.0],
                [0.968156, 0.187694, 0.165664, 0.031932, 0.108758, 0.280697, -0.953615, 0.076852, -0.225489, 0.941265, 0.251345, 0.615888, 0.0, 0.0, 0.0, 1.0],
                [0.009558, 0.001266, 0.000251, -0.057141, -0.000143, 0.002902, -0.009197, 0.422323, -0.001283, 0.00911, 0.002894, 0.759159, 0.0, 0.0, 0.0, 1.0],
                [0.265394, 0.010924, -0.020434, -0.034048, -0.02294, 0.090798, -0.2494, 0.638255, -0.003262, 0.250215, 0.091394, 0.9288, 0.0, 0.0, 0.0, 1.0],
                [0.736063, -0.020954, -0.100894, 0.008839, -0.085819, 0.27817, -0.68386, 0.717809, 0.057041, 0.688905, 0.273064, 1.038149, 0.0, 0.0, 0.0, 1.0],
                [0.984662, -0.056921, -0.164925, 0.031932, -0.130363, 0.388218, -0.912301, 0.729174, 0.115956, 0.919808, 0.374843, 1.087282, 0.0, 0.0, 0.0, 1.0],
                [0.981373, -0.058514, -0.182982, 0.031932, -0.146504, 0.388177, -0.909865, 0.729232, 0.124269, 0.919725, 0.372374, 1.104653, 0.0, 0.0, 0.0, 1.0],
                [0.978145, -0.059679, -0.199177, 0.031932, -0.161311, 0.386607, -0.908027, 0.729636, 0.131194, 0.920312, 0.368531, 1.118875, 0.0, 0.0, 0.0, 1.0],
                [0.975058, -0.060511, -0.213544, 0.031932, -0.174757, 0.383827, -0.906718, 0.730732, 0.13683, 0.92142, 0.363679, 1.130263, 0.0, 0.0, 0.0, 1.0],
                [0.972183, -0.061084, -0.226118, 0.031932, -0.186807, 0.380156, -0.905861, 0.732868, 0.141293, 0.922903, 0.358171, 1.139132, 0.0, 0.0, 0.0, 1.0],
                [0.96958, -0.061456, -0.236936, 0.031932, -0.197419, 0.37592, -0.905378, 0.736389, 0.14471, 0.924612, 0.352352, 1.145797, 0.0, 0.0, 0.0, 1.0],
                [0.967297, -0.061677, -0.246032, 0.031932, -0.206551, 0.371445, -0.905188, 0.741642, 0.147217, 0.926404, 0.346558, 1.150573, 0.0, 0.0, 0.0, 1.0],
                [0.965375, -0.061785, -0.253443, 0.031932, -0.214155, 0.367063, -0.905208, 0.748973, 0.148957, 0.928142, 0.341122, 1.153774, 0.0, 0.0, 0.0, 1.0],
                [0.963844, -0.061813, -0.259197, 0.031932, -0.220182, 0.36311, -0.905357, 0.758728, 0.15008, 0.929694, 0.336371, 1.155716, 0.0, 0.0, 0.0, 1.0],
                [0.962726, -0.061793, -0.263325, 0.031932, -0.224584, 0.359923, -0.905548, 0.771254, 0.150734, 0.930933, 0.33263, 1.156713, 0.0, 0.0, 0.0, 1.0],
                [0.962034, -0.061758, -0.265851, 0.031932, -0.227309, 0.357843, -0.905692, 0.786897, 0.151066, 0.931737, 0.330219, 1.15708, 0.0, 0.0, 0.0, 1.0],
                [0.961773, -0.061742, -0.266796, 0.031932, -0.228307, 0.357213, -0.90569, 0.806004, 0.151222, 0.93198, 0.329462, 1.157133, 0.0, 0.0, 0.0, 1.0],
                [0.969652, -0.047326, -0.239867, 0.031932, -0.204212, 0.382691, -0.901024, 0.836944, 0.134437, 0.922663, 0.361413, 1.145619, 0.0, 0.0, 0.0, 1.0],
                [0.986469, -0.011134, -0.16357, 0.031932, -0.141215, 0.449147, -0.882227, 0.88302, 0.08329, 0.893389, 0.441497, 1.115924, 0.0, 0.0, 0.0, 1.0],
                [0.998418, 0.03373, -0.044979, 0.031932, -0.056081, 0.541228, -0.839004, 0.936982, -0.003956, 0.840199, 0.542263, 1.075322, 0.0, 0.0, 0.0, 1.0],
                [0.991935, 0.074424, 0.102595, 0.031932, 0.031297, 0.640563, -0.767268, 0.991576, -0.122821, 0.764291, 0.633067, 1.031084, 0.0, 0.0, 0.0, 1.0],
                [0.960481, 0.104312, 0.258059, 0.031932, 0.102867, 0.72846, -0.677321, 1.039551, -0.258638, 0.6771, 0.688942, 0.990482, 0.0, 0.0, 0.0, 1.0],
                [0.908094, 0.127154, 0.398994, 0.031932, 0.14953, 0.791519, -0.592569, 1.073654, -0.391159, 0.597771, 0.699761, 0.960788, 0.0, 0.0, 0.0, 1.0],
                [0.846662, 0.155921, 0.508774, 0.031932, 0.173319, 0.82317, -0.540695, 1.086634, -0.503114, 0.545967, 0.669923, 0.949273, 0.0, 0.0, 0.0, 1.0],
                [0.791042, 0.197781, 0.578909, 0.031932, 0.179319, 0.829769, -0.528515, 1.086634, -0.584891, 0.521887, 0.620916, 0.949273, 0.0, 0.0, 0.0, 1.0],
                [0.75247, 0.237078, 0.614477, 0.031932, 0.176102, 0.82658, -0.53456, 1.086634, -0.634647, 0.510451, 0.580227, 0.949273, 0.0, 0.0, 0.0, 1.0],
                [0.738378, 0.254696, 0.624442, 0.031932, 0.173319, 0.82317, -0.540695, 1.086634, -0.651734, 0.507465, 0.563668, 0.949273, 0.0, 0.0, 0.0, 1.0],
                [0.013809, 0.002543, 0.008298, 0.061508, 0.002827, 0.013426, -0.008819, 1.134823, -0.008206, 0.008905, 0.010927, 1.036609, 0.0, 0.0, 0.0, 1.0],
                [0.975459, -0.056283, -0.212864, 0.031932, -0.166511, 0.443969, -0.880435, -0.070637, 0.144059, 0.894273, 0.423702, 0.531787, 0.0, 0.0, 0.0, 1.0],
                [0.979236, -0.059483, -0.193801, 0.031932, -0.14714, 0.449069, -0.881298, -0.031098, 0.139453, 0.891515, 0.430992, 0.531798, 0.0, 0.0, 0.0, 1.0],
                [0.987744, -0.068602, -0.140196, 0.031932, -0.093056, 0.462289, -0.881833, 0.073866, 0.125306, 0.884072, 0.45024, 0.531878, 0.0, 0.0, 0.0, 1.0],
                [0.994884, -0.083303, -0.057144, 0.031932, -0.01017, 0.48021, -0.877095, 0.223773, 0.100506, 0.873189, 0.476906, 0.532095, 0.0, 0.0, 0.0, 1.0],
                [0.993456, -0.103031, 0.049301, 0.031932, 0.094512, 0.499151, -0.861345, 0.398142, 0.064137, 0.860368, 0.505622, 0.532517, 0.0, 0.0, 0.0, 1.0],
                [0.977136, -0.126269, 0.171062, 0.031932, 0.211965, 0.515538, -0.830236, 0.576492, 0.016644, 0.847512, 0.530515, 0.533213, 0.0, 0.0, 0.0, 1.0],
                [0.942616, -0.150159, 0.298207, 0.031932, 0.33154, 0.526503, -0.782864, 0.738342, -0.039453, 0.836807, 0.546074, 0.534252, 0.0, 0.0, 0.0, 1.0],
                [0.891124, -0.170658, 0.420444, 0.031932, 0.44268, 0.530472, -0.722935, 0.863212, -0.099659, 0.830347, 0.548263, 0.535701, 0.0, 0.0, 0.0, 1.0],
                [0.8285, -0.18315, 0.529191, 0.031932, 0.537098, 0.527321, -0.658376, 0.930619, -0.158472, 0.829692, 0.535255, 0.53763, 0.0, 0.0, 0.0, 1.0],
                [0.762983, -0.184639, 0.619489, 0.031932, 0.611013, 0.51881, -0.597912, 0.956523, -0.210999, 0.834712, 0.50866, 0.541597, 0.0, 0.0, 0.0, 1.0],
                [0.70018, -0.177836, 0.691464, 0.031932, 0.667274, 0.50748, -0.545169, 0.972235, -0.253953, 0.843112, 0.473993, 0.548407, 0.0, 0.0, 0.0, 1.0],
                [0.643717, -0.167008, 0.746818, 0.031932, 0.710032, 0.494363, -0.501457, 0.980304, -0.285452, 0.853061, 0.436811, 0.556997, 0.0, 0.0, 0.0, 1.0],
                [0.596092, -0.156599, 0.787497, 0.031932, 0.742893, 0.479659, -0.466945, 0.983276, -0.304607, 0.863368, 0.402257, 0.566306, 0.0, 0.0, 0.0, 1.0],
                [0.558882, -0.151098, 0.815365, 0.031932, 0.768745, 0.46309, -0.441111, 0.983701, -0.310936, 0.873337, 0.374968, 0.575269, 0.0, 0.0, 0.0, 1.0],
                [0.529733, -0.149128, 0.834951, 0.031932, 0.789435, 0.446633, -0.421084, 0.983701, -0.310121, 0.882201, 0.354324, 0.58303, 0.0, 0.0, 0.0, 1.0],
                [0.505446, -0.146501, 0.850331, 0.031932, 0.805856, 0.432393, -0.404514, 0.983701, -0.308415, 0.889704, 0.33661, 0.589543, 0.0, 0.0, 0.0, 1.0],
                [0.485658, -0.143435, 0.862301, 0.031932, 0.818802, 0.420073, -0.391284, 0.983701, -0.306105, 0.896083, 0.321456, 0.594968, 0.0, 0.0, 0.0, 1.0],
                [0.46995, -0.140074, 0.871508, 0.031932, 0.828919, 0.409379, -0.381186, 0.983701, -0.303383, 0.901548, 0.308498, 0.599464, 0.0, 0.0, 0.0, 1.0],
                [0.457867, -0.136504, 0.878478, 0.031932, 0.836742, 0.400025, -0.373955, 0.983701, -0.300366, 0.906282, 0.297377, 0.603192, 0.0, 0.0, 0.0, 1.0],
                [0.448934, -0.132769, 0.883646, 0.031932, 0.84272, 0.39173, -0.369284, 0.983701, -0.297121, 0.91045, 0.287748, 0.606311, 0.0, 0.0, 0.0, 1.0],
                [0.442659, -0.128883, 0.887379, 0.031932, 0.847236, 0.384224, -0.36683, 0.983701, -0.293674, 0.9142, 0.279274, 0.608981, 0.0, 0.0, 0.0, 1.0],
                [0.438542, -0.124837, 0.889998, 0.031932, 0.850628, 0.377237, -0.366229, 0.983701, -0.290022, 0.917664, 0.271624, 0.61136, 0.0, 0.0, 0.0, 1.0],
                [0.436069, -0.120609, 0.891794, 0.031932, 0.853209, 0.370511, -0.367092, 0.983701, -0.286144, 0.920964, 0.264473, 0.613609, 0.0, 0.0, 0.0, 1.0],
                [0.434724, -0.116169, 0.89304, 0.031932, 0.85527, 0.363787, -0.369016, 0.983701, -0.282008, 0.92421, 0.257503, 0.615888, 0.0, 0.0, 0.0, 1.0],
                [0.434554, -0.111517, 0.893715, 0.031739, 0.85683, 0.356929, -0.372082, 0.984023, -0.277499, 0.927451, 0.250656, 0.618327, 0.0, 0.0, 0.0, 1.0],
                [0.435908, -0.106703, 0.893643, 0.031171, 0.857727, 0.349965, -0.376602, 0.984968, -0.272559, 0.930666, 0.244075, 0.620942, 0.0, 0.0, 0.0, 1.0],
                [0.438709, -0.101759, 0.892849, 0.03025, 0.857976, 0.342893, -0.382494, 0.986502, -0.267229, 0.933847, 0.237737, 0.623722, 0.0, 0.0, 0.0, 1.0],
                [0.44288, -0.096715, 0.891349, 0.028994, 0.857584, 0.335712, -0.389677, 0.988592, -0.261549, 0.936987, 0.231621, 0.626653, 0.0, 0.0, 0.0, 1.0],
                [0.448339, -0.091603, 0.889158, 0.027424, 0.856554, 0.328422, -0.398064, 0.991207, -0.255555, 0.940079, 0.225708, 0.629724, 0.0, 0.0, 0.0, 1.0],
                [0.455, -0.086453, 0.886285, 0.025559, 0.854887, 0.321026, -0.407567, 0.994313, -0.249285, 0.943116, 0.219974, 0.632922, 0.0, 0.0, 0.0, 1.0],
                [0.462777, -0.081293, 0.882739, 0.023418, 0.852583, 0.313526, -0.418095, 0.997878, -0.242773, 0.946094, 0.214402, 0.636234, 0.0, 0.0, 0.0, 1.0],
                [0.471581, -0.076152, 0.878529, 0.021021, 0.849642, 0.305926, -0.429556, 1.001868, -0.236053, 0.949005, 0.208971, 0.639649, 0.0, 0.0, 0.0, 1.0],
                [0.481317, -0.071058, 0.873662, 0.018388, 0.846062, 0.298235, -0.441855, 1.006252, -0.229159, 0.951844, 0.203665, 0.643154, 0.0, 0.0, 0.0, 1.0],
                [0.491893, -0.066035, 0.868148, 0.015539, 0.841845, 0.29046, -0.454897, 1.010996, -0.222123, 0.954606, 0.198466, 0.646736, 0.0, 0.0, 0.0, 1.0],
                [0.503214, -0.061108, 0.861999, 0.012494, 0.836995, 0.282612, -0.468583, 1.016067, -0.214977, 0.957286, 0.193361, 0.650384, 0.0, 0.0, 0.0, 1.0],
                [0.515184, -0.0563, 0.855228, 0.009271, 0.83152, 0.274704, -0.482818, 1.021433, -0.207751, 0.959879, 0.188338, 0.654084, 0.0, 0.0, 0.0, 1.0],
                [0.527705, -0.051634, 0.847857, 0.005891, 0.825431, 0.26675, -0.497502, 1.027061, -0.200478, 0.962382, 0.183385, 0.657824, 0.0, 0.0, 0.0, 1.0],
                [0.540681, -0.047127, 0.839906, 0.002373, 0.818745, 0.258768, -0.512539, 1.032919, -0.193186, 0.964789, 0.178496, 0.661593, 0.0, 0.0, 0.0, 1.0],
                [0.554016, -0.042798, 0.831405, -0.001263, 0.811483, 0.250776, -0.527832, 1.038973, -0.185906, 0.967099, 0.173664, 0.665377, 0.0, 0.0, 0.0, 1.0],
                [0.567615, -0.038663, 0.822386, -0.004997, 0.803674, 0.242794, -0.543286, 1.04519, -0.178666, 0.969307, 0.168886, 0.669164, 0.0, 0.0, 0.0, 1.0],
                [0.581385, -0.034733, 0.812887, -0.00881, 0.79535, 0.234845, -0.558808, 1.051539, -0.171493, 0.971412, 0.164161, 0.672943, 0.0, 0.0, 0.0, 1.0],
                [0.595233, -0.031021, 0.802954, -0.012682, 0.786552, 0.226951, -0.574307, 1.057986, -0.164416, 0.973412, 0.159489, 0.6767, 0.0, 0.0, 0.0, 1.0],
                [0.609074, -0.027535, 0.792636, -0.016594, 0.777326, 0.219138, -0.589697, 1.064499, -0.157459, 0.975305, 0.154875, 0.680422, 0.0, 0.0, 0.0, 1.0],
                [0.622821, -0.02428, 0.781988, -0.020525, 0.767723, 0.211431, -0.604895, 1.071044, -0.150649, 0.977091, 0.150324, 0.684099, 0.0, 0.0, 0.0, 1.0],
                [0.636393, -0.021261, 0.771072, -0.024456, 0.757803, 0.203856, -0.619821, 1.077589, -0.14401, 0.97877, 0.145844, 0.687717, 0.0, 0.0, 0.0, 1.0],
                [0.649715, -0.018478, 0.759953, -0.028367, 0.747627, 0.19644, -0.634401, 1.084101, -0.137563, 0.980342, 0.141445, 0.691264, 0.0, 0.0, 0.0, 1.0],
                [0.662715, -0.015931, 0.748703, -0.032239, 0.737266, 0.189211, -0.648566, 1.090548, -0.13133, 0.981807, 0.137138, 0.694727, 0.0, 0.0, 0.0, 1.0],
                [0.675324, -0.013616, 0.737395, -0.036052, 0.726794, 0.182195, -0.662251, 1.096897, -0.125333, 0.983168, 0.132937, 0.698095, 0.0, 0.0, 0.0, 1.0],
                [0.687483, -0.011528, 0.726109, -0.039786, 0.716286, 0.175421, -0.675397, 1.103115, -0.119589, 0.984426, 0.128856, 0.701354, 0.0, 0.0, 0.0, 1.0],
                [0.699133, -0.009659, 0.714926, -0.043422, 0.705826, 0.168913, -0.687952, 1.109169, -0.114116, 0.985584, 0.12491, 0.704493, 0.0, 0.0, 0.0, 1.0],
                [0.710224, -0.008, 0.703931, -0.04694, 0.695497, 0.162701, -0.699866, 1.115026, -0.108931, 0.986643, 0.121118, 0.707499, 0.0, 0.0, 0.0, 1.0],
                [0.720707, -0.006541, 0.693209, -0.05032, 0.685387, 0.156808, -0.711095, 1.120654, -0.104049, 0.987607, 0.117496, 0.71036, 0.0, 0.0, 0.0, 1.0],
                [0.730542, -0.005271, 0.682848, -0.053543, 0.675583, 0.15126, -0.721601, 1.12602, -0.099484, 0.98848, 0.114062, 0.713063, 0.0, 0.0, 0.0, 1.0],
                [0.739688, -0.004175, 0.672937, -0.056589, 0.666175, 0.146081, -0.731349, 1.131092, -0.09525, 0.989264, 0.110836, 0.715596, 0.0, 0.0, 0.0, 1.0],
                [0.748111, -0.003242, 0.663565, -0.059438, 0.657254, 0.141296, -0.740305, 1.135836, -0.091359, 0.989962, 0.107836, 0.717946, 0.0, 0.0, 0.0, 1.0],
                [0.75578, -0.002457, 0.654822, -0.06207, 0.64891, 0.136926, -0.748443, 1.140219, -0.087823, 0.990578, 0.105081, 0.720101, 0.0, 0.0, 0.0, 1.0],
                [0.762663, -0.001807, 0.646794, -0.064467, 0.641233, 0.132995, -0.755733, 1.14421, -0.084655, 0.991115, 0.102589, 0.72205, 0.0, 0.0, 0.0, 1.0],
                [0.768732, -0.001277, 0.63957, -0.066608, 0.63431, 0.129522, -0.762151, 1.147774, -0.081865, 0.991576, 0.100378, 0.723778, 0.0, 0.0, 0.0, 1.0],
                [0.773958, -0.000856, 0.633236, -0.068473, 0.62823, 0.12653, -0.76767, 1.15088, -0.079466, 0.991962, 0.098466, 0.725275, 0.0, 0.0, 0.0, 1.0],
                [0.778314, -0.000531, 0.627875, -0.070044, 0.623078, 0.124037, -0.772262, 1.153495, -0.07747, 0.992277, 0.096871, 0.726528, 0.0, 0.0, 0.0, 1.0],
                [0.781766, -0.00029, 0.623571, -0.071299, 0.618936, 0.122065, -0.775898, 1.155586, -0.075891, 0.992522, 0.095606, 0.727523, 0.0, 0.0, 0.0, 1.0],
                [0.784283, -0.000126, 0.620403, -0.072221, 0.615885, 0.120632, -0.778546, 1.15712, -0.074742, 0.992697, 0.094688, 0.72825, 0.0, 0.0, 0.0, 1.0],
                [0.785825, -3.1e-05, 0.618449, -0.072788, 0.614001, 0.119758, -0.780167, 1.158064, -0.07404, 0.992803, 0.094128, 0.728694, 0.0, 0.0, 0.0, 1.0],
                [0.78635, 0.0, 0.617782, -0.072981, 0.613358, 0.119463, -0.780718, 1.158386, -0.073802, 0.992839, 0.09394, 0.728846, 0.0, 0.0, 0.0, 1.0]
            ]
        },
        {
            "name": "Thigh_R",
            "time": [0.0, 0.0167, 0.0333, 0.05, 0.0667, 0.0833, 0.1, 0.1167, 0.1333, 0.15, 0.1667, 0.1833, 0.2, 0.2167, 0.2333, 0.25, 0.2667, 0.2833, 0.3, 0.3167, 0.3333, 0.35, 0.3667, 0.3833, 0.4, 0.4167, 0.4333, 0.45, 0.4667, 0.4833, 0.5, 0.5167, 0.5333, 0.55, 0.5667, 0.5833, 0.6, 0.6167, 0.6333, 0.65, 0.6667, 0.6833, 0.7, 0.7167, 0.7333, 0.75, 0.7667, 0.7833, 0.8, 0.8167, 0.8333, 0.85, 0.8667, 0.8833, 0.9, 0.9167, 0.9333, 0.95, 0.9667, 0.9833, 1.0, 1.0167, 1.0333, 1.05, 1.0667, 1.0833, 1.1, 1.1167, 1.1333, 1.15, 1.1667, 1.1833, 1.2, 1.2167, 1.2333, 1.25, 1.2667, 1.2833, 1.3, 1.3167, 1.3333, 1.35, 1.3667, 1.3833, 1.4, 1.4167, 1.4333, 1.45, 1.4667, 1.4833, 1.5, 1.5167, 1.5333, 1.55, 1.5667, 1.5833, 1.6, 1.6167, 1.6333, 1.65, 1.6667],
            "transform": [
                [0.728539, 0.668291, 0.150388, 0.124994, 0.081769, -0.302815, 0.949535, -0.002831, 0.680107, -0.679475, -0.275258, -1.2e-05, 0.0, 0.0, 0.0, 1.0],
                [0.733985, 0.664117, 0.142173, 0.124994, 0.08794, -0.300503, 0.949718, -0.002831, 0.673449, -0.684574, -0.278968, -1.2e-05, 0.0, 0.0, 0.0, 1.0],
                [0.749312, 0.651352, 0.119463, 0.124994, 0.104296, -0.294223, 0.950029, -0.002831, 0.653952, -0.699407, -0.288399, -1.2e-05, 0.0, 0.0, 0.0, 1.0],
                [0.77242, 0.629362, 0.085259, 0.124994, 0.127496, -0.285166, 0.949961, -0.002831, 0.622183, -0.722897, -0.30051, -1.2e-05, 0.0, 0.0, 0.0, 1.0],
                [0.801065, 0.597066, 0.042494, 0.124994, 0.154478, -0.274801, 0.949011, -0.002831, 0.578301, -0.753653, -0.312367, -1.2e-05, 0.0, 0.0, 0.0, 1.0],
                [0.83317, 0.552983, -0.006012, 0.124994, 0.182672, -0.264934, 0.946806, -0.002831, 0.521975, -0.789947, -0.321751, -1.2e-05, 0.0, 0.0, 0.0, 1.0],
                [0.866732, 0.495447, -0.057499, 0.124994, 0.209969, -0.257868, 0.943089, -0.002831, 0.452425, -0.829477, -0.327531, -1.2e-05, 0.0, 0.0, 0.0, 1.0],
                [0.89953, 0.422949, -0.109351, 0.124994, 0.234603, -0.256536, 0.93763, -0.002831, 0.368518, -0.869079, -0.329988, -1.2e-05, 0.0, 0.0, 0.0, 1.0],
                [0.928774, 0.334558, -0.159525, 0.124994, 0.255053, -0.264603, 0.930019, -0.002831, 0.268935, -0.904463, -0.331087, -1.2e-05, 0.0, 0.0, 0.0, 1.0],
                [0.950724, 0.23045, -0.207402, 0.124994, 0.26998, -0.286484, 0.919259, -0.002831, 0.152426, -0.929955, -0.334585, -1.2e-05, 0.0, 0.0, 0.0, 1.0],
                [0.960336, 0.112668, -0.25507, 0.124994, 0.278246, -0.327229, 0.903051, -0.002831, 0.018278, -0.938202, -0.3456, -1.2e-05, 0.0, 0.0, 0.0, 1.0],
                [0.962687, -0.03313, -0.268578, 0.124991, 0.258811, -0.177183, 0.949539, -0.002835, -0.079046, -0.983618, -0.161997, -1.3e-05, 0.0, 0.0, 0.0, 1.0],
                [0.967453, 0.25294, 0.007471, 0.124994, 0.097209, -0.398741, 0.911898, -0.002831, 0.233634, -0.88149, -0.410353, -1.2e-05, 0.0, 0.0, 0.0, 1.0],
                [0.977215, -0.035499, -0.20926, 0.124994, 0.211434, 0.249151, 0.945103, -0.00283, 0.018587, -0.967812, 0.250981, -1.2e-05, 0.0, 0.0, 0.0, 1.0],
                [0.97109, -0.113274, -0.210124, 0.124994, 0.237768, 0.380775, 0.893575, -0.002831, -0.021209, -0.917701, 0.396701, -1.2e-05, 0.0, 0.0, 0.0, 1.0],
                [0.972458, -0.130408, -0.193183, 0.124994, 0.227745, 0.35533, 0.906572, -0.002831, -0.049581, -0.925598, 0.375244, -1.2e-05, 0.0, 0.0, 0.0, 1.0],
                [0.97269, -0.145469, -0.180869, 0.124994, 0.220338, 0.333689, 0.916571, -0.002831, -0.072979, -0.93139, 0.356629, -1.2e-05, 0.0, 0.0, 0.0, 1.0],
                [0.972263, -0.158538, -0.171961, 0.124994, 0.214914, 0.315456, 0.924284, -0.002831, -0.092288, -0.935602, 0.340779, -1.2e-05, 0.0, 0.0, 0.0, 1.0],
                [0.971482, -0.169664, -0.165637, 0.124994, 0.211027, 0.300141, 0.93026, -0.002831, -0.108117, -0.938684, 0.327386, -1.2e-05, 0.0, 0.0, 0.0, 1.0],
                [0.970552, -0.178863, -0.161358, 0.124994, 0.208352, 0.287097, 0.934968, -0.002831, -0.120906, -0.941053, 0.31591, -1.2e-05, 0.0, 0.0, 0.0, 1.0],
                [0.969608, -0.186121, -0.158803, 0.124994, 0.206643, 0.275484, 0.938833, -0.002831, -0.130988, -0.943114, 0.305573, -1.2e-05, 0.0, 0.0, 0.0, 1.0],
                [0.968745, -0.191381, -0.157815, 0.124994, 0.205701, 0.264225, 0.94227, -0.002831, -0.138634, -0.94528, 0.295334, -1.2e-05, 0.0, 0.0, 0.0, 1.0],
                [0.968024, -0.194546, -0.158368, 0.124994, 0.205355, 0.251972, 0.945696, -0.00283, -0.144077, -0.947976, 0.283867, -1.2e-05, 0.0, 0.0, 0.0, 1.0],
                [0.967485, -0.195464, -0.160523, 0.124994, 0.205439, 0.237069, 0.949524, -0.00283, -0.147543, -0.951625, 0.269517, -1.2e-05, 0.0, 0.0, 0.0, 1.0],
                [0.967148, -0.193917, -0.164379, 0.124994, 0.205775, 0.217498, 0.954124, -0.002831, -0.149269, -0.956602, 0.250256, -1.2e-05, 0.0, 0.0, 0.0, 1.0],
                [0.967026, -0.189617, -0.170015, 0.124994, 0.206158, 0.190877, 0.959722, -0.002831, -0.149528, -0.963124, 0.223674, -1.2e-05, 0.0, 0.0, 0.0, 1.0],
                [0.9723, -0.170888, -0.159465, 0.124994, 0.185669, 0.15025, 0.971058, -0.00283, -0.141982, -0.973766, 0.177817, -1.2e-05, 0.0, 0.0, 0.0, 1.0],
                [0.984463, -0.129589, -0.118483, 0.124994, 0.131257, 0.094906, 0.986796, -0.00283, -0.116633, -0.987014, 0.110441, -1.2e-05, 0.0, 0.0, 0.0, 1.0],
                [0.997078, -0.060186, -0.04705, 0.124994, 0.04942, 0.038504, 0.998036, -0.002831, -0.058256, -0.997442, 0.041366, -1.2e-05, 0.0, 0.0, 0.0, 1.0],
                [0.996116, 0.060264, 0.064197, 0.124994, -0.064019, -0.004885, 0.997937, -0.002831, 0.060453, -0.998169, -0.001008, -1.2e-05, 0.0, 0.0, 0.0, 1.0],
                [0.944024, 0.246379, 0.219351, 0.124994, -0.214687, -0.04598, 0.9756, -0.002831, 0.250454, -0.968081, 0.009488, -1.2e-05, 0.0, 0.0, 0.0, 1.0],
                [0.828715, 0.42152, 0.368172, 0.124994, -0.332033, -0.159272, 0.929724, -0.002831, 0.450538, -0.89272, 0.007967, -1.2e-05, 0.0, 0.0, 0.0, 1.0],
                [0.739829, 0.496818, 0.453679, 0.124994, -0.344665, -0.299241, 0.889754, -0.002831, 0.577806, -0.814631, -0.050152, -1.2e-05, 0.0, 0.0, 0.0, 1.0],
                [0.849781, 0.356605, 0.388207, 0.124994, -0.256045, -0.3645, 0.89531, -0.002831, 0.460775, -0.860215, -0.218439, -1.2e-05, 0.0, 0.0, 0.0, 1.0],
                [0.949916, 0.152654, 0.272683, 0.124994, -0.184269, -0.431129, 0.883274, -0.002831, 0.252398, -0.889281, -0.381407, -1.2e-05, 0.0, 0.0, 0.0, 1.0],
                [0.967626, 0.05113, 0.247157, 0.124994, -0.194532, -0.472827, 0.859414, -0.002831, 0.160804, -0.879669, -0.447574, -1.2e-05, 0.0, 0.0, 0.0, 1.0],
                [0.588423, 0.479717, -0.650867, 0.124991, 0.746105, -0.011945, 0.665722, -0.002837, 0.311584, -0.87734, -0.364949, -2.1e-05, 0.0, 0.0, 0.0, 1.0],
                [0.855194, 0.227568, 0.465676, 0.124994, -0.143492, -0.759388, 0.634618, -0.002831, 0.498048, -0.609541, -0.616771, -1.2e-05, 0.0, 0.0, 0.0, 1.0],
                [0.865007, 0.359113, 0.35043, 0.124994, -0.038339, -0.649054, 0.759776, -0.002831, 0.500294, -0.670645, -0.547668, -1.2e-05, 0.0, 0.0, 0.0, 1.0],
                [0.862406, 0.481986, 0.154738, 0.124994, 0.076177, -0.425759, 0.901624, -0.002831, 0.500452, -0.765777, -0.403894, -1.2e-05, 0.0, 0.0, 0.0, 1.0],
                [0.856149, 0.516602, 0.011396, 0.124994, 0.078908, -0.152503, 0.985148, -0.002831, 0.510668, -0.842533, -0.17133, -1.2e-05, 0.0, 0.0, 0.0, 1.0],
                [0.859421, 0.506099, 0.072522, 0.124994, -0.143849, 0.103242, 0.984199, -0.002831, 0.490616, -0.856272, 0.16153, -1.2e-05, 0.0, 0.0, 0.0, 1.0],
                [0.801035, 0.506537, 0.319, 0.124994, -0.452225, 0.162903, 0.876902, -0.002831, 0.392217, -0.846687, 0.359561, -1.2e-05, 0.0, 0.0, 0.0, 1.0],
                [0.73177, 0.427842, 0.53053, 0.124994, -0.608891, 0.060669, 0.79093, -0.002831, 0.306206, -0.901813, 0.304906, -1.2e-05, 0.0, 0.0, 0.0, 1.0],
                [0.755285, 0.486536, 0.439121, 0.124994, -0.550029, 0.106212, 0.828365, -0.002831, 0.35639, -0.867179, 0.347829, -1.2e-05, 0.0, 0.0, 0.0, 1.0],
                [0.79657, 0.574192, 0.189151, 0.124994, -0.375101, 0.224058, 0.899499, -0.002831, 0.474105, -0.787463, 0.393858, -1.2e-05, 0.0, 0.0, 0.0, 1.0],
                [0.794618, 0.606383, 0.02967, 0.124994, -0.231369, 0.257283, 0.938229, -0.002831, 0.561294, -0.752397, 0.34474, -1.2e-05, 0.0, 0.0, 0.0, 1.0],
                [0.769241, 0.635213, -0.069082, 0.124994, -0.122233, 0.252414, 0.959868, -0.002831, 0.627159, -0.729924, 0.271811, -1.2e-05, 0.0, 0.0, 0.0, 1.0],
                [0.735495, 0.666642, -0.120975, 0.124994, -0.044374, 0.225565, 0.973217, -0.002831, 0.676076, -0.710426, 0.195484, -1.2e-05, 0.0, 0.0, 0.0, 1.0],
                [0.701321, 0.699746, -0.136025, 0.124994, 0.00381, 0.187136, 0.982327, -0.002831, 0.712836, -0.689443, 0.128577, -1.2e-05, 0.0, 0.0, 0.0, 1.0],
                [0.670251, 0.732273, -0.120573, 0.124994, 0.021002, 0.143688, 0.989401, -0.002831, 0.741837, -0.665678, 0.080929, -1.2e-05, 0.0, 0.0, 0.0, 1.0],
                [0.643165, 0.76009, -0.092726, 0.124994, 0.022587, 0.102211, 0.994507, -0.002831, 0.765394, -0.641725, 0.048571, -1.2e-05, 0.0, 0.0, 0.0, 1.0],
                [0.620323, 0.781406, -0.067843, 0.124994, 0.025567, 0.066306, 0.997472, -0.002831, 0.783929, -0.620489, 0.021152, -1.2e-05, 0.0, 0.0, 0.0, 1.0],
                [0.60164, 0.797452, -0.045785, 0.124994, 0.029231, 0.035301, 0.99895, -0.002831, 0.798232, -0.602345, -0.002072, -1.2e-05, 0.0, 0.0, 0.0, 1.0],
                [0.5869, 0.809232, -0.02626, 0.124994, 0.03297, 0.00852, 0.999421, -0.002831, 0.808988, -0.587424, -0.02168, -1.2e-05, 0.0, 0.0, 0.0, 1.0],
                [0.5758, 0.817541, -0.008888, 0.124994, 0.036254, -0.01467, 0.999235, -0.002831, 0.816786, -0.575681, -0.038086, -1.2e-05, 0.0, 0.0, 0.0, 1.0],
                [0.567868, 0.823093, 0.006514, 0.124994, 0.039196, -0.034946, 0.998621, -0.002831, 0.822185, -0.566828, -0.052107, -1.2e-05, 0.0, 0.0, 0.0, 1.0],
                [0.56256, 0.82651, 0.020159, 0.124994, 0.042216, -0.053068, 0.997699, -0.002831, 0.825678, -0.560413, -0.064746, -1.2e-05, 0.0, 0.0, 0.0, 1.0],
                [0.559408, 0.828251, 0.032587, 0.124994, 0.045305, -0.069808, 0.996531, -0.002831, 0.827653, -0.55599, -0.076575, -1.2e-05, 0.0, 0.0, 0.0, 1.0],
                [0.557927, 0.8287, 0.044394, 0.124994, 0.048471, -0.085941, 0.99512, -0.002831, 0.828473, -0.553053, -0.088117, -1.2e-05, 0.0, 0.0, 0.0, 1.0],
                [0.557626, 0.828186, 0.056207, 0.124994, 0.051735, -0.102253, 0.993412, -0.002831, 0.828479, -0.551043, -0.099866, -1.2e-05, 0.0, 0.0, 0.0, 1.0],
                [0.558478, 0.826685, 0.0685, 0.124994, 0.055205, -0.119434, 0.991307, -0.002831, 0.82768, -0.549841, -0.112339, -1.2e-05, 0.0, 0.0, 0.0, 1.0],
                [0.56075, 0.823987, 0.08125, 0.124994, 0.05894, -0.137605, 0.988732, -0.002831, 0.825884, -0.549643, -0.125728, -1.2e-05, 0.0, 0.0, 0.0, 1.0],
                [0.564368, 0.820111, 0.094363, 0.124994, 0.062899, -0.156694, 0.985643, -0.002831, 0.823123, -0.550329, -0.140017, -1.2e-05, 0.0, 0.0, 0.0, 1.0],
                [0.569251, 0.815072, 0.107745, 0.124994, 0.067041, -0.176631, 0.981992, -0.002831, 0.819426, -0.551775, -0.155191, -1.2e-05, 0.0, 0.0, 0.0, 1.0],
                [0.575318, 0.808883, 0.121302, 0.124994, 0.071326, -0.197353, 0.977735, -0.002831, 0.814814, -0.553856, -0.171236, -1.2e-05, 0.0, 0.0, 0.0, 1.0],
                [0.582481, 0.801564, 0.134937, 0.124994, 0.075717, -0.218789, 0.972831, -0.002831, 0.809309, -0.556437, -0.188133, -1.2e-05, 0.0, 0.0, 0.0, 1.0],
                [0.59065, 0.793135, 0.148557, 0.124994, 0.080175, -0.240874, 0.967241, -0.002831, 0.802935, -0.559389, -0.205861, -1.2e-05, 0.0, 0.0, 0.0, 1.0],
                [0.59973, 0.783616, 0.16207, 0.124994, 0.084665, -0.263537, 0.960927, -0.002831, 0.79571, -0.562574, -0.224397, -1.2e-05, 0.0, 0.0, 0.0, 1.0],
                [0.609625, 0.773044, 0.175379, 0.124994, 0.089154, -0.286707, 0.953861, -0.002831, 0.787659, -0.565862, -0.243704, -1.2e-05, 0.0, 0.0, 0.0, 1.0],
                [0.620239, 0.761452, 0.188396, 0.124994, 0.09361, -0.310308, 0.946016, -0.002831, 0.778807, -0.569119, -0.263745, -1.2e-05, 0.0, 0.0, 0.0, 1.0],
                [0.63147, 0.748886, 0.201032, 0.124994, 0.098003, -0.334265, 0.93737, -0.002831, 0.769182, -0.572218, -0.284472, -1.2e-05, 0.0, 0.0, 0.0, 1.0],
                [0.643219, 0.7354, 0.213201, 0.124994, 0.102306, -0.358493, 0.92791, -0.002831, 0.758816, -0.575036, -0.305826, -1.2e-05, 0.0, 0.0, 0.0, 1.0],
                [0.655386, 0.721055, 0.224825, 0.124994, 0.106495, -0.382911, 0.917627, -0.002831, 0.747748, -0.577456, -0.327744, -1.2e-05, 0.0, 0.0, 0.0, 1.0],
                [0.667873, 0.705923, 0.235831, 0.124994, 0.110547, -0.407433, 0.906519, -0.002831, 0.73602, -0.579368, -0.350152, -1.2e-05, 0.0, 0.0, 0.0, 1.0],
                [0.680581, 0.690084, 0.246151, 0.124994, 0.114445, -0.431967, 0.894599, -0.002831, 0.723678, -0.580675, -0.372966, -1.2e-05, 0.0, 0.0, 0.0, 1.0],
                [0.693418, 0.673627, 0.255727, 0.124994, 0.11817, -0.456426, 0.881879, -0.002831, 0.710779, -0.581291, -0.396098, -1.2e-05, 0.0, 0.0, 0.0, 1.0],
                [0.706291, 0.656646, 0.264513, 0.124994, 0.121711, -0.480719, 0.868387, -0.002831, 0.69738, -0.581139, -0.41945, -1.2e-05, 0.0, 0.0, 0.0, 1.0],
                [0.719114, 0.639245, 0.272471, 0.124994, 0.125057, -0.504755, 0.854157, -0.002831, 0.683547, -0.58016, -0.442918, -1.2e-05, 0.0, 0.0, 0.0, 1.0],
                [0.731801, 0.621532, 0.279577, 0.124994, 0.128199, -0.528444, 0.839232, -0.002831, 0.669352, -0.578308, -0.466397, -1.2e-05, 0.0, 0.0, 0.0, 1.0],
                [0.744278, 0.603619, 0.285817, 0.124994, 0.131133, -0.5517, 0.823669, -0.002831, 0.654868, -0.575558, -0.489774, -1.2e-05, 0.0, 0.0, 0.0, 1.0],
                [0.756473, 0.585624, 0.291191, 0.124994, 0.133857, -0.574436, 0.80753, -0.002831, 0.64018, -0.571895, -0.512936, -1.2e-05, 0.0, 0.0, 0.0, 1.0],
                [0.768319, 0.567662, 0.29571, 0.124994, 0.13637, -0.596569, 0.790891, -0.002831, 0.625371, -0.567329, -0.535768, -1.2e-05, 0.0, 0.0, 0.0, 1.0],
                [0.779758, 0.54985, 0.299401, 0.124994, 0.138676, -0.618021, 0.773834, -0.002831, 0.610529, -0.561882, -0.558159, -1.2e-05, 0.0, 0.0, 0.0, 1.0],
                [0.790738, 0.532304, 0.302301, 0.124994, 0.140777, -0.638719, 0.756452, -0.002831, 0.595748, -0.555597, -0.579996, -1.2e-05, 0.0, 0.0, 0.0, 1.0],
                [0.801211, 0.515136, 0.304456, 0.124994, 0.142681, -0.658589, 0.738851, -0.002831, 0.581121, -0.548534, -0.601171, -1.2e-05, 0.0, 0.0, 0.0, 1.0],
                [0.81114, 0.498458, 0.305924, 0.124994, 0.144395, -0.677569, 0.721145, -0.002831, 0.566745, -0.540775, -0.62158, -1.2e-05, 0.0, 0.0, 0.0, 1.0],
                [0.820492, 0.482371, 0.306773, 0.124994, 0.145928, -0.695593, 0.703459, -0.002831, 0.552718, -0.532414, -0.641121, -1.2e-05, 0.0, 0.0, 0.0, 1.0],
                [0.829238, 0.466976, 0.307079, 0.124994, 0.14729, -0.712607, 0.685927, -0.002831, 0.539139, -0.523566, -0.659702, -1.2e-05, 0.0, 0.0, 0.0, 1.0],
                [0.837356, 0.452366, 0.306918, 0.124994, 0.14849, -0.728555, 0.668698, -0.002831, 0.526104, -0.514364, -0.677233, -1.2e-05, 0.0, 0.0, 0.0, 1.0],
                [0.844829, 0.43863, 0.306376, 0.124994, 0.14954, -0.743384, 0.651932, -0.002831, 0.513713, -0.504955, -0.693627, -1.2e-05, 0.0, 0.0, 0.0, 1.0],
                [0.851643, 0.425851, 0.30554, 0.124994, 0.150451, -0.75705, 0.635798, -0.002831, 0.502065, -0.495502, -0.708807, -1.2e-05, 0.0, 0.0, 0.0, 1.0],
                [0.857786, 0.414108, 0.304493, 0.124994, 0.151233, -0.7695, 0.620481, -0.002831, 0.491255, -0.48619, -0.722695, -1.2e-05, 0.0, 0.0, 0.0, 1.0],
                [0.863251, 0.403477, 0.30332, 0.124994, 0.151897, -0.780688, 0.606178, -0.002831, 0.481378, -0.477209, -0.735218, -1.2e-05, 0.0, 0.0, 0.0, 1.0],
                [0.868029, 0.394029, 0.302101, 0.124994, 0.152452, -0.790566, 0.593096, -0.002831, 0.472529, -0.468768, -0.746306, -1.2e-05, 0.0, 0.0, 0.0, 1.0],
                [0.872112, 0.385839, 0.300911, 0.124994, 0.152907, -0.799082, 0.581452, -0.002831, 0.4648, -0.461079, -0.755888, -1.2e-05, 0.0, 0.0, 0.0, 1.0],
                [0.875492, 0.378973, 0.29982, 0.124994, 0.153271, -0.806185, 0.571464, -0.002831, 0.458281, -0.454357, -0.763896, -1.2e-05, 0.0, 0.0, 0.0, 1.0],
                [0.878156, 0.373507, 0.298888, 0.124994, 0.153548, -0.811816, 0.563361, -0.002831, 0.453062, -0.448825, -0.770254, -1.2e-05, 0.0, 0.0, 0.0, 1.0],
                [0.880089, 0.369511, 0.29817, 0.124994, 0.153743, -0.815919, 0.557349, -0.002831, 0.449229, -0.444674, -0.774892, -1.2e-05, 0.0, 0.0, 0.0, 1.0],
                [0.881269, 0.367059, 0.297712, 0.124994, 0.15386, -0.818428, 0.553625, -0.002831, 0.446869, -0.442086, -0.777732, -1.2e-05, 0.0, 0.0, 0.0, 1.0],
                [0.88167, 0.366226, 0.297551, 0.124994, 0.1539, -0.81928, 0.552353, -0.002831, 0.446064, -0.441199, -0.778697, -1.2e-05, 0.0, 0.0, 0.0, 1.0]
            ]
        },
        {
            "name": "Leg_R",
            "time": [0.0, 0.0167, 0.0333, 0.05, 0.0667, 0.0833, 0.1, 0.1167, 0.1333, 0.15, 0.1667, 0.1833, 0.2, 0.2167, 0.2333, 0.25, 0.2667, 0.2833, 0.3, 0.3167, 0.3333, 0.35, 0.3667, 0.3833, 0.4, 0.4167, 0.4333, 0.45, 0.4667, 0.4833, 0.5, 0.5167, 0.5333, 0.55, 0.5667, 0.5833, 0.6, 0.6167, 0.6333, 0.65, 0.6667, 0.6833, 0.7, 0.7167, 0.7333, 0.75, 0.7667, 0.7833, 0.8, 0.8167, 0.8333, 0.85, 0.8667, 0.8833, 0.9, 0.9167, 0.9333, 0.95, 0.9667, 0.9833, 1.0, 1.0167, 1.0333, 1.05, 1.0667, 1.0833, 1.1, 1.1167, 1.1333, 1.15, 1.1667, 1.1833, 1.2, 1.2167, 1.2333, 1.25, 1.2667, 1.2833, 1.3, 1.3167, 1.3333, 1.35, 1.3667, 1.3833, 1.4, 1.4167, 1.4333, 1.45, 1.4667, 1.4833, 1.5, 1.5167, 1.5333, 1.55, 1.5667, 1.5833, 1.6, 1.6167, 1.6333, 1.65, 1.6667],
            "transform": [
                [1.0, -1e-06, 1e-06, 0.0, -0.0, 0.550084, 0.835109, 0.374726, -1e-06, -0.835112, 0.550079, -0.0, 0.0, 0.0, 0.0, 1.0],
                [1.000001, -1e-06, 1e-06, 0.0, -0.0, 0.5495, 0.835493, 0.374726, -1e-06, -0.835497, 0.549496, 0.0, 0.0, 0.0, 0.0, 1.0],
                [1.0, -1e-06, 1e-06, -0.0, -0.0, 0.546274, 0.837607, 0.374726, -1e-06, -0.837609, 0.54627, 0.0, 0.0, 0.0, 0.0, 1.0],
                [1.0, -1e-06, 1e-06, -0.0, -0.0, 0.538258, 0.84278, 0.374726, -1e-06, -0.842783, 0.538254, 0.0, 0.0, 0.0, 0.0, 1.0],
                [1.0, -1e-06, 1e-06, 0.0, -0.0, 0.523492, 0.852031, 0.374726, -1e-06, -0.852033, 0.523488, -0.0, 0.0, 0.0, 0.0, 1.0],
                [1.0, -1e-06, 1e-06, 0.0, -0.0, 0.500335, 0.865832, 0.374726, -1e-06, -0.865834, 0.500332, -0.0, 0.0, 0.0, 0.0, 1.0],
                [1.0, -1e-06, 1e-06, -0.0, -0.0, 0.467729, 0.883871, 0.374726, -1e-06, -0.883873, 0.467726, 0.0, 0.0, 0.0, 0.0, 1.0],
                [1.0, -1e-06, 1e-06, -0.0, -0.0, 0.425541, 0.904939, 0.374726, -1e-06, -0.904941, 0.425538, 0.0, 0.0, 0.0, 0.0, 1.0],
                [1.0, -1e-06, 1e-06, -0.0, -0.0, 0.374964, 0.927038, 0.374726, -1e-06, -0.927041, 0.374961, 0.0, 0.0, 0.0, 0.0, 1.0],
                [1.0, -1e-06, 0.0, -0.0, -0.0, 0.31902, 0.947747, 0.374726, -1e-06, -0.947749, 0.319018, -0.0, 0.0, 0.0, 0.0, 1.0],
                [1.0, -1e-06, 0.0, 0.0, -0.0, 0.263111, 0.964765, 0.374726, -1e-06, -0.964767, 0.263109, 0.0, 0.0, 0.0, 0.0, 1.0],
                [1.0, -1e-06, 0.0, -2e-06, -0.0, -0.012915, 0.999915, 0.374729, -1e-06, -0.999917, -0.012915, -8e-06, 0.0, 0.0, 0.0, 1.0],
                [0.999999, -1e-06, 0.0, 0.0, -0.0, 0.182466, 0.983211, 0.374726, -1e-06, -0.983213, 0.182464, 0.0, 0.0, 0.0, 0.0, 1.0],
                [1.0, -1e-06, -0.0, -0.0, -0.0, -0.441994, 0.897018, 0.374726, -1e-06, -0.89702, -0.441991, -0.0, 0.0, 0.0, 0.0, 1.0],
                [1.0, -1e-06, -0.0, -0.0, -0.0, -0.482256, 0.876031, 0.374726, -1e-06, -0.876032, -0.482252, -0.0, 0.0, 0.0, 0.0, 1.0],
                [1.0, -1e-06, -0.0, 0.0, -0.0, -0.425129, 0.905132, 0.374726, -1e-06, -0.905134, -0.425127, -0.0, 0.0, 0.0, 0.0, 1.0],
                [1.0, -1e-06, -0.0, 0.0, -0.0, -0.378129, 0.925752, 0.374726, -1e-06, -0.925754, -0.378127, 0.0, 0.0, 0.0, 0.0, 1.0],
                [1.0, -1e-06, -0.0, 0.0, -0.0, -0.34194, 0.939721, 0.374726, -1e-06, -0.939723, -0.341939, 0.0, 0.0, 0.0, 0.0, 1.0],
                [1.0, -1e-06, 0.0, -0.0, -0.0, -0.316729, 0.948515, 0.374726, -1e-06, -0.948517, -0.316727, 0.0, 0.0, 0.0, 0.0, 1.0],
                [1.0, -1e-06, -0.0, -0.0, -0.0, -0.302214, 0.95324, 0.374727, -1e-06, -0.953241, -0.302213, -0.0, 0.0, 0.0, 0.0, 1.0],
                [1.000001, -1e-06, 0.0, -0.0, -0.0, -0.297738, 0.954647, 0.374726, -1e-06, -0.954649, -0.297736, 0.0, 0.0, 0.0, 0.0, 1.0],
                [1.0, -1e-06, 0.0, 0.0, -0.0, -0.302305, 0.953211, 0.374726, -1e-06, -0.953212, -0.302303, 0.0, 0.0, 0.0, 0.0, 1.0],
                [1.0, -1e-06, 0.0, -0.0, -0.0, -0.314613, 0.949219, 0.374726, -1e-06, -0.949221, -0.314611, 0.0, 0.0, 0.0, 0.0, 1.0],
                [1.0, -1e-06, 0.0, -0.0, -0.0, -0.333056, 0.942906, 0.374726, -1e-06, -0.942909, -0.333054, -0.0, 0.0, 0.0, 0.0, 1.0],
                [1.0, -1e-06, 0.0, 0.0, -0.0, -0.355711, 0.934595, 0.374726, -1e-06, -0.934597, -0.355709, 0.0, 0.0, 0.0, 0.0, 1.0],
                [1.0, -1e-06, 0.0, 0.0, -0.0, -0.380314, 0.924857, 0.374726, -1e-06, -0.924859, -0.380312, 0.0, 0.0, 0.0, 0.0, 1.0],
                [1.0, -1e-06, -0.0, 0.0, -0.0, -0.4054, 0.914139, 0.374726, -1e-06, -0.914141, -0.405397, -0.0, 0.0, 0.0, 0.0, 1.0],
                [1.0, -1e-06, -0.0, -0.0, -0.0, -0.421976, 0.906606, 0.374726, -1e-06, -0.906608, -0.421974, -0.0, 0.0, 0.0, 0.0, 1.0],
                [1.0, -1e-06, -0.0, 0.0, -0.0, -0.421555, 0.906802, 0.374726, -1e-06, -0.906805, -0.421552, -0.0, 0.0, 0.0, 0.0, 1.0],
                [1.000001, -1e-06, -0.0, -0.0, -0.0, -0.418515, 0.908209, 0.374726, -1e-06, -0.908211, -0.418513, 0.0, 0.0, 0.0, 0.0, 1.0],
                [1.0, -1e-06, -0.0, -0.0, -0.0, -0.448988, 0.893537, 0.374726, -1e-06, -0.893539, -0.448986, -0.0, 0.0, 0.0, 0.0, 1.0],
                [1.0, -1e-06, -0.0, -0.0, -0.0, -0.466452, 0.884546, 0.374726, -1e-06, -0.884548, -0.46645, -0.0, 0.0, 0.0, 0.0, 1.0],
                [1.0, -1e-06, -0.0, -0.0, -0.0, -0.415158, 0.909749, 0.374726, -1e-06, -0.909751, -0.415155, -0.0, 0.0, 0.0, 0.0, 1.0],
                [1.0, -1e-06, -0.0, 0.0, -0.0, -0.341047, 0.940046, 0.374726, -1e-06, -0.940048, -0.341045, -0.0, 0.0, 0.0, 0.0, 1.0],
                [1.0, -1e-06, -0.0, -0.0, -0.0, -0.28608, 0.958205, 0.374726, -1e-06, -0.958207, -0.286078, 0.0, 0.0, 0.0, 0.0, 1.0],
                [1.0, -1e-06, 0.0, -0.0, -0.0, -0.29435, 0.955697, 0.374726, -1e-06, -0.955699, -0.294348, 0.0, 0.0, 0.0, 0.0, 1.0],
                [1.0, -1e-06, -0.0, 5e-06, -0.0, -0.525111, 0.851034, 0.374736, -1e-06, -0.851036, -0.525107, -7e-06, 0.0, 0.0, 0.0, 1.0],
