{
    "animation": [
        {
            "name": "Root",
            "time": [0.0, 0.0111, 0.0222, 0.0333, 0.0444, 0.0556, 0.0667, 0.0778, 0.0889, 0.1, 0.1111, 0.1222, 0.1333, 0.1444, 0.1556, 0.1667, 0.1778, 0.1889, 0.2, 0.2111, 0.2222, 0.2333, 0.2444, 0.2556, 0.2667, 0.2778, 0.2889, 0.3, 0.3111, 0.3222, 0.3333, 0.3444, 0.3556, 0.3667, 0.3778, 0.3889, 0.4, 0.4111, 0.4222, 0.4333, 0.4444, 0.4556, 0.4667, 0.4778, 0.4889, 0.5],
            "transform": [
                [0.884215, 0.0, 0.467081, -5e-06, 0.467081, 0.0, -0.884215, 0.000946, 0.0, 1.0, 0.0, 0.725456, 0.0, 0.0, 0.0, 1.0],
                [0.884215, 0.0, 0.467081, -5e-06, 0.467081, 0.0, -0.884215, 0.000946, 0.0, 1.0, 0.0, 0.725456, 0.0, 0.0, 0.0, 1.0],
                [0.884215, 0.0, 0.467081, -5e-06, 0.467081, 0.0, -0.884215, 0.000946, 0.0, 1.0, 0.0, 0.725456, 0.0, 0.0, 0.0, 1.0],
                [0.884215, 0.0, 0.467081, -5e-06, 0.467081, 0.0, -0.884215, 0.000946, 0.0, 1.0, 0.0, 0.725456, 0.0, 0.0, 0.0, 1.0],
                [0.878345, 0.0, 0.478028, -5e-06, 0.478028, 0.0, -0.878345, 0.01459, 0.0, 1.0, 0.0, 0.737573, 0.0, 0.0, 0.0, 1.0],
                [0.862199, 0.0, 0.50657, -5e-06, 0.50657, 0.0, -0.862199, 0.052505, 0.0, 1.0, 0.0, 0.769518, 0.0, 0.0, 0.0, 1.0],
                [0.837746, 0.0, 0.54606, -5e-06, 0.54606, 0.0, -0.837746, 0.110163, 0.0, 1.0, 0.0, 0.814681, 0.0, 0.0, 0.0, 1.0],
                [0.807455, 0.0, 0.589929, -5e-06, 0.589929, 0.0, -0.807455, 0.183038, 0.0, 1.0, 0.0, 0.866454, 0.0, 0.0, 0.0, 1.0],
                [0.774869, 0.0, 0.632122, -5e-06, 0.632122, 0.0, -0.774869, 0.266603, 0.0, 1.0, 0.0, 0.918226, 0.0, 0.0, 0.0, 1.0],
                [0.74468, 0.0, 0.667422, -5e-06, 0.667422, 0.0, -0.74468, 0.356331, 0.0, 1.0, 0.0, 0.963389, 0.0, 0.0, 0.0, 1.0],
                [0.722396, 0.0, 0.69148, -5e-06, 0.69148, 0.0, -0.722396, 0.447697, 0.0, 1.0, 0.0, 0.995334, 0.0, 0.0, 0.0, 1.0],
                [0.713751, 0.0, 0.700399, -5e-06, 0.700399, 0.0, -0.713751, 0.536172, 0.0, 1.0, 0.0, 1.007451, 0.0, 0.0, 0.0, 1.0],
                [0.713751, 0.0, 0.700399, -5e-06, 0.700399, 0.0, -0.713751, 0.618536, 0.0, 1.0, 0.0, 0.999307, 0.0, 0.0, 0.0, 1.0],
                [0.713751, 0.0, 0.700399, -5e-06, 0.700399, 0.0, -0.713751, 0.696793, 0.0, 1.0, 0.0, 0.979885, 0.0, 0.0, 0.0, 1.0],
                [0.713751, 0.0, 0.700399, -5e-06, 0.700399, 0.0, -0.713751, 0.77425, 0.0, 1.0, 0.0, 0.956704, 0.0, 0.0, 0.0, 1.0],
                [0.713751, 0.0, 0.700399, -5e-06, 0.700399, 0.0, -0.713751, 0.854216, 0.0, 1.0, 0.0, 0.937283, 0.0, 0.0, 0.0, 1.0],
                [0.713751, 0.0, 0.700399, -5e-06, 0.700399, 0.0, -0.713751, 0.939999, 0.0, 1.0, 0.0, 0.929138, 0.0, 0.0, 0.0, 1.0],
                [0.713751, 0.0, 0.700399, -5e-06, 0.700399, 0.0, -0.713751, 1.034074, 0.0, 1.0, 0.0, 0.945443, 0.0, 0.0, 0.0, 1.0],
                [0.713751, 0.0, 0.700399, -5e-06, 0.700399, 0.0, -0.713751, 1.135579, 0.0, 1.0, 0.0, 0.981315, 0.0, 0.0, 0.0, 1.0],
                [0.713751, 0.0, 0.700399, -5e-06, 0.700399, 0.0, -0.713751, 1.24282, 0.0, 1.0, 0.0, 1.017186, 0.0, 0.0, 0.0, 1.0],
                [0.713751, 0.0, 0.700399, -5e-06, 0.700399, 0.0, -0.713751, 1.354098, 0.0, 1.0, 0.0, 1.033491, 0.0, 0.0, 0.0, 1.0],
                [0.713751, 0.0, 0.700399, -5e-06, 0.700399, 0.0, -0.713751, 1.467318, 0.0, 1.0, 0.0, 1.020206, 0.0, 0.0, 0.0, 1.0],
                [0.713751, 0.0, 0.700399, -5e-06, 0.700399, 0.0, -0.713751, 1.578773, 0.0, 1.0, 0.0, 0.984613, 0.0, 0.0, 0.0, 1.0],
                [0.713751, 0.0, 0.700399, -5e-06, 0.700399, 0.0, -0.713751, 1.684353, 0.0, 1.0, 0.0, 0.933102, 0.0, 0.0, 0.0, 1.0],
                [0.713751, 0.0, 0.700399, -5e-06, 0.700399, 0.0, -0.713751, 1.77995, 0.0, 1.0, 0.0, 0.872065, 0.0, 0.0, 0.0, 1.0],
                [0.713751, 0.0, 0.700399, -5e-06, 0.700399, 0.0, -0.713751, 1.861455, 0.0, 1.0, 0.0, 0.807893, 0.0, 0.0, 0.0, 1.0],
                [0.713751, 0.0, 0.700399, -5e-06, 0.700399, 0.0, -0.713751, 1.92476, 0.0, 1.0, 0.0, 0.746977, 0.0, 0.0, 0.0, 1.0],
                [0.713751, 0.0, 0.700399, -5e-06, 0.700399, 0.0, -0.713751, 1.965756, 0.0, 1.0, 0.0, 0.695709, 0.0, 0.0, 0.0, 1.0],
                [0.713751, 0.0, 0.700399, -5e-06, 0.700399, 0.0, -0.713751, 1.980334, 0.0, 1.0, 0.0, 0.660479, 0.0, 0.0, 0.0, 1.0],
                [0.713751, 0.0, 0.700399, -5e-06, 0.700399, 0.0, -0.713751, 1.980334, 0.0, 1.0, 0.0, 0.642672, 0.0, 0.0, 0.0, 1.0],
                [0.713751, 0.0, 0.700399, -5e-06, 0.700399, 0.0, -0.713751, 1.980334, 0.0, 1.0, 0.0, 0.623643, 0.0, 0.0, 0.0, 1.0],
                [0.713751, 0.0, 0.700399, -5e-06, 0.700399, 0.0, -0.713751, 1.980334, 0.0, 1.0, 0.0, 0.590122, 0.0, 0.0, 0.0, 1.0],
                [0.713751, 0.0, 0.700399, -5e-06, 0.700399, 0.0, -0.713751, 1.980334, 0.0, 1.0, 0.0, 0.570363, 0.0, 0.0, 0.0, 1.0],
                [0.713751, 0.0, 0.700399, -5e-06, 0.700399, 0.0, -0.713751, 1.980334, 0.0, 1.0, 0.0, 0.606686, 0.0, 0.0, 0.0, 1.0],
                [0.713751, 0.0, 0.700399, -5e-06, 0.700399, 0.0, -0.713751, 1.980334, 0.0, 1.0, 0.0, 0.606686, 0.0, 0.0, 0.0, 1.0],
                [0.713751, 0.0, 0.700399, -5e-06, 0.700399, 0.0, -0.713751, 1.980334, 0.0, 1.0, 0.0, 0.606686, 0.0, 0.0, 0.0, 1.0],
                [0.713751, 0.0, 0.700399, -5e-06, 0.700399, 0.0, -0.713751, 1.980334, 0.0, 1.0, 0.0, 0.606686, 0.0, 0.0, 0.0, 1.0],
                [0.713751, 0.0, 0.700399, -5e-06, 0.700399, 0.0, -0.713751, 1.980334, 0.0, 1.0, 0.0, 0.606686, 0.0, 0.0, 0.0, 1.0],
                [0.713751, 0.0, 0.700399, -5e-06, 0.700399, 0.0, -0.713751, 1.980334, 0.0, 1.0, 0.0, 0.606686, 0.0, 0.0, 0.0, 1.0],
                [0.713751, 0.0, 0.700399, -5e-06, 0.700399, 0.0, -0.713751, 1.980334, 0.0, 1.0, 0.0, 0.606686, 0.0, 0.0, 0.0, 1.0],
                [0.713751, 0.0, 0.700399, -5e-06, 0.700399, 0.0, -0.713751, 1.980334, 0.0, 1.0, 0.0, 0.606686, 0.0, 0.0, 0.0, 1.0],
                [0.713751, 0.0, 0.700399, -5e-06, 0.700399, 0.0, -0.713751, 1.980334, 0.0, 1.0, 0.0, 0.606686, 0.0, 0.0, 0.0, 1.0],
                [0.713751, 0.0, 0.700399, -5e-06, 0.700399, 0.0, -0.713751, 1.980334, 0.0, 1.0, 0.0, 0.606686, 0.0, 0.0, 0.0, 1.0],
                [0.713751, 0.0, 0.700399, -5e-06, 0.700399, 0.0, -0.713751, 1.980334, 0.0, 1.0, 0.0, 0.606686, 0.0, 0.0, 0.0, 1.0],
                [0.713751, 0.0, 0.700399, -5e-06, 0.700399, 0.0, -0.713751, 1.980334, 0.0, 1.0, 0.0, 0.606686, 0.0, 0.0, 0.0, 1.0],
                [0.713751, 0.0, 0.700399, -5e-06, 0.700399, 0.0, -0.713751, 1.980334, 0.0, 1.0, 0.0, 0.606686, 0.0, 0.0, 0.0, 1.0]
            ]
        },
        {
            "name": "Thigh_R",
            "time": [0.0, 0.0111, 0.0222, 0.0333, 0.0444, 0.0556, 0.0667, 0.0778, 0.0889, 0.1, 0.1111, 0.1222, 0.1333, 0.1444, 0.1556, 0.1667, 0.1778, 0.1889, 0.2, 0.2111, 0.2222, 0.2333, 0.2444, 0.2556, 0.2667, 0.2778, 0.2889, 0.3, 0.3111, 0.3222, 0.3333, 0.3444, 0.3556, 0.3667, 0.3778, 0.3889, 0.4, 0.4111, 0.4222, 0.4333, 0.4444, 0.4556, 0.4667, 0.4778, 0.4889, 0.5],
            "transform": [
                [0.63056, 0.160613, 0.75934, 0.124994, 0.163737, -0.983861, 0.072135, -0.002831, 0.758672, 0.078846, -0.646684, -1.2e-05, 0.0, 0.0, 0.0, 1.0],
                [0.63056, 0.160613, 0.75934, 0.124994, 0.163737, -0.983861, 0.072135, -0.002831, 0.758672, 0.078846, -0.646684, -1.2e-05, 0.0, 0.0, 0.0, 1.0],
                [0.63056, 0.160613, 0.75934, 0.124994, 0.163737, -0.983861, 0.072135, -0.002831, 0.758672, 0.078846, -0.646684, -1.2e-05, 0.0, 0.0, 0.0, 1.0],
                [0.63056, 0.160613, 0.75934, 0.124994, 0.163737, -0.983861, 0.072135, -0.002831, 0.758672, 0.078846, -0.646684, -1.2e-05, 0.0, 0.0, 0.0, 1.0],
                [0.626671, 0.168058, 0.760947, 0.124994, 0.164439, -0.982998, 0.081678, -0.002831, 0.761737, 0.073944, -0.643653, -1.2e-05, 0.0, 0.0, 0.0, 1.0],
                [0.615157, 0.19214, 0.764633, 0.124994, 0.167154, -0.979584, 0.111677, -0.002831, 0.770481, 0.059112, -0.634716, -1.2e-05, 0.0, 0.0, 0.0, 1.0],
                [0.595962, 0.234384, 0.768045, 0.124994, 0.172967, -0.97147, 0.162251, -0.002831, 0.784163, 0.036151, -0.619501, -1.2e-05, 0.0, 0.0, 0.0, 1.0],
                [0.570766, 0.294504, 0.766481, 0.124994, 0.182192, -0.955619, 0.231507, -0.002831, 0.800644, 0.00751, -0.599093, -1.2e-05, 0.0, 0.0, 0.0, 1.0],
                [0.543567, 0.370261, 0.753288, 0.124994, 0.194221, -0.928573, 0.316272, -0.002831, 0.816586, -0.025611, -0.576655, -1.2e-05, 0.0, 0.0, 0.0, 1.0],
                [0.520045, 0.457403, 0.721343, 0.124994, 0.207903, -0.886912, 0.412506, -0.002831, 0.82845, -0.064553, -0.556331, -1.2e-05, 0.0, 0.0, 0.0, 1.0],
                [0.506733, 0.549478, 0.6643, 0.124994, 0.221854, -0.827719, 0.515422, -0.002831, 0.833068, -0.113804, -0.541338, -1.2e-05, 0.0, 0.0, 0.0, 1.0],
                [0.510298, 0.637316, 0.577428, 0.124994, 0.234504, -0.749102, 0.619558, -0.002831, 0.827408, -0.18075, -0.53172, -1.2e-05, 0.0, 0.0, 0.0, 1.0],
                [0.52883, 0.704243, 0.473687, 0.124994, 0.24039, -0.659543, 0.71219, -0.002831, 0.813973, -0.262757, -0.51808, -1.2e-05, 0.0, 0.0, 0.0, 1.0],
                [0.552129, 0.745273, 0.373791, 0.124994, 0.235793, -0.569592, 0.787379, -0.002831, 0.799722, -0.346597, -0.49022, -1.2e-05, 0.0, 0.0, 0.0, 1.0],
                [0.574504, 0.768494, 0.28171, 0.124994, 0.222418, -0.477803, 0.849844, -0.002831, 0.787703, -0.425581, -0.445427, -1.2e-05, 0.0, 0.0, 0.0, 1.0],
                [0.590141, 0.783156, 0.195954, 0.124994, 0.20452, -0.379843, 0.902159, -0.002831, 0.780964, -0.492324, -0.384333, -1.2e-05, 0.0, 0.0, 0.0, 1.0],
                [0.592528, 0.797237, 0.11542, 0.124994, 0.188268, -0.276366, 0.942432, -0.002831, 0.78324, -0.536686, -0.31385, -1.2e-05, 0.0, 0.0, 0.0, 1.0],
                [0.580194, 0.810809, 0.077206, 0.124994, 0.158409, -0.205316, 0.965791, -0.002831, 0.798925, -0.548115, -0.247563, -1.2e-05, 0.0, 0.0, 0.0, 1.0],
                [0.557875, 0.822816, 0.108379, 0.124994, 0.104922, -0.199466, 0.974272, -0.002831, 0.823266, -0.53215, -0.197609, -1.2e-05, 0.0, 0.0, 0.0, 1.0],
                [0.528684, 0.829107, 0.181858, 0.124994, 0.042192, -0.239652, 0.969942, -0.002831, 0.847769, -0.505119, -0.161683, -1.2e-05, 0.0, 0.0, 0.0, 1.0],
                [0.495598, 0.831379, 0.251377, 0.124994, -0.020193, -0.278312, 0.960279, -0.002831, 0.868317, -0.480987, -0.121144, -1.2e-05, 0.0, 0.0, 0.0, 1.0],
                [0.459619, 0.842883, 0.279815, 0.124994, -0.080113, -0.274432, 0.958264, -0.002831, 0.884496, -0.462852, -0.058608, -1.2e-05, 0.0, 0.0, 0.0, 1.0],
                [0.427702, 0.857609, 0.285615, 0.124994, -0.128549, -0.255053, 0.958344, -0.002831, 0.894732, -0.446601, 0.001158, -1.2e-05, 0.0, 0.0, 0.0, 1.0],
                [0.417984, 0.858581, 0.296859, 0.124994, -0.139184, -0.262391, 0.954872, -0.002831, 0.897729, -0.440438, 0.009825, -1.2e-05, 0.0, 0.0, 0.0, 1.0],
                [0.437538, 0.825244, 0.357113, 0.124994, -0.101284, -0.349387, 0.931489, -0.002831, 0.893477, -0.443731, -0.069286, -1.2e-05, 0.0, 0.0, 0.0, 1.0],
                [0.4513, 0.724104, 0.521536, 0.124994, -0.07668, -0.550808, 0.831102, -0.002831, 0.889071, -0.415067, -0.193056, -1.2e-05, 0.0, 0.0, 0.0, 1.0],
                [0.456465, 0.550705, 0.69883, 0.124994, -0.074327, -0.759081, 0.646738, -0.002831, 0.886631, -0.347155, -0.305562, -1.2e-05, 0.0, 0.0, 0.0, 1.0],
                [0.468554, 0.567634, 0.676941, 0.124994, -0.0652, -0.741949, 0.667277, -0.002831, 0.881026, -0.356791, -0.310634, -1.2e-05, 0.0, 0.0, 0.0, 1.0],
                [0.487868, 0.666947, 0.563175, 0.124994, -0.047656, -0.62385, 0.780089, -0.002831, 0.871616, -0.407418, -0.272573, -1.2e-05, 0.0, 0.0, 0.0, 1.0],
                [0.504308, 0.69807, 0.508302, 0.124994, -0.031429, -0.573408, 0.818667, -0.002831, 0.862952, -0.428835, -0.267235, -1.2e-05, 0.0, 0.0, 0.0, 1.0],
                [0.514714, 0.727645, 0.453431, 0.124994, -0.014767, -0.521264, 0.853268, -0.002831, 0.857234, -0.445884, -0.257557, -1.2e-05, 0.0, 0.0, 0.0, 1.0],
                [0.512034, 0.773681, 0.373144, 0.124994, -0.004263, -0.432116, 0.901808, -0.002831, 0.858954, -0.463346, -0.217961, -1.2e-05, 0.0, 0.0, 0.0, 1.0],
                [0.497412, 0.802102, 0.330471, 0.124994, -0.001266, -0.380267, 0.924876, -0.002831, 0.867513, -0.460462, -0.188134, -1.2e-05, 0.0, 0.0, 0.0, 1.0],
                [0.481932, 0.77057, 0.417087, 0.124994, -0.000412, -0.475813, 0.879547, -0.002831, 0.876209, -0.424053, -0.228992, -1.2e-05, 0.0, 0.0, 0.0, 1.0],
                [0.476148, 0.774264, 0.416889, 0.124994, 0.003643, -0.475811, 0.87954, -0.002831, 0.879357, -0.417272, -0.229378, -1.2e-05, 0.0, 0.0, 0.0, 1.0],
                [0.508968, 0.763774, 0.396986, 0.124994, 0.029172, -0.47623, 0.878837, -0.002831, 0.86029, -0.435719, -0.264667, -1.2e-05, 0.0, 0.0, 0.0, 1.0],
                [0.508969, 0.763774, 0.396986, 0.124994, 0.029172, -0.47623, 0.878837, -0.002831, 0.86029, -0.435719, -0.264667, -1.2e-05, 0.0, 0.0, 0.0, 1.0],
                [0.508969, 0.763774, 0.396986, 0.124994, 0.029172, -0.47623, 0.878837, -0.002831, 0.86029, -0.435719, -0.264667, -1.2e-05, 0.0, 0.0, 0.0, 1.0],
                [0.508969, 0.763774, 0.396986, 0.124994, 0.029172, -0.47623, 0.878837, -0.002831, 0.86029, -0.435719, -0.264667, -1.2e-05, 0.0, 0.0, 0.0, 1.0],
                [0.508969, 0.763774, 0.396986, 0.124994, 0.029172, -0.47623, 0.878837, -0.002831, 0.86029, -0.435719, -0.264667, -1.2e-05, 0.0, 0.0, 0.0, 1.0],
                [0.508969, 0.763774, 0.396986, 0.124994, 0.029172, -0.47623, 0.878837, -0.002831, 0.86029, -0.435719, -0.264667, -1.2e-05, 0.0, 0.0, 0.0, 1.0],
                [0.508969, 0.763774, 0.396986, 0.124994, 0.029172, -0.47623, 0.878837, -0.002831, 0.86029, -0.435719, -0.264667, -1.2e-05, 0.0, 0.0, 0.0, 1.0],
                [0.508969, 0.763774, 0.396986, 0.124994, 0.029172, -0.47623, 0.878837, -0.002831, 0.86029, -0.435719, -0.264667, -1.2e-05, 0.0, 0.0, 0.0, 1.0],
                [0.508969, 0.763774, 0.396986, 0.124994, 0.029172, -0.47623, 0.878837, -0.002831, 0.86029, -0.435719, -0.264667, -1.2e-05, 0.0, 0.0, 0.0, 1.0],
                [0.508969, 0.763774, 0.396986, 0.124994, 0.029172, -0.47623, 0.878837, -0.002831, 0.86029, -0.435719, -0.264667, -1.2e-05, 0.0, 0.0, 0.0, 1.0],
                [0.508969, 0.763774, 0.396986, 0.124994, 0.029172, -0.47623, 0.878837, -0.002831, 0.86029, -0.435719, -0.264667, -1.2e-05, 0.0, 0.0, 0.0, 1.0]
            ]
        },
        {
            "name": "Leg_R",
            "time": [0.0, 0.0111, 0.0222, 0.0333, 0.0444, 0.0556, 0.0667, 0.0778, 0.0889, 0.1, 0.1111, 0.1222, 0.1333, 0.1444, 0.1556, 0.1667, 0.1778, 0.1889, 0.2, 0.2111, 0.2222, 0.2333, 0.2444, 0.2556, 0.2667, 0.2778, 0.2889, 0.3, 0.3111, 0.3222, 0.3333, 0.3444, 0.3556, 0.3667, 0.3778, 0.3889, 0.4, 0.4111, 0.4222, 0.4333, 0.4444, 0.4556, 0.4667, 0.4778, 0.4889, 0.5],
            "transform": [
                [1.0, -0.0, 1e-06, 0.0, -0.0, 0.895777, 0.444507, 0.374726, -1e-06, -0.444509, 0.895773, -0.0, 0.0, 0.0, 0.0, 1.0],
                [1.0, -0.0, 1e-06, -0.0, -0.0, 0.895777, 0.444507, 0.374726, -1e-06, -0.444509, 0.895773, 0.0, 0.0, 0.0, 0.0, 1.0],
                [1.0, -0.0, 1e-06, -0.0, -0.0, 0.895777, 0.444507, 0.374726, -1e-06, -0.444509, 0.895773, 0.0, 0.0, 0.0, 0.0, 1.0],
                [1.0, -0.0, 1e-06, -0.0, -0.0, 0.895777, 0.444507, 0.374726, -1e-06, -0.444509, 0.895773, -0.0, 0.0, 0.0, 0.0, 1.0],
                [1.0, -0.0, 1e-06, 0.0, -0.0, 0.894247, 0.447576, 0.374726, -1e-06, -0.447579, 0.894243, 0.0, 0.0, 0.0, 0.0, 1.0],
                [1.0, -0.0, 1e-06, 0.0, -0.0, 0.886161, 0.463381, 0.374726, -1e-06, -0.463383, 0.886157, 0.0, 0.0, 0.0, 0.0, 1.0],
                [1.0, -0.0, 1e-06, -0.0, -0.0, 0.867278, 0.497827, 0.374726, -1e-06, -0.49783, 0.867273, 0.0, 0.0, 0.0, 0.0, 1.0],
                [1.0, -0.0, 1e-06, 0.0, -0.0, 0.833179, 0.553004, 0.374726, -1e-06, -0.553007, 0.833175, -0.0, 0.0, 0.0, 0.0, 1.0],
                [1.0, -0.0, 1e-06, 0.0, -0.0, 0.778039, 0.628217, 0.374726, -1e-06, -0.62822, 0.778035, -0.0, 0.0, 0.0, 0.0, 1.0],
                [1.0, -0.0, 1e-06, 0.0, -0.0, 0.694239, 0.719744, 0.374726, -1e-06, -0.719747, 0.694236, -0.0, 0.0, 0.0, 0.0, 1.0],
                [1.0, -1e-06, 1e-06, 0.0, -0.0, 0.572973, 0.819573, 0.374726, -1e-06, -0.819576, 0.572971, -0.0, 0.0, 0.0, 0.0, 1.0],
                [1.0, -1e-06, 1e-06, 0.0, -0.0, 0.406029, 0.913859, 0.374726, -1e-06, -0.913861, 0.406029, -0.0, 0.0, 0.0, 0.0, 1.0],
                [1.0, -1e-06, 0.0, 0.0, -0.0, 0.207109, 0.978317, 0.374726, -1e-06, -0.978319, 0.207108, -0.0, 0.0, 0.0, 0.0, 1.0],
                [1.0, -1e-06, 0.0, 0.0, -0.0, 0.013463, 0.999908, 0.374726, -1e-06, -0.99991, 0.013463, 0.0, 0.0, 0.0, 0.0, 1.0],
                [1.0, -1e-06, 0.0, -0.0, -0.0, -0.148886, 0.988853, 0.374726, -1e-06, -0.988855, -0.148886, 0.0, 0.0, 0.0, 0.0, 1.0],
                [1.0, -1e-06, 0.0, 0.0, -0.0, -0.258997, 0.965877, 0.374726, -1e-06, -0.965879, -0.258996, 0.0, 0.0, 0.0, 0.0, 1.0],
                [1.0, -1e-06, 0.0, 0.0, -0.0, -0.296405, 0.955061, 0.374726, -1e-06, -0.955063, -0.296405, -0.0, 0.0, 0.0, 0.0, 1.0],
                [1.0, -1e-06, 0.0, 0.0, -0.0, -0.220876, 0.975301, 0.374726, -1e-06, -0.975303, -0.220876, -0.0, 0.0, 0.0, 0.0, 1.0],
                [1.0, -1e-06, 0.0, -0.0, -0.0, -0.03917, 0.999231, 0.374726, -1e-06, -0.999233, -0.03917, 0.0, 0.0, 0.0, 0.0, 1.0],
                [1.0, -1e-06, 0.0, 0.0, -0.0, 0.190963, 0.981596, 0.374726, -1e-06, -0.981598, 0.190962, -0.0, 0.0, 0.0, 0.0, 1.0],
                [1.0, -1e-06, 1e-06, 0.0, -0.0, 0.382316, 0.924031, 0.374726, -1e-06, -0.924033, 0.382315, 0.0, 0.0, 0.0, 0.0, 1.0],
                [1.0, -1e-06, 1e-06, 0.0, -0.0, 0.468468, 0.883479, 0.374726, -1e-06, -0.883482, 0.468466, 0.0, 0.0, 0.0, 0.0, 1.0],
                [1.0, -1e-06, 1e-06, -0.0, -0.0, 0.489171, 0.872187, 0.374726, -1e-06, -0.872189, 0.489169, -0.0, 0.0, 0.0, 0.0, 1.0],
                [1.0, -1e-06, 1e-06, -0.0, -0.0, 0.500447, 0.865766, 0.374726, -1e-06, -0.865768, 0.500446, -0.0, 0.0, 0.0, 0.0, 1.0],
                [1.0, -1e-06, 1e-06, 0.0, -0.0, 0.569877, 0.821729, 0.374726, -1e-06, -0.821732, 0.569875, 0.0, 0.0, 0.0, 0.0, 1.0],
                [1.0, -1e-06, 1e-06, 0.0, -0.0, 0.752858, 0.658183, 0.374726, -1e-06, -0.658186, 0.752855, 0.0, 0.0, 0.0, 0.0, 1.0],
                [1.0, -0.0, 1e-06, 0.0, -0.0, 0.936492, 0.350693, 0.374726, -1e-06, -0.350695, 0.936487, -0.0, 0.0, 0.0, 0.0, 1.0],
                [1.0, -0.0, 1e-06, -0.0, -0.0, 0.876734, 0.480978, 0.374726, -1e-06, -0.48098, 0.87673, 0.0, 0.0, 0.0, 0.0, 1.0],
                [1.0, -1e-06, 1e-06, -0.0, -0.0, 0.686452, 0.727175, 0.374726, -1e-06, -0.727177, 0.68645, -0.0, 0.0, 0.0, 0.0, 1.0],
                [1.0, -1e-06, 1e-06, 0.0, -0.0, 0.611163, 0.791504, 0.374726, -1e-06, -0.791507, 0.611161, 0.0, 0.0, 0.0, 0.0, 1.0],
                [1.0, -1e-06, 1e-06, -0.0, -0.0, 0.53362, 0.845723, 0.374726, -1e-06, -0.845725, 0.533619, 0.0, 0.0, 0.0, 0.0, 1.0],
                [1.0, -1e-06, 0.0, -0.0, -0.0, 0.403042, 0.915181, 0.374726, -1e-06, -0.915183, 0.403041, 0.0, 0.0, 0.0, 0.0, 1.0],
                [1.0, -1e-06, 0.0, 0.0, -0.0, 0.330784, 0.943705, 0.374726, -1e-06, -0.943707, 0.330783, -0.0, 0.0, 0.0, 0.0, 1.0],
                [1.0, -1e-06, 1e-06, 0.0, -0.0, 0.471004, 0.88213, 0.374726, -1e-06, -0.882133, 0.471002, -0.0, 0.0, 0.0, 0.0, 1.0],
                [1.0, -1e-06, 1e-06, -0.0, -0.0, 0.472513, 0.881323, 0.374726, -1e-06, -0.881325, 0.472511, 0.0, 0.0, 0.0, 0.0, 1.0],
                [1.0, -1e-06, 1e-06, 0.0, -0.0, 0.473122, 0.880996, 0.374726, -1e-06, -0.880998, 0.473121, -0.0, 0.0, 0.0, 0.0, 1.0],
                [1.0, -1e-06, 1e-06, 0.0, -0.0, 0.473122, 0.880996, 0.374726, -1e-06, -0.880998, 0.473121, 0.0, 0.0, 0.0, 0.0, 1.0],
                [1.0, -1e-06, 1e-06, 0.0, -0.0, 0.473122, 0.880996, 0.374726, -1e-06, -0.880998, 0.473121, 0.0, 0.0, 0.0, 0.0, 1.0],
                [1.0, -1e-06, 1e-06, 0.0, -0.0, 0.473122, 0.880996, 0.374726, -1e-06, -0.880998, 0.473121, -0.0, 0.0, 0.0, 0.0, 1.0],
                [1.0, -1e-06, 1e-06, 0.0, -0.0, 0.473122, 0.880996, 0.374726, -1e-06, -0.880998, 0.473121, 0.0, 0.0, 0.0, 0.0, 1.0],
                [1.0, -1e-06, 1e-06, 0.0, -0.0, 0.473122, 0.880996, 0.374726, -1e-06, -0.880998, 0.473121, 0.0, 0.0, 0.0, 0.0, 1.0],
                [1.0, -1e-06, 1e-06, 0.0, -0.0, 0.473122, 0.880996, 0.374726, -1e-06, -0.880998, 0.473121, -0.0, 0.0, 0.0, 0.0, 1.0],
                [1.0, -1e-06, 1e-06, 0.0, -0.0, 0.473122, 0.880996, 0.374726, -1e-06, -0.880998, 0.473121, 0.0, 0.0, 0.0, 0.0, 1.0],
                [1.0, -1e-06, 1e-06, 0.0, -0.0, 0.473122, 0.880996, 0.374726, -1e-06, -0.880998, 0.473121, 0.0, 0.0, 0.0, 0.0, 1.0],
                [1.0, -1e-06, 1e-06, 0.0, -0.0, 0.473122, 0.880996, 0.374726, -1e-06, -0.880998, 0.473121, -0.0, 0.0, 0.0, 0.0, 1.0],
                [1.0, -1e-06, 1e-06, 0.0, -0.0, 0.473122, 0.880996, 0.374726, -1e-06, -0.880998, 0.473121, 0.0, 0.0, 0.0, 0.0, 1.0]
            ]
        },
        {
            "name": "Knee_R",
            "time": [0.0, 0.5],
            "transform": [
                [1.0, 0.0, -0.0, -0.0, -0.0, 0.00567, -0.999984, 0.374726, -0.0, 0.999984, 0.00567, -0.0, 0.0, 0.0, 0.0, 1.0],
                [1.0, 0.0, -0.0, 0.0, -0.0, 0.00567, -0.999984, 0.431766, -0.0, 0.999984, 0.00567, -0.000323, 0.0, 0.0, 0.0, 1.0]
            ]
        },
        {
            "name": "Thigh_L",
            "time": [0.0, 0.0111, 0.0222, 0.0333, 0.0444, 0.0556, 0.0667, 0.0778, 0.0889, 0.1, 0.1111, 0.1222, 0.1333, 0.1444, 0.1556, 0.1667, 0.1778, 0.1889, 0.2, 0.2111, 0.2222, 0.2333, 0.2444, 0.2556, 0.2667, 0.2778, 0.2889, 0.3, 0.3111, 0.3222, 0.3333, 0.3444, 0.3556, 0.3667, 0.3778, 0.3889, 0.4, 0.4111, 0.4222, 0.4333, 0.4444, 0.4556, 0.4667, 0.4778, 0.4889, 0.5],
            "transform": [
                [0.990166, -0.029396, 0.136778, -0.125006, -0.081001, -0.917594, 0.389177, -0.002831, 0.114066, -0.396429, -0.910952, -1.2e-05, 0.0, 0.0, 0.0, 1.0],
                [0.990166, -0.029396, 0.136778, -0.125006, -0.081001, -0.917594, 0.389177, -0.002831, 0.114066, -0.396429, -0.910952, -1.2e-05, 0.0, 0.0, 0.0, 1.0],
                [0.990166, -0.029396, 0.136778, -0.125006, -0.081001, -0.917594, 0.389177, -0.002831, 0.114066, -0.396429, -0.910952, -1.2e-05, 0.0, 0.0, 0.0, 1.0],
                [0.990166, -0.029396, 0.136778, -0.125006, -0.081001, -0.917594, 0.389177, -0.002831, 0.114066, -0.396429, -0.910952, -1.2e-05, 0.0, 0.0, 0.0, 1.0],
                [0.99215, -0.035888, 0.119791, -0.125006, -0.078821, -0.923154, 0.376261, -0.002831, 0.097082, -0.382749, -0.918737, -1.2e-05, 0.0, 0.0, 0.0, 1.0],
                [0.995216, -0.050915, 0.083384, -0.125006, -0.076538, -0.936753, 0.341519, -0.002831, 0.060722, -0.346267, -0.936169, -1.2e-05, 0.0, 0.0, 0.0, 1.0],
                [0.996363, -0.069266, 0.049625, -0.125006, -0.080759, -0.953386, 0.290743, -0.002831, 0.027174, -0.293693, -0.955513, -1.2e-05, 0.0, 0.0, 0.0, 1.0],
                [0.99542, -0.090328, 0.031292, -0.125006, -0.095142, -0.967952, 0.232412, -0.002831, 0.009296, -0.234325, -0.972114, -1.2e-05, 0.0, 0.0, 0.0, 1.0],
                [0.99274, -0.116368, 0.030423, -0.125006, -0.119954, -0.976436, 0.179397, -0.002831, 0.008831, -0.181744, -0.983306, -1.2e-05, 0.0, 0.0, 0.0, 1.0],
                [0.987895, -0.148761, 0.043967, -0.125006, -0.153674, -0.977178, 0.14665, -0.002831, 0.021148, -0.151631, -0.988211, -1.2e-05, 0.0, 0.0, 0.0, 1.0],
                [0.980128, -0.186311, 0.068088, -0.125006, -0.194306, -0.970816, 0.140569, -0.002831, 0.039911, -0.151006, -0.987727, -1.2e-05, 0.0, 0.0, 0.0, 1.0],
                [0.968942, -0.226581, 0.099052, -0.125006, -0.239885, -0.958506, 0.154012, -0.002831, 0.060046, -0.17299, -0.983091, -1.2e-05, 0.0, 0.0, 0.0, 1.0],
                [0.954681, -0.267887, 0.129693, -0.125006, -0.287421, -0.942954, 0.168009, -0.002831, 0.077287, -0.197671, -0.977217, -1.2e-05, 0.0, 0.0, 0.0, 1.0],
                [0.938301, -0.308224, 0.15681, -0.125006, -0.33344, -0.926596, 0.17389, -0.002831, 0.091702, -0.215448, -0.9722, -1.2e-05, 0.0, 0.0, 0.0, 1.0],
                [0.921189, -0.343341, 0.183106, -0.125006, -0.374356, -0.910366, 0.176325, -0.002831, 0.106154, -0.230975, -0.967151, -1.2e-05, 0.0, 0.0, 0.0, 1.0],
                [0.905734, -0.367486, 0.211188, -0.125006, -0.405772, -0.89576, 0.181557, -0.002831, 0.122454, -0.250136, -0.960436, -1.2e-05, 0.0, 0.0, 0.0, 1.0],
                [0.89507, -0.373762, 0.243212, -0.125006, -0.422869, -0.88454, 0.196901, -0.002831, 0.141537, -0.279087, -0.949778, -1.2e-05, 0.0, 0.0, 0.0, 1.0],
                [0.894051, -0.362789, 0.262784, -0.125006, -0.422274, -0.878335, 0.224078, -0.002831, 0.14952, -0.311304, -0.938474, -1.2e-05, 0.0, 0.0, 0.0, 1.0],
                [0.901309, -0.34844, 0.257353, -0.125006, -0.411411, -0.874522, 0.256809, -0.002831, 0.135579, -0.337342, -0.931568, -1.2e-05, 0.0, 0.0, 0.0, 1.0],
                [0.909726, -0.34429, 0.232084, -0.125006, -0.402212, -0.869484, 0.286745, -0.002831, 0.10307, -0.354206, -0.92947, -1.2e-05, 0.0, 0.0, 0.0, 1.0],
                [0.911227, -0.365589, 0.189762, -0.125006, -0.408895, -0.858443, 0.309645, -0.002831, 0.049697, -0.359749, -0.931724, -1.2e-05, 0.0, 0.0, 0.0, 1.0],
                [0.899962, -0.415138, 0.133144, -0.125006, -0.435455, -0.841155, 0.320682, -0.002831, -0.021133, -0.346579, -0.937782, -1.2e-05, 0.0, 0.0, 0.0, 1.0],
                [0.878995, -0.471698, 0.069771, -0.125006, -0.465795, -0.818114, 0.337229, -0.002831, -0.10199, -0.328922, -0.938834, -1.2e-05, 0.0, 0.0, 0.0, 1.0],
                [0.852298, -0.522973, 0.009358, -0.125006, -0.484412, -0.782453, 0.391294, -0.002831, -0.197314, -0.338032, -0.920218, -1.2e-05, 0.0, 0.0, 0.0, 1.0],
                [0.824463, -0.564333, -0.042301, -0.125006, -0.469549, -0.723879, 0.505492, -0.002831, -0.315887, -0.396897, -0.861794, -1.2e-05, 0.0, 0.0, 0.0, 1.0],
                [0.791903, -0.601915, -0.102901, -0.125006, -0.404572, -0.643376, 0.649914, -0.002831, -0.457397, -0.473038, -0.753009, -1.2e-05, 0.0, 0.0, 0.0, 1.0],
                [0.745488, -0.64455, -0.169713, -0.125006, -0.386987, -0.625882, 0.677135, -0.002831, -0.542668, -0.439119, -0.716021, -1.2e-05, 0.0, 0.0, 0.0, 1.0],
                [0.690908, -0.674262, -0.2608, -0.125006, -0.554557, -0.725733, 0.407157, -0.002831, -0.463802, -0.13668, -0.875332, -1.2e-05, 0.0, 0.0, 0.0, 1.0],
                [0.654494, -0.610649, -0.445809, -0.125006, -0.653806, -0.753239, 0.071896, -0.002831, -0.379704, 0.244416, -0.892236, -1.2e-05, 0.0, 0.0, 0.0, 1.0],
                [0.655125, -0.649543, -0.385881, -0.125006, -0.664516, -0.738408, 0.114769, -0.002831, -0.359485, 0.181236, -0.915382, -1.2e-05, 0.0, 0.0, 0.0, 1.0],
                [0.645906, -0.682495, -0.34206, -0.125006, -0.677627, -0.718915, 0.154864, -0.002831, -0.351606, 0.131762, -0.926829, -1.2e-05, 0.0, 0.0, 0.0, 1.0],
                [0.615888, -0.733238, -0.288171, -0.125006, -0.703329, -0.676535, 0.218238, -0.002831, -0.354978, 0.068268, -0.932379, -1.2e-05, 0.0, 0.0, 0.0, 1.0],
                [0.592448, -0.761267, -0.263584, -0.125006, -0.719326, -0.647198, 0.252397, -0.002831, -0.362733, 0.04007, -0.931031, -1.2e-05, 0.0, 0.0, 0.0, 1.0],
                [0.617365, -0.71511, -0.327837, -0.125006, -0.692373, -0.69177, 0.20512, -0.002831, -0.373471, 0.100351, -0.922198, -1.2e-05, 0.0, 0.0, 0.0, 1.0],
                [0.601815, -0.721209, -0.343041, -0.125006, -0.693926, -0.684836, 0.222408, -0.002831, -0.395329, 0.104197, -0.912611, -1.2e-05, 0.0, 0.0, 0.0, 1.0],
                [0.587792, -0.726436, -0.356076, -0.125006, -0.694878, -0.678733, 0.237626, -0.002831, -0.4143, 0.107755, -0.903739, -1.2e-05, 0.0, 0.0, 0.0, 1.0],
                [0.587792, -0.726436, -0.356076, -0.125006, -0.694878, -0.678733, 0.237626, -0.002831, -0.414301, 0.107755, -0.903739, -1.2e-05, 0.0, 0.0, 0.0, 1.0],
                [0.587792, -0.726436, -0.356076, -0.125006, -0.694878, -0.678733, 0.237626, -0.002831, -0.414301, 0.107755, -0.903739, -1.2e-05, 0.0, 0.0, 0.0, 1.0],
                [0.587792, -0.726436, -0.356076, -0.125006, -0.694878, -0.678733, 0.237626, -0.002831, -0.4143, 0.107755, -0.903739, -1.2e-05, 0.0, 0.0, 0.0, 1.0],
                [0.587792, -0.726436, -0.356076, -0.125006, -0.694878, -0.678733, 0.237626, -0.002831, -0.414301, 0.107755, -0.903739, -1.2e-05, 0.0, 0.0, 0.0, 1.0],
                [0.587792, -0.726436, -0.356076, -0.125006, -0.694878, -0.678733, 0.237626, -0.002831, -0.414301, 0.107755, -0.903739, -1.2e-05, 0.0, 0.0, 0.0, 1.0],
                [0.587792, -0.726436, -0.356076, -0.125006, -0.694878, -0.678733, 0.237626, -0.002831, -0.4143, 0.107755, -0.903739, -1.2e-05, 0.0, 0.0, 0.0, 1.0],
                [0.587792, -0.726436, -0.356076, -0.125006, -0.694878, -0.678733, 0.237626, -0.002831, -0.414301, 0.107755, -0.903739, -1.2e-05, 0.0, 0.0, 0.0, 1.0],
                [0.587792, -0.726436, -0.356076, -0.125006, -0.694878, -0.678733, 0.237626, -0.002831, -0.414301, 0.107755, -0.903739, -1.2e-05, 0.0, 0.0, 0.0, 1.0],
                [0.587792, -0.726436, -0.356076, -0.125006, -0.694878, -0.678733, 0.237626, -0.002831, -0.4143, 0.107755, -0.903739, -1.2e-05, 0.0, 0.0, 0.0, 1.0],
                [0.587792, -0.726436, -0.356076, -0.125006, -0.694878, -0.678733, 0.237626, -0.002831, -0.414301, 0.107755, -0.903739, -1.2e-05, 0.0, 0.0, 0.0, 1.0]
            ]
        },
        {
            "name": "Leg_L",
            "time": [0.0, 0.0111, 0.0222, 0.0333, 0.0444, 0.0556, 0.0667, 0.0778, 0.0889, 0.1, 0.1111, 0.1222, 0.1333, 0.1444, 0.1556, 0.1667, 0.1778, 0.1889, 0.2, 0.2111, 0.2222, 0.2333, 0.2444, 0.2556, 0.2667, 0.2778, 0.2889, 0.3, 0.3111, 0.3222, 0.3333, 0.3444, 0.3556, 0.3667, 0.3778, 0.3889, 0.4, 0.4111, 0.4222, 0.4333, 0.4444, 0.4556, 0.4667, 0.4778, 0.4889, 0.5],
            "transform": [
                [1.0, -0.0, 1e-06, -0.0, -0.0, 0.832785, 0.553597, 0.374726, -1e-06, -0.553597, 0.832785, 0.0, 0.0, 0.0, 0.0, 1.0],
                [1.0, -0.0, 1e-06, -0.0, -0.0, 0.832785, 0.553597, 0.374726, -1e-06, -0.553597, 0.832785, 0.0, 0.0, 0.0, 0.0, 1.0],
                [1.0, -0.0, 1e-06, -0.0, -0.0, 0.832785, 0.553597, 0.374726, -1e-06, -0.553597, 0.832785, 0.0, 0.0, 0.0, 0.0, 1.0],
                [1.0, -0.0, 1e-06, -0.0, -0.0, 0.832785, 0.553597, 0.374726, -1e-06, -0.553597, 0.832785, 0.0, 0.0, 0.0, 0.0, 1.0],
                [1.0, -0.0, 1e-06, -0.0, -0.0, 0.842116, 0.539297, 0.374726, -1e-06, -0.539297, 0.842116, -0.0, 0.0, 0.0, 0.0, 1.0],
                [1.0, -0.0, 1e-06, -0.0, -0.0, 0.864036, 0.503429, 0.374726, -1e-06, -0.50343, 0.864036, -0.0, 0.0, 0.0, 0.0, 1.0],
                [1.0, -0.0, 1e-06, 0.0, -0.0, 0.890494, 0.454995, 0.374726, -1e-06, -0.454995, 0.890494, 0.0, 0.0, 0.0, 0.0, 1.0],
                [1.0, -0.0, 1e-06, 0.0, -0.0, 0.913866, 0.406015, 0.374726, -1e-06, -0.406015, 0.913867, 0.0, 0.0, 0.0, 0.0, 1.0],
                [1.0, -0.0, 1e-06, -0.0, -0.0, 0.926198, 0.377037, 0.374726, -1e-06, -0.377038, 0.926198, 0.0, 0.0, 0.0, 0.0, 1.0],
                [1.0, -0.0, 1e-06, -0.0, -0.0, 0.918949, 0.394376, 0.374726, -1e-06, -0.394376, 0.918949, -0.0, 0.0, 0.0, 0.0, 1.0],
                [1.0, -0.0, 1e-06, 0.0, -0.0, 0.883228, 0.468944, 0.374726, -1e-06, -0.468944, 0.883228, 0.0, 0.0, 0.0, 0.0, 1.0],
                [1.0, -0.0, 1e-06, -0.0, -0.0, 0.810656, 0.585523, 0.374726, -1e-06, -0.585523, 0.810656, 0.0, 0.0, 0.0, 0.0, 1.0],
                [1.0, -1e-06, 1e-06, 0.0, -0.0, 0.713831, 0.700318, 0.374726, -1e-06, -0.700318, 0.713831, -0.0, 0.0, 0.0, 0.0, 1.0],
                [1.0, -1e-06, 1e-06, -0.0, -0.0, 0.615223, 0.788353, 0.374726, -1e-06, -0.788353, 0.615224, 0.0, 0.0, 0.0, 0.0, 1.0],
                [1.0, -1e-06, 1e-06, -0.0, -0.0, 0.518798, 0.854897, 0.374726, -1e-06, -0.854897, 0.518798, 0.0, 0.0, 0.0, 0.0, 1.0],
                [1.0, -1e-06, 1e-06, 0.0, -0.0, 0.424412, 0.905469, 0.374726, -1e-06, -0.905469, 0.424412, 0.0, 0.0, 0.0, 0.0, 1.0],
                [1.0, -1e-06, 0.0, -0.0, -0.0, 0.3298, 0.944051, 0.374726, -1e-06, -0.944051, 0.3298, 0.0, 0.0, 0.0, 0.0, 1.0],
                [1.0, -1e-06, 0.0, -0.0, -0.0, 0.265253, 0.964179, 0.374726, -1e-06, -0.964179, 0.265253, -0.0, 0.0, 0.0, 0.0, 1.0],
                [1.0, -1e-06, 0.0, -0.0, -0.0, 0.247137, 0.968981, 0.374726, -1e-06, -0.968981, 0.247137, -0.0, 0.0, 0.0, 0.0, 1.0],
                [1.0, -1e-06, 0.0, 0.0, -0.0, 0.255242, 0.966878, 0.374726, -1e-06, -0.966877, 0.255242, 0.0, 0.0, 0.0, 0.0, 1.0],
                [1.0, -1e-06, 0.0, 0.0, -0.0, 0.265652, 0.964069, 0.374726, -1e-06, -0.964069, 0.265652, -0.0, 0.0, 0.0, 0.0, 1.0],
                [1.0, -1e-06, 0.0, 0.0, -0.0, 0.279947, 0.960016, 0.374726, -1e-06, -0.960016, 0.279947, 0.0, 0.0, 0.0, 0.0, 1.0],
                [1.0, -1e-06, 0.0, 0.0, -0.0, 0.291055, 0.956706, 0.374726, -1e-06, -0.956706, 0.291055, 0.0, 0.0, 0.0, 0.0, 1.0],
                [1.0, -1e-06, 0.0, 0.0, -0.0, 0.257371, 0.966313, 0.374726, -1e-06, -0.966312, 0.257371, -0.0, 0.0, 0.0, 0.0, 1.0],
                [1.0, -1e-06, 0.0, -0.0, -0.0, 0.142845, 0.989745, 0.374726, -1e-06, -0.989745, 0.142845, 0.0, 0.0, 0.0, 0.0, 1.0],
                [1.0, -1e-06, 0.0, -0.0, -0.0, -0.012264, 0.999925, 0.374726, -1e-06, -0.999925, -0.012264, 0.0, 0.0, 0.0, 0.0, 1.0],
                [1.0, -1e-06, 0.0, 0.0, -0.0, 0.007564, 0.999972, 0.374726, -1e-06, -0.999971, 0.007564, 0.0, 0.0, 0.0, 0.0, 1.0],
                [1.0, -1e-06, 1e-06, -0.0, -0.0, 0.477882, 0.878424, 0.374726, -1e-06, -0.878424, 0.477882, -0.0, 0.0, 0.0, 0.0, 1.0],
                [1.0, -0.0, 1e-06, -0.0, 0.0, 0.924727, 0.380632, 0.374726, -1e-06, -0.380632, 0.924727, 0.0, 0.0, 0.0, 0.0, 1.0],
                [1.0, -0.0, 1e-06, -0.0, -0.0, 0.8557, 0.517472, 0.374726, -1e-06, -0.517472, 0.8557, 0.0, 0.0, 0.0, 0.0, 1.0],
                [1.0, -0.0, 1e-06, -0.0, -0.0, 0.784418, 0.620232, 0.374726, -1e-06, -0.620232, 0.784418, -0.0, 0.0, 0.0, 0.0, 1.0],
                [1.0, -0.0, 1e-06, -0.0, -0.0, 0.665116, 0.74674, 0.374726, -1e-06, -0.74674, 0.665116, 0.0, 0.0, 0.0, 0.0, 1.0],
                [1.0, -1e-06, 1e-06, -0.0, -0.0, 0.598538, 0.801095, 0.374726, -1e-06, -0.801095, 0.598538, -0.0, 0.0, 0.0, 0.0, 1.0],
                [1.0, -0.0, 1e-06, -0.0, -0.0, 0.72307, 0.690775, 0.374726, -1e-06, -0.690775, 0.72307, 0.0, 0.0, 0.0, 0.0, 1.0],
                [1.0, -0.0, 1e-06, 0.0, -0.0, 0.72307, 0.690775, 0.374726, -1e-06, -0.690775, 0.72307, 0.0, 0.0, 0.0, 0.0, 1.0],
                [1.0, -0.0, 1e-06, 0.0, -0.0, 0.72307, 0.690775, 0.374726, -1e-06, -0.690775, 0.72307, -0.0, 0.0, 0.0, 0.0, 1.0],
                [1.0, -0.0, 1e-06, 0.0, -0.0, 0.72307, 0.690775, 0.374726, -1e-06, -0.690775, 0.72307, -0.0, 0.0, 0.0, 0.0, 1.0],
                [1.0, -0.0, 1e-06, 0.0, -0.0, 0.72307, 0.690775, 0.374726, -1e-06, -0.690775, 0.72307, -0.0, 0.0, 0.0, 0.0, 1.0],
                [1.0, -0.0, 1e-06, 0.0, -0.0, 0.72307, 0.690775, 0.374726, -1e-06, -0.690775, 0.72307, -0.0, 0.0, 0.0, 0.0, 1.0],
                [1.0, -0.0, 1e-06, 0.0, -0.0, 0.72307, 0.690775, 0.374726, -1e-06, -0.690775, 0.72307, -0.0, 0.0, 0.0, 0.0, 1.0],
                [1.0, -0.0, 1e-06, 0.0, -0.0, 0.72307, 0.690775, 0.374726, -1e-06, -0.690775, 0.72307, -0.0, 0.0, 0.0, 0.0, 1.0],
                [1.0, -0.0, 1e-06, 0.0, -0.0, 0.72307, 0.690775, 0.374726, -1e-06, -0.690775, 0.72307, -0.0, 0.0, 0.0, 0.0, 1.0],
                [1.0, -0.0, 1e-06, 0.0, -0.0, 0.72307, 0.690775, 0.374726, -1e-06, -0.690775, 0.72307, -0.0, 0.0, 0.0, 0.0, 1.0],
                [1.0, -0.0, 1e-06, 0.0, -0.0, 0.72307, 0.690775, 0.374726, -1e-06, -0.690775, 0.72307, -0.0, 0.0, 0.0, 0.0, 1.0],
                [1.0, -0.0, 1e-06, 0.0, -0.0, 0.72307, 0.690775, 0.374726, -1e-06, -0.690775, 0.72307, -0.0, 0.0, 0.0, 0.0, 1.0],
                [1.0, -0.0, 1e-06, 0.0, -0.0, 0.72307, 0.690775, 0.374726, -1e-06, -0.690775, 0.72307, -0.0, 0.0, 0.0, 0.0, 1.0]
            ]
        },
        {
            "name": "Knee_L",
            "time": [0.0, 0.5],
            "transform": [
                [1.0, 0.0, -0.0, 0.0, -0.0, 0.00567, -0.999984, 0.380161, -0.0, 0.999984, 0.00567, -3.1e-05, 0.0, 0.0, 0.0, 1.0],
                [1.0, 0.0, -0.0, -0.0, -0.0, 0.00567, -0.999984, 0.398636, -0.0, 0.999984, 0.00567, -0.000136, 0.0, 0.0, 0.0, 1.0]
            ]
        },
        {
            "name": "Torso",
            "time": [0.0, 0.0111, 0.0222, 0.0333, 0.0444, 0.0556, 0.0667, 0.0778, 0.0889, 0.1, 0.1111, 0.1222, 0.1333, 0.1444, 0.1556, 0.1667, 0.1778, 0.1889, 0.2, 0.2111, 0.2222, 0.2333, 0.2444, 0.2556, 0.2667, 0.2778, 0.2889, 0.3, 0.3111, 0.3222, 0.3333, 0.3444, 0.3556, 0.3667, 0.3778, 0.3889, 0.4, 0.4111, 0.4222, 0.4333, 0.4444, 0.4556, 0.4667, 0.4778, 0.4889, 0.5],
            "transform": [
                [0.997211, 0.0, 0.074641, 0.0, 0.0, 1.0, 0.0, 0.05, -0.074641, 0.0, 0.997211, 0.0, 0.0, 0.0, 0.0, 1.0],
                [0.997211, 0.0, 0.074641, 0.0, 0.0, 1.0, 0.0, 0.05, -0.074641, 0.0, 0.997211, 0.0, 0.0, 0.0, 0.0, 1.0],
                [0.997211, 0.0, 0.074641, 0.0, 0.0, 1.0, 0.0, 0.05, -0.074641, 0.0, 0.997211, 0.0, 0.0, 0.0, 0.0, 1.0],
                [0.997211, 0.0, 0.074641, 0.0, 0.0, 1.0, 0.0, 0.05, -0.074641, 0.0, 0.997211, 0.0, 0.0, 0.0, 0.0, 1.0],
                [0.997131, 0.0, 0.075697, -0.0, 0.0, 1.0, 0.0, 0.05, -0.075697, 0.0, 0.997131, -0.0, 0.0, 0.0, 0.0, 1.0],
                [0.996907, 0.0, 0.078591, -0.0, 0.0, 1.0, 0.0, 0.05, -0.078591, 0.0, 0.996907, -0.0, 0.0, 0.0, 0.0, 1.0],
                [0.996557, 0.0, 0.082915, -0.0, 0.0, 1.0, 0.0, 0.05, -0.082915, 0.0, 0.996557, -0.0, 0.0, 0.0, 0.0, 1.0],
                [0.996098, 0.0, 0.088258, -0.0, 0.0, 1.0, 0.0, 0.05, -0.088258, 0.0, 0.996098, -0.0, 0.0, 0.0, 0.0, 1.0],
                [0.995552, 0.0, 0.094211, -0.0, 0.0, 1.0, 0.0, 0.05, -0.094211, 0.0, 0.995552, -0.0, 0.0, 0.0, 0.0, 1.0],
                [0.994951, 0.0, 0.100365, -0.0, 0.0, 1.0, 0.0, 0.05, -0.100365, 0.0, 0.994951, -0.0, 0.0, 0.0, 0.0, 1.0],
                [0.994333, 0.0, 0.106315, 0.0, 0.0, 1.0, 0.0, 0.05, -0.106315, 0.0, 0.994333, 0.0, 0.0, 0.0, 0.0, 1.0],
                [0.993747, 0.0, 0.111654, -0.0, 0.0, 1.0, 0.0, 0.05, -0.111654, 0.0, 0.993747, -0.0, 0.0, 0.0, 0.0, 1.0],
                [0.993252, 0.0, 0.115978, 0.0, 0.0, 1.0, 0.0, 0.05, -0.115978, 0.0, 0.993252, -0.0, 0.0, 0.0, 0.0, 1.0],
                [0.992908, 0.0, 0.118883, -0.0, 0.0, 1.0, 0.0, 0.05, -0.118883, 0.0, 0.992908, -0.0, 0.0, 0.0, 0.0, 1.0],
                [0.992778, 0.0, 0.119966, -0.0, 0.0, 1.0, 0.0, 0.05, -0.119966, 0.0, 0.992778, -0.0, 0.0, 0.0, 0.0, 1.0],
                [0.992768, 0.003402, 0.120002, -0.0, -0.003793, 0.999988, 0.003033, 0.05, -0.119991, -0.003467, 0.992769, -0.0, 0.0, 0.0, 0.0, 1.0],
                [0.992678, 0.012935, 0.120094, -0.0, -0.014424, 0.999829, 0.011535, 0.05, -0.119924, -0.013183, 0.992695, -0.0, 0.0, 0.0, 0.0, 1.0],
                [0.992345, 0.027592, 0.120373, -0.0, -0.030767, 0.999224, 0.024604, 0.05, -0.1196, -0.02812, 0.992424, -0.0, 0.0, 0.0, 0.0, 1.0],
                [0.99157, 0.046348, 0.120999, -0.0, -0.051683, 0.997808, 0.04133, 0.05, -0.118818, -0.047235, 0.991792, -0.0, 0.0, 0.0, 0.0, 1.0],
                [0.990172, 0.068162, 0.122117, -0.0, -0.076008, 0.995253, 0.060782, 0.05, -0.117395, -0.069466, 0.990653, -0.0, 0.0, 0.0, 0.0, 1.0],
                [0.988033, 0.091967, 0.123825, -0.0, -0.102552, 0.991341, 0.08201, 0.05, -0.11521, -0.093727, 0.988909, -0.0, 0.0, 0.0, 0.0, 1.0],
                [0.985125, 0.116687, 0.126143, 0.0, -0.130118, 0.986023, 0.104054, 0.05, -0.112239, -0.118919, 0.98654, -0.0, 0.0, 0.0, 0.0, 1.0],
                [0.981532, 0.141253, 0.129008, 0.0, -0.15751, 0.979451, 0.12596, 0.05, -0.108565, -0.143954, 0.983611, -0.0, 0.0, 0.0, 0.0, 1.0],
                [0.977449, 0.164621, 0.132263, 0.0, -0.183565, 0.971985, 0.146798, 0.05, -0.104391, -0.167766, 0.980284, 0.0, 0.0, 0.0, 0.0, 1.0],
