{
    "animation": [
        {
            "name": "Root",
            "time": [0.0, 0.0167, 0.0333, 0.05, 0.0667, 0.0833, 0.1, 0.1167, 0.1333, 0.15, 0.1667, 0.1833, 0.2, 0.2167, 0.2333, 0.25, 0.2667, 0.2833, 0.3, 0.3167, 0.3333, 0.35, 0.3667, 0.3833, 0.4, 0.4167, 0.4333, 0.45, 0.4667, 0.4833, 0.5, 0.5167, 0.5333, 0.55, 0.5667, 0.5833, 0.6, 0.6167, 0.6333, 0.65, 0.6667, 0.6833, 0.7, 0.7167, 0.7333, 0.75, 0.7667, 0.7833, 0.8, 0.8167, 0.8333, 0.85, 0.8667, 0.8833, 0.9, 0.9167, 0.9333, 0.95, 0.9667, 0.9833, 1.0, 1.0167, 1.0333, 1.05, 1.0667, 1.0833, 1.1, 1.1167, 1.1333, 1.15, 1.1667, 1.1833, 1.2, 1.2167, 1.2333, 1.25, 1.2667, 1.2833, 1.3, 1.3167, 1.3333, 1.35, 1.3667, 1.3833, 1.4, 1.4167, 1.4333, 1.45, 1.4667, 1.4833, 1.5, 1.5167, 1.5333, 1.55, 1.5667, 1.5833, 1.6, 1.6167, 1.6333, 1.65, 1.6667],
            "transform": [
                [0.434724, -0.116169, 0.89304, 0.031932, 0.85527, 0.363787, -0.369015, -0.066583, -0.282008, 0.92421, 0.257503, 0.615888, 0.0, 0.0, 0.0, 1.0],
                [0.43459, -0.118099, 0.892852, 0.031932, 0.855947, 0.362539, -0.368674, -0.066626, -0.280154, 0.924455, 0.258642, 0.615914, 0.0, 0.0, 0.0, 1.0],
                [0.432935, -0.123478, 0.892928, 0.031932, 0.85842, 0.358786, -0.36659, -0.066928, -0.275104, 0.925217, 0.261327, 0.616101, 0.0, 0.0, 0.0, 1.0],
                [0.42785, -0.131673, 0.894207, 0.031932, 0.863319, 0.352474, -0.361169, -0.067748, -0.267628, 0.926512, 0.264481, 0.616607, 0.0, 0.0, 0.0, 1.0],
                [0.417376, -0.142004, 0.89757, 0.031932, 0.871193, 0.343489, -0.350767, -0.069344, -0.258495, 0.928359, 0.267077, 0.617593, 0.0, 0.0, 0.0, 1.0],
                [0.39947, -0.153716, 0.903767, 0.031932, 0.882438, 0.331649, -0.333635, -0.071975, -0.248448, 0.930795, 0.268129, 0.619218, 0.0, 0.0, 0.0, 1.0],
                [0.37197, -0.16594, 0.913292, 0.031932, 0.89717, 0.316716, -0.307858, -0.075901, -0.238168, 0.933892, 0.266685, 0.621643, 0.0, 0.0, 0.0, 1.0],
                [0.332549, -0.177644, 0.926204, 0.031932, 0.915059, 0.298428, -0.27131, -0.081379, -0.228208, 0.937755, 0.261796, 0.625027, 0.0, 0.0, 0.0, 1.0],
                [0.278729, -0.187579, 0.941873, 0.031932, 0.935086, 0.276566, -0.221641, -0.08867, -0.218915, 0.94251, 0.25249, 0.62953, 0.0, 0.0, 0.0, 1.0],
                [0.20798, -0.194233, 0.958654, 0.031932, 0.955255, 0.251069, -0.156373, -0.098031, -0.210316, 0.948281, 0.23776, 0.635312, 0.0, 0.0, 0.0, 1.0],
                [0.118015, -0.195812, 0.973514, 0.031932, 0.972251, 0.222205, -0.073168, -0.109722, -0.201992, 0.955135, 0.216602, 0.642532, 0.0, 0.0, 0.0, 1.0],
                [0.007369, -0.190306, 0.981697, 0.031932, 0.981182, 0.190801, 0.029623, -0.124, -0.192946, 0.963005, 0.188131, 0.651352, 0.0, 0.0, 0.0, 1.0],
                [-0.240845, -0.083477, 0.966967, 0.031932, 0.940593, 0.225602, 0.253752, -1.011001, -0.239332, 0.970637, 0.024183, 1.14621, 0.0, 0.0, 0.0, 1.0],
                [-0.240845, -0.083477, 0.966967, 0.031932, 0.940593, 0.225602, 0.253752, -1.011001, -0.239332, 0.970637, 0.024183, 1.14621, 0.0, 0.0, 0.0, 1.0],
                [-0.216472, -0.083367, 0.972723, 0.028106, 0.94325, 0.239146, 0.230409, -0.979894, -0.251831, 0.967398, 0.026867, 1.140193, 0.0, 0.0, 0.0, 1.0],
                [-0.143723, -0.080116, 0.98637, 0.017062, 0.948417, 0.273451, 0.160403, -0.890516, -0.282575, 0.958544, 0.036683, 1.121993, 0.0, 0.0, 0.0, 1.0],
                [-0.021058, -0.067834, 0.997474, -0.000546, 0.946971, 0.318608, 0.041659, -0.748782, -0.32063, 0.945456, 0.057528, 1.091382, 0.0, 0.0, 0.0, 1.0],
                [0.152063, -0.040651, 0.987534, -0.024066, 0.923398, 0.362126, -0.127281, -0.560605, -0.352438, 0.931242, 0.092603, 1.048134, 0.0, 0.0, 0.0, 1.0],
                [0.36839, 0.003122, 0.929666, -0.052843, 0.856675, 0.38728, -0.340767, -0.331901, -0.361105, 0.921957, 0.139996, 0.992021, 0.0, 0.0, 0.0, 1.0],
                [0.602545, 0.055152, 0.796177, -0.085903, 0.725199, 0.378671, -0.57506, -0.070678, -0.333205, 0.923887, 0.188171, 0.923903, 0.0, 0.0, 0.0, 1.0],
                [0.805407, 0.098712, 0.584445, -0.120979, 0.525331, 0.337759, -0.780991, 0.20668, -0.274495, 0.936042, 0.220177, 0.848991, 0.0, 0.0, 0.0, 1.0],
                [0.935901, 0.120732, 0.330927, -0.155483, 0.288098, 0.278243, -0.916286, 0.481696, -0.202703, 0.952893, 0.225626, 0.773581, 0.0, 0.0, 0.0, 1.0],
                [0.988683, 0.120418, 0.089475, -0.186826, 0.06159, 0.218035, -0.973996, 0.735892, -0.136796, 0.968483, 0.208151, 0.703968, 0.0, 0.0, 0.0, 1.0],
                [0.989142, 0.107166, -0.10057, -0.212418, -0.117891, 0.169975, -0.978371, 0.950791, -0.087754, 0.979604, 0.180763, 0.646449, 0.0, 0.0, 0.0, 1.0],
                [0.970289, 0.092822, -0.223433, -0.229672, -0.234859, 0.139455, -0.961974, 1.107913, -0.058133, 0.985868, 0.157112, 0.60732, 0.0, 0.0, 0.0, 1.0],
                [0.957385, 0.087011, -0.275396, -0.235999, -0.284909, 0.128246, -0.949937, 1.188783, -0.047337, 0.987918, 0.147572, 0.592878, 0.0, 0.0, 0.0, 1.0],
                [0.954725, 0.088008, -0.284175, -0.235999, -0.293754, 0.127976, -0.947275, 1.216984, -0.047, 0.987865, 0.148034, 0.592878, 0.0, 0.0, 0.0, 1.0],
                [0.954108, 0.091326, -0.285199, -0.235999, -0.295339, 0.129428, -0.946585, 1.231465, -0.049535, 0.987374, 0.15046, 0.592878, 0.0, 0.0, 0.0, 1.0],
                [0.95304, 0.100208, -0.285785, -0.235999, -0.297512, 0.133479, -0.945341, 1.2368, -0.056585, 0.985973, 0.157023, 0.592878, 0.0, 0.0, 0.0, 1.0],
                [0.948783, 0.117939, -0.29309, -0.235999, -0.308149, 0.140847, -0.940854, 1.237562, -0.069683, 0.982981, 0.169977, 0.592878, 0.0, 0.0, 0.0, 1.0],
                [0.71916, 0.218258, -0.659676, -0.235999, -0.690379, 0.11698, -0.713928, -2.08603, -0.078652, 0.968854, 0.234809, 0.496362, 0.0, 0.0, 0.0, 1.0],
                [0.77736, 0.228189, -0.586209, -0.235999, -0.624998, 0.174495, -0.760874, -1.97112, -0.071333, 0.957852, 0.278263, 0.500631, 0.0, 0.0, 0.0, 1.0],
                [0.900771, 0.212091, -0.378983, -0.235999, -0.425524, 0.256539, -0.867823, -1.66948, -0.086833, 0.942977, 0.321333, 0.511838, 0.0, 0.0, 0.0, 1.0],
                [0.983931, 0.160829, -0.077552, -0.235999, -0.128412, 0.335618, -0.933205, -1.245748, -0.124059, 0.928167, 0.350877, 0.527582, 0.0, 0.0, 0.0, 1.0],
                [0.97333, 0.094645, 0.208975, -0.235999, 0.158225, 0.382633, -0.910251, -0.764561, -0.166112, 0.91904, 0.357453, 0.545461, 0.0, 0.0, 0.0, 1.0],
                [0.9269, 0.053068, 0.371538, -0.235999, 0.322287, 0.394743, -0.860412, -0.290556, -0.192323, 0.917258, 0.348783, 0.563072, 0.0, 0.0, 0.0, 1.0],
                [0.89678, 0.038679, 0.440783, -0.235999, 0.392622, 0.389816, -0.833002, 0.1233, -0.204044, 0.92008, 0.334392, 0.578449, 0.0, 0.0, 0.0, 1.0],
                [0.869417, 0.030845, 0.493114, -0.235999, 0.446527, 0.378154, -0.810933, 0.470724, -0.211486, 0.925229, 0.315001, 0.591357, 0.0, 0.0, 0.0, 1.0],
                [0.846533, 0.02863, 0.531566, -0.235999, 0.48689, 0.362068, -0.794887, 0.757102, -0.215221, 0.931712, 0.292563, 0.601998, 0.0, 0.0, 0.0, 1.0],
                [0.828747, 0.030783, 0.558776, -0.235999, 0.516236, 0.343429, -0.784574, 0.987821, -0.216051, 0.938674, 0.268725, 0.61057, 0.0, 0.0, 0.0, 1.0],
                [0.815953, 0.03594, 0.577, -0.235999, 0.536713, 0.323822, -0.779152, 1.168266, -0.214848, 0.945435, 0.244934, 0.617274, 0.0, 0.0, 0.0, 1.0],
                [0.807589, 0.042752, 0.588195, -0.235999, 0.550152, 0.304672, -0.777501, 1.303825, -0.212446, 0.951497, 0.22253, 0.622311, 0.0, 0.0, 0.0, 1.0],
                [0.802824, 0.049948, 0.594121, -0.235999, 0.55816, 0.287349, -0.778388, 1.399882, -0.209599, 0.956523, 0.202812, 0.62588, 0.0, 0.0, 0.0, 1.0],
                [0.80069, 0.056363, 0.596421, -0.235999, 0.562199, 0.273219, -0.780566, 1.461826, -0.206949, 0.960299, 0.187076, 0.628181, 0.0, 0.0, 0.0, 1.0],
                [0.800164, 0.060935, 0.596678, -0.235999, 0.563648, 0.26368, -0.782798, 1.495043, -0.205032, 0.962684, 0.176642, 0.629416, 0.0, 0.0, 0.0, 1.0],
                [0.800215, 0.062673, 0.596429, -0.235999, 0.563841, 0.260175, -0.783832, 1.504917, -0.204301, 0.963525, 0.172858, 0.629782, 0.0, 0.0, 0.0, 1.0],
                [0.800215, 0.062673, 0.596429, -0.235999, 0.563841, 0.260175, -0.783832, 1.504917, -0.204301, 0.963525, 0.172858, 0.629782, 0.0, 0.0, 0.0, 1.0],
                [0.800215, 0.062673, 0.596429, -0.235999, 0.563841, 0.260175, -0.783832, 1.504917, -0.204301, 0.963525, 0.172858, 0.629782, 0.0, 0.0, 0.0, 1.0],
                [0.800215, 0.062673, 0.596429, -0.235999, 0.563841, 0.260175, -0.783832, 1.504917, -0.204301, 0.963525, 0.172858, 0.629782, 0.0, 0.0, 0.0, 1.0],
                [0.800215, 0.062673, 0.596429, -0.235999, 0.563841, 0.260175, -0.783832, 1.504917, -0.204301, 0.963525, 0.172858, 0.629782, 0.0, 0.0, 0.0, 1.0],
                [0.800215, 0.062673, 0.596429, -0.235999, 0.563841, 0.260175, -0.783832, 1.504917, -0.204301, 0.963525, 0.172858, 0.629782, 0.0, 0.0, 0.0, 1.0],
                [0.800204, 0.062597, 0.596452, -0.235925, 0.563911, 0.260012, -0.783835, 1.505036, -0.204151, 0.963574, 0.172764, 0.6299, 0.0, 0.0, 0.0, 1.0],
                [0.800172, 0.062373, 0.596519, -0.235706, 0.564117, 0.259534, -0.783846, 1.505387, -0.203708, 0.963717, 0.172486, 0.630245, 0.0, 0.0, 0.0, 1.0],
                [0.800119, 0.062007, 0.596628, -0.23535, 0.564453, 0.258754, -0.783862, 1.505959, -0.202985, 0.963951, 0.172034, 0.63081, 0.0, 0.0, 0.0, 1.0],
                [0.800046, 0.061506, 0.596777, -0.234861, 0.564911, 0.257683, -0.783884, 1.506744, -0.201993, 0.96427, 0.171413, 0.631583, 0.0, 0.0, 0.0, 1.0],
                [0.799954, 0.060875, 0.596966, -0.234246, 0.565487, 0.256335, -0.783911, 1.507732, -0.200744, 0.964669, 0.170632, 0.632556, 0.0, 0.0, 0.0, 1.0],
                [0.799842, 0.060122, 0.597192, -0.233511, 0.566174, 0.254723, -0.783941, 1.508912, -0.199251, 0.965143, 0.169698, 0.63372, 0.0, 0.0, 0.0, 1.0],
                [0.799711, 0.059252, 0.597454, -0.232661, 0.566963, 0.252858, -0.783974, 1.510276, -0.197523, 0.965687, 0.16862, 0.635064, 0.0, 0.0, 0.0, 1.0],
                [0.799561, 0.058272, 0.597751, -0.231704, 0.567849, 0.250755, -0.784009, 1.511813, -0.195574, 0.966295, 0.167404, 0.636579, 0.0, 0.0, 0.0, 1.0],
                [0.799393, 0.057187, 0.598081, -0.230644, 0.568825, 0.248424, -0.784043, 1.513515, -0.193415, 0.966962, 0.166059, 0.638256, 0.0, 0.0, 0.0, 1.0],
                [0.799206, 0.056006, 0.598442, -0.229488, 0.569883, 0.245879, -0.784077, 1.515371, -0.191057, 0.967681, 0.164591, 0.640085, 0.0, 0.0, 0.0, 1.0],
                [0.799002, 0.054733, 0.598833, -0.228242, 0.571016, 0.243132, -0.784109, 1.517371, -0.188512, 0.968448, 0.16301, 0.642057, 0.0, 0.0, 0.0, 1.0],
                [0.798779, 0.053375, 0.599252, -0.226912, 0.572218, 0.240196, -0.784138, 1.519507, -0.185791, 0.969256, 0.161322, 0.644162, 0.0, 0.0, 0.0, 1.0],
                [0.798539, 0.051938, 0.599698, -0.225504, 0.573481, 0.237084, -0.784162, 1.521768, -0.182907, 0.9701, 0.159535, 0.64639, 0.0, 0.0, 0.0, 1.0],
                [0.798281, 0.05043, 0.60017, -0.224023, 0.574799, 0.233807, -0.784182, 1.524145, -0.17987, 0.970974, 0.157657, 0.648733, 0.0, 0.0, 0.0, 1.0],
                [0.798007, 0.048856, 0.600665, -0.222477, 0.576164, 0.230379, -0.784194, 1.526628, -0.176693, 0.971874, 0.155695, 0.65118, 0.0, 0.0, 0.0, 1.0],
                [0.797715, 0.047223, 0.601183, -0.22087, 0.57757, 0.226813, -0.784199, 1.529208, -0.173388, 0.972793, 0.153658, 0.653723, 0.0, 0.0, 0.0, 1.0],
                [0.797407, 0.045536, 0.601721, -0.219209, 0.579011, 0.223121, -0.784196, 1.531874, -0.169966, 0.973727, 0.151552, 0.65635, 0.0, 0.0, 0.0, 1.0],
                [0.797083, 0.043803, 0.602279, -0.217501, 0.580479, 0.219317, -0.784184, 1.534618, -0.16644, 0.97467, 0.149387, 0.659054, 0.0, 0.0, 0.0, 1.0],
                [0.796745, 0.04203, 0.602853, -0.21575, 0.581969, 0.215413, -0.784162, 1.537429, -0.162821, 0.975618, 0.147169, 0.661825, 0.0, 0.0, 0.0, 1.0],
                [0.796391, 0.040223, 0.603443, -0.213963, 0.583474, 0.211422, -0.78413, 1.540298, -0.159121, 0.976567, 0.144906, 0.664653, 0.0, 0.0, 0.0, 1.0],
                [0.796024, 0.038388, 0.604046, -0.212146, 0.584988, 0.207359, -0.784087, 1.543215, -0.155354, 0.977512, 0.142606, 0.667528, 0.0, 0.0, 0.0, 1.0],
                [0.795644, 0.036531, 0.604662, -0.210305, 0.586506, 0.203235, -0.784032, 1.546171, -0.15153, 0.978448, 0.140277, 0.670441, 0.0, 0.0, 0.0, 1.0],
                [0.795252, 0.03466, 0.605287, -0.208446, 0.588021, 0.199065, -0.783967, 1.549156, -0.147663, 0.979373, 0.137926, 0.673383, 0.0, 0.0, 0.0, 1.0],
                [0.79485, 0.032779, 0.60592, -0.206575, 0.58953, 0.194862, -0.78389, 1.55216, -0.143766, 0.980283, 0.135562, 0.676344, 0.0, 0.0, 0.0, 1.0],
                [0.794438, 0.030895, 0.60656, -0.204698, 0.591026, 0.190639, -0.783802, 1.555174, -0.139849, 0.981174, 0.133191, 0.679314, 0.0, 0.0, 0.0, 1.0],
                [0.794017, 0.029014, 0.607203, -0.202821, 0.592504, 0.18641, -0.783703, 1.558188, -0.135927, 0.982044, 0.130821, 0.682284, 0.0, 0.0, 0.0, 1.0],
                [0.793589, 0.027143, 0.607848, -0.20095, 0.59396, 0.182189, -0.783593, 1.561192, -0.132012, 0.982889, 0.128461, 0.685245, 0.0, 0.0, 0.0, 1.0],
                [0.793157, 0.025287, 0.608493, -0.19909, 0.59539, 0.17799, -0.783474, 1.564177, -0.128117, 0.983707, 0.126118, 0.688187, 0.0, 0.0, 0.0, 1.0],
                [0.79272, 0.023452, 0.609135, -0.197249, 0.596788, 0.173826, -0.783344, 1.567132, -0.124254, 0.984497, 0.123799, 0.6911, 0.0, 0.0, 0.0, 1.0],
                [0.792281, 0.021645, 0.609772, -0.195432, 0.598152, 0.169711, -0.783207, 1.57005, -0.120437, 0.985256, 0.121512, 0.693975, 0.0, 0.0, 0.0, 1.0],
                [0.791842, 0.01987, 0.610403, -0.193646, 0.599477, 0.16566, -0.783061, 1.572919, -0.116679, 0.985983, 0.119265, 0.696803, 0.0, 0.0, 0.0, 1.0],
                [0.791405, 0.018135, 0.611024, -0.191895, 0.600759, 0.161686, -0.782909, 1.57573, -0.112992, 0.986676, 0.117064, 0.699574, 0.0, 0.0, 0.0, 1.0],
                [0.790971, 0.016444, 0.611633, -0.190186, 0.601996, 0.157803, -0.782751, 1.578474, -0.109389, 0.987334, 0.114919, 0.702278, 0.0, 0.0, 0.0, 1.0],
                [0.790543, 0.014803, 0.612228, -0.188525, 0.603184, 0.154026, -0.782589, 1.58114, -0.105884, 0.987956, 0.112835, 0.704906, 0.0, 0.0, 0.0, 1.0],
                [0.790122, 0.013219, 0.612806, -0.186919, 0.60432, 0.150369, -0.782424, 1.583719, -0.10249, 0.988542, 0.110821, 0.707448, 0.0, 0.0, 0.0, 1.0],
                [0.789712, 0.011697, 0.613366, -0.185372, 0.605401, 0.146845, -0.782257, 1.586203, -0.09922, 0.98909, 0.108884, 0.709895, 0.0, 0.0, 0.0, 1.0],
                [0.789314, 0.010242, 0.613904, -0.183892, 0.606424, 0.143469, -0.782091, 1.58858, -0.096086, 0.989602, 0.107031, 0.712238, 0.0, 0.0, 0.0, 1.0],
                [0.788931, 0.008861, 0.614417, -0.182483, 0.607387, 0.140255, -0.781927, 1.590841, -0.093103, 0.990076, 0.105269, 0.714466, 0.0, 0.0, 0.0, 1.0],
                [0.788565, 0.007558, 0.614905, -0.181153, 0.608288, 0.137217, -0.781766, 1.592976, -0.090283, 0.990512, 0.103607, 0.716571, 0.0, 0.0, 0.0, 1.0],
                [0.788218, 0.006339, 0.615363, -0.179907, 0.609123, 0.134369, -0.78161, 1.594977, -0.08764, 0.990911, 0.102051, 0.718543, 0.0, 0.0, 0.0, 1.0],
                [0.787894, 0.00521, 0.615789, -0.178751, 0.609891, 0.131726, -0.781461, 1.596833, -0.085187, 0.991272, 0.100609, 0.720372, 0.0, 0.0, 0.0, 1.0],
                [0.787593, 0.004176, 0.616181, -0.177691, 0.610588, 0.129301, -0.781321, 1.598534, -0.082936, 0.991597, 0.099287, 0.722049, 0.0, 0.0, 0.0, 1.0],
                [0.78732, 0.003243, 0.616536, -0.176734, 0.611214, 0.12711, -0.781192, 1.600072, -0.080901, 0.991883, 0.098094, 0.723564, 0.0, 0.0, 0.0, 1.0],
                [0.787075, 0.002417, 0.616852, -0.175885, 0.611765, 0.125165, -0.781075, 1.601436, -0.079096, 0.992133, 0.097036, 0.724908, 0.0, 0.0, 0.0, 1.0],
                [0.786862, 0.001702, 0.617126, -0.175149, 0.612239, 0.12348, -0.780971, 1.602616, -0.077532, 0.992346, 0.09612, 0.726072, 0.0, 0.0, 0.0, 1.0],
                [0.786683, 0.001104, 0.617356, -0.174534, 0.612633, 0.122071, -0.780884, 1.603603, -0.076224, 0.992521, 0.095355, 0.727045, 0.0, 0.0, 0.0, 1.0],
                [0.78654, 0.00063, 0.617539, -0.174045, 0.612945, 0.120951, -0.780813, 1.604388, -0.075184, 0.992658, 0.094747, 0.727818, 0.0, 0.0, 0.0, 1.0],
                [0.786436, 0.000284, 0.617672, -0.173689, 0.613172, 0.120134, -0.780761, 1.604961, -0.074425, 0.992758, 0.094303, 0.728383, 0.0, 0.0, 0.0, 1.0],
                [0.786371, 7.2e-05, 0.617754, -0.173471, 0.613311, 0.119633, -0.780729, 1.605311, -0.07396, 0.992818, 0.094032, 0.728728, 0.0, 0.0, 0.0, 1.0],
                [0.78635, 0.0, 0.617782, -0.173396, 0.613357, 0.119463, -0.780718, 1.60543, -0.073802, 0.992839, 0.09394, 0.728846, 0.0, 0.0, 0.0, 1.0]
            ]
        },
        {
            "name": "Thigh_R",
            "time": [0.0, 0.0167, 0.0333, 0.05, 0.0667, 0.0833, 0.1, 0.1167, 0.1333, 0.15, 0.1667, 0.1833, 0.2, 0.2167, 0.2333, 0.25, 0.2667, 0.2833, 0.3, 0.3167, 0.3333, 0.35, 0.3667, 0.3833, 0.4, 0.4167, 0.4333, 0.45, 0.4667, 0.4833, 0.5, 0.5167, 0.5333, 0.55, 0.5667, 0.5833, 0.6, 0.6167, 0.6333, 0.65, 0.6667, 0.6833, 0.7, 0.7167, 0.7333, 0.75, 0.7667, 0.7833, 0.8, 0.8167, 0.8333, 0.85, 0.8667, 0.8833, 0.9, 0.9167, 0.9333, 0.95, 0.9667, 0.9833, 1.0, 1.0167, 1.0333, 1.05, 1.0667, 1.0833, 1.1, 1.1167, 1.1333, 1.15, 1.1667, 1.1833, 1.2, 1.2167, 1.2333, 1.25, 1.2667, 1.2833, 1.3, 1.3167, 1.3333, 1.35, 1.3667, 1.3833, 1.4, 1.4167, 1.4333, 1.45, 1.4667, 1.4833, 1.5, 1.5167, 1.5333, 1.55, 1.5667, 1.5833, 1.6, 1.6167, 1.6333, 1.65, 1.6667],
            "transform": [
                [0.557625, 0.828186, 0.056207, 0.124994, 0.051735, -0.102253, 0.993412, -0.002831, 0.828479, -0.551043, -0.099866, -1.2e-05, 0.0, 0.0, 0.0, 1.0],
                [0.558177, 0.827657, 0.058476, 0.124994, 0.050181, -0.10402, 0.993308, -0.00283, 0.828203, -0.551507, -0.099594, -1.2e-05, 0.0, 0.0, 0.0, 1.0],
                [0.559808, 0.826146, 0.063989, 0.124994, 0.048298, -0.109623, 0.992799, -0.002831, 0.827213, -0.552685, -0.101269, -1.2e-05, 0.0, 0.0, 0.0, 1.0],
                [0.562604, 0.823692, 0.070747, 0.124994, 0.05033, -0.119541, 0.991553, -0.002831, 0.825193, -0.55429, -0.108711, -1.2e-05, 0.0, 0.0, 0.0, 1.0],
                [0.566974, 0.820165, 0.076592, 0.124994, 0.060811, -0.134401, 0.98906, -0.002831, 0.821488, -0.556113, -0.126077, -1.2e-05, 0.0, 0.0, 0.0, 1.0],
                [0.573849, 0.815134, 0.079069, 0.124994, 0.084898, -0.155238, 0.984222, -0.002831, 0.814548, -0.558081, -0.158287, -1.2e-05, 0.0, 0.0, 0.0, 1.0],
                [0.584978, 0.807666, 0.073987, 0.124994, 0.12766, -0.181779, 0.975018, -0.002831, 0.800939, -0.560918, -0.209443, -1.2e-05, 0.0, 0.0, 0.0, 1.0],
                [0.60372, 0.795453, 0.052659, 0.124994, 0.188752, -0.206807, 0.960003, -0.002831, 0.774529, -0.569632, -0.274998, -1.2e-05, 0.0, 0.0, 0.0, 1.0],
                [0.635663, 0.771845, 0.013619, 0.124994, 0.257946, -0.228995, 0.93863, -0.002831, 0.727596, -0.593138, -0.344659, -1.2e-05, 0.0, 0.0, 0.0, 1.0],
                [0.689735, 0.723754, -0.021063, 0.124994, 0.306439, -0.265432, 0.914134, -0.002831, 0.656018, -0.636964, -0.404865, -1.2e-05, 0.0, 0.0, 0.0, 1.0],
                [0.776346, 0.630266, 0.007039, 0.124994, 0.275414, -0.349249, 0.895641, -0.002831, 0.566951, -0.693388, -0.444723, -1.2e-05, 0.0, 0.0, 0.0, 1.0],
                [0.877562, 0.438285, 0.194397, 0.124994, 0.062233, -0.506139, 0.860203, -0.002831, 0.475406, -0.742782, -0.471446, -1.2e-05, 0.0, 0.0, 0.0, 1.0],
                [0.603619, 0.719894, 0.342628, 0.124994, 0.154367, -0.527146, 0.835636, -0.002831, 0.782185, -0.451515, -0.429324, -1.2e-05, 0.0, 0.0, 0.0, 1.0],
                [0.60362, 0.719894, 0.342628, 0.124994, 0.154366, -0.527146, 0.835635, -0.002831, 0.782185, -0.451515, -0.429325, -1.2e-05, 0.0, 0.0, 0.0, 1.0],
                [0.627477, 0.77373, 0.087246, 0.124994, 0.311755, -0.352327, 0.882426, -0.002831, 0.713499, -0.526501, -0.462292, -1.2e-05, 0.0, 0.0, 0.0, 1.0],
                [0.614021, 0.694099, -0.37577, 0.124994, 0.671702, -0.209518, 0.710576, -0.00283, 0.41448, -0.688713, -0.594877, -1.2e-05, 0.0, 0.0, 0.0, 1.0],
                [0.463566, 0.656964, -0.594561, 0.124994, 0.885872, -0.357521, 0.295649, -0.002831, -0.018337, -0.663757, -0.747723, -1.2e-05, 0.0, 0.0, 0.0, 1.0],
                [0.366912, 0.726948, -0.580449, 0.124994, 0.914386, -0.396592, 0.081311, -0.002831, -0.171093, -0.560587, -0.810227, -1.2e-05, 0.0, 0.0, 0.0, 1.0],
                [0.389229, 0.706453, -0.59112, 0.124994, 0.8989, -0.431469, 0.076236, -0.002831, -0.201193, -0.56103, -0.802973, -1.2e-05, 0.0, 0.0, 0.0, 1.0],
                [0.480913, 0.52707, -0.700656, 0.124994, 0.828609, -0.534428, 0.166711, -0.002831, -0.286582, -0.660742, -0.693749, -1.2e-05, 0.0, 0.0, 0.0, 1.0],
                [0.615641, 0.262601, -0.742986, 0.124994, 0.683917, -0.64642, 0.338226, -0.002831, -0.391463, -0.716365, -0.577561, -1.2e-05, 0.0, 0.0, 0.0, 1.0],
                [0.795066, 0.112796, -0.595942, 0.124994, 0.472829, -0.730651, 0.492524, -0.002831, -0.379872, -0.673366, -0.634251, -1.2e-05, 0.0, 0.0, 0.0, 1.0],
                [0.933326, 0.234575, -0.271803, 0.124994, 0.340021, -0.820575, 0.459391, -0.002831, -0.115274, -0.521179, -0.845626, -1.2e-05, 0.0, 0.0, 0.0, 1.0],
                [0.893312, 0.44531, 0.060761, 0.124994, 0.412823, -0.86645, 0.280782, -0.002831, 0.177681, -0.225742, -0.957847, -1.2e-05, 0.0, 0.0, 0.0, 1.0],
                [0.79165, 0.53709, 0.291245, 0.124994, 0.536012, -0.839309, 0.090827, -0.002831, 0.293227, 0.084207, -0.952327, -1.2e-05, 0.0, 0.0, 0.0, 1.0],
                [0.739052, 0.517737, 0.430987, 0.124994, 0.592258, -0.804226, -0.049494, -0.002831, 0.320986, 0.291834, -0.901001, -1.2e-05, 0.0, 0.0, 0.0, 1.0],
                [0.73191, 0.522089, 0.43787, 0.124994, 0.595961, -0.802021, -0.03988, -0.002831, 0.330361, 0.290141, -0.898154, -1.2e-05, 0.0, 0.0, 0.0, 1.0],
                [0.733743, 0.556342, 0.390003, 0.124994, 0.59049, -0.806101, 0.038978, -0.002831, 0.336067, 0.201693, -0.919988, -1.2e-05, 0.0, 0.0, 0.0, 1.0],
                [0.733213, 0.585994, 0.344973, 0.124994, 0.58542, -0.802068, 0.118186, -0.002831, 0.345948, 0.115299, -0.931143, -1.2e-05, 0.0, 0.0, 0.0, 1.0],
                [0.719583, 0.613908, 0.324525, 0.124994, 0.589444, -0.787061, 0.1819, -0.002831, 0.367091, 0.060397, -0.928222, -1.2e-05, 0.0, 0.0, 0.0, 1.0],
                [0.849984, 0.521559, 0.074178, 0.124995, 0.398067, -0.728095, 0.558049, -0.002831, 0.345065, -0.444803, -0.826487, -1.2e-05, 0.0, 0.0, 0.0, 1.0],
                [0.797333, 0.573793, 0.187135, 0.124994, 0.474598, -0.787636, 0.392918, -0.002831, 0.372849, -0.224472, -0.900331, -1.1e-05, 0.0, 0.0, 0.0, 1.0],
                [0.692504, 0.263693, 0.671493, 0.124994, 0.561926, -0.780889, -0.272855, -0.002831, 0.452412, 0.566282, -0.688947, -1.2e-05, 0.0, 0.0, 0.0, 1.0],
                [0.611975, 0.060667, 0.788547, 0.124994, 0.539892, -0.760637, -0.36048, -0.002831, 0.57793, 0.646334, -0.498246, -1.2e-05, 0.0, 0.0, 0.0, 1.0],
                [0.55095, 0.0014, 0.834538, 0.124994, 0.459224, -0.835491, -0.301772, -0.002831, 0.696827, 0.5495, -0.460958, -1.2e-05, 0.0, 0.0, 0.0, 1.0],
                [0.542649, 0.279956, 0.791932, 0.124994, 0.393569, -0.917663, 0.054724, -0.002831, 0.742048, 0.281983, -0.608152, -1.2e-05, 0.0, 0.0, 0.0, 1.0],
                [0.610663, 0.529102, 0.589187, 0.124994, 0.322971, -0.845739, 0.424751, -0.002831, 0.723036, -0.069089, -0.687347, -1.2e-05, 0.0, 0.0, 0.0, 1.0],
                [0.685152, 0.668201, 0.289951, 0.124994, 0.257675, -0.59467, 0.761558, -0.002831, 0.6813, -0.447069, -0.579619, -1.2e-05, 0.0, 0.0, 0.0, 1.0],
                [0.745802, 0.666167, 0.000126, 0.124994, 0.232118, -0.260042, 0.937284, -0.002831, 0.62442, -0.698997, -0.348569, -1.2e-05, 0.0, 0.0, 0.0, 1.0],
                [0.78054, 0.601665, -0.169573, 0.124994, 0.269766, -0.079502, 0.959639, -0.002831, 0.563901, -0.794781, -0.224363, -1.2e-05, 0.0, 0.0, 0.0, 1.0],
                [0.794558, 0.564097, -0.224657, 0.124994, 0.333657, -0.096508, 0.937741, -0.002831, 0.507297, -0.820047, -0.264896, -1.2e-05, 0.0, 0.0, 0.0, 1.0],
                [0.797413, 0.569148, -0.200502, 0.124994, 0.378977, -0.213783, 0.900374, -0.002831, 0.469583, -0.793954, -0.386168, -1.2e-05, 0.0, 0.0, 0.0, 1.0],
                [0.800522, 0.583285, -0.137629, 0.124994, 0.396235, -0.342835, 0.85174, -0.002831, 0.449624, -0.736369, -0.505566, -1.2e-05, 0.0, 0.0, 0.0, 1.0],
                [0.808263, 0.578299, -0.11082, 0.124994, 0.398986, -0.399478, 0.825366, -0.002831, 0.433038, -0.711326, -0.553617, -1.2e-05, 0.0, 0.0, 0.0, 1.0],
                [0.815618, 0.568037, -0.109995, 0.124994, 0.395037, -0.407812, 0.823187, -0.002831, 0.422743, -0.714857, -0.557016, -1.2e-05, 0.0, 0.0, 0.0, 1.0],
                [0.818063, 0.564782, -0.10859, 0.124994, 0.393951, -0.412719, 0.821259, -0.00283, 0.419016, -0.714619, -0.560127, -1.1e-05, 0.0, 0.0, 0.0, 1.0],
                [0.825412, 0.543238, -0.153581, 0.124994, 0.427339, -0.423485, 0.798776, -0.00283, 0.368886, -0.724948, -0.581697, -1.1e-05, 0.0, 0.0, 0.0, 1.0],
                [0.824625, 0.546056, -0.147696, 0.124994, 0.423074, -0.422032, 0.801809, -0.00283, 0.3755, -0.723677, -0.579042, -1.1e-05, 0.0, 0.0, 0.0, 1.0],
                [0.822606, 0.552577, -0.134079, 0.124994, 0.413089, -0.418723, 0.80872, -0.00283, 0.390738, -0.720643, -0.572708, -1.1e-05, 0.0, 0.0, 0.0, 1.0],
                [0.82002, 0.559848, -0.118894, 0.124994, 0.401758, -0.415115, 0.816254, -0.00283, 0.407624, -0.71711, -0.565327, -1.1e-05, 0.0, 0.0, 0.0, 1.0],
                [0.818063, 0.564783, -0.10859, 0.124994, 0.393951, -0.412719, 0.821259, -0.00283, 0.419016, -0.714619, -0.560127, -1.1e-05, 0.0, 0.0, 0.0, 1.0],
                [0.8171, 0.567279, -0.102666, 0.124994, 0.389503, -0.411948, 0.823763, -0.002831, 0.425011, -0.713085, -0.557561, -1.2e-05, 0.0, 0.0, 0.0, 1.0],
                [0.816439, 0.569355, -0.096231, 0.124994, 0.384807, -0.412222, 0.825831, -0.002831, 0.430523, -0.71127, -0.555647, -1.2e-05, 0.0, 0.0, 0.0, 1.0],
                [0.816062, 0.571022, -0.089299, 0.124994, 0.379887, -0.413502, 0.827467, -0.002831, 0.435577, -0.709187, -0.554368, -1.2e-05, 0.0, 0.0, 0.0, 1.0],
                [0.815953, 0.572287, -0.081895, 0.124994, 0.374769, -0.41575, 0.828674, -0.002831, 0.440192, -0.70685, -0.553708, -1.2e-05, 0.0, 0.0, 0.0, 1.0],
                [0.816093, 0.573158, -0.074039, 0.124994, 0.369472, -0.418927, 0.829453, -0.002831, 0.44439, -0.704264, -0.55365, -1.2e-05, 0.0, 0.0, 0.0, 1.0],
                [0.816466, 0.573636, -0.065754, 0.124994, 0.364018, -0.422994, 0.829799, -0.002831, 0.44819, -0.701437, -0.554175, -1.2e-05, 0.0, 0.0, 0.0, 1.0],
                [0.817055, 0.573728, -0.057066, 0.124994, 0.358424, -0.427909, 0.829715, -0.002831, 0.451612, -0.698375, -0.555264, -1.2e-05, 0.0, 0.0, 0.0, 1.0],
                [0.817844, 0.573433, -0.047995, 0.124994, 0.352706, -0.433634, 0.829193, -0.002831, 0.454675, -0.695077, -0.556899, -1.2e-05, 0.0, 0.0, 0.0, 1.0],
                [0.818817, 0.572756, -0.038571, 0.124994, 0.346879, -0.440126, 0.82823, -0.002831, 0.457397, -0.691547, -0.559061, -1.2e-05, 0.0, 0.0, 0.0, 1.0],
                [0.819959, 0.571695, -0.028819, 0.124994, 0.34096, -0.447342, 0.82682, -0.002831, 0.459798, -0.687783, -0.561728, -1.2e-05, 0.0, 0.0, 0.0, 1.0],
                [0.821255, 0.570252, -0.018767, 0.124994, 0.334957, -0.455241, 0.82496, -0.002831, 0.461892, -0.683787, -0.56488, -1.2e-05, 0.0, 0.0, 0.0, 1.0],
                [0.822689, 0.568427, -0.008444, 0.124994, 0.328886, -0.463778, 0.822645, -0.002831, 0.463698, -0.679557, -0.568494, -1.2e-05, 0.0, 0.0, 0.0, 1.0],
                [0.824249, 0.566222, 0.002123, 0.124994, 0.322757, -0.472909, 0.819868, -0.002831, 0.465232, -0.675089, -0.572549, -1.2e-05, 0.0, 0.0, 0.0, 1.0],
                [0.825921, 0.563637, 0.012902, 0.124994, 0.316581, -0.482591, 0.816628, -0.002831, 0.466509, -0.670385, -0.577019, -1.2e-05, 0.0, 0.0, 0.0, 1.0],
                [0.827692, 0.560675, 0.023863, 0.124994, 0.310368, -0.492776, 0.812923, -0.002831, 0.467545, -0.665442, -0.581883, -1.2e-05, 0.0, 0.0, 0.0, 1.0],
                [0.829548, 0.557338, 0.034976, 0.124994, 0.304128, -0.50342, 0.808749, -0.002831, 0.468355, -0.660257, -0.587114, -1.2e-05, 0.0, 0.0, 0.0, 1.0],
                [0.831478, 0.55363, 0.04621, 0.124994, 0.297871, -0.514477, 0.804105, -0.002831, 0.468952, -0.65483, -0.592689, -1.2e-05, 0.0, 0.0, 0.0, 1.0],
                [0.833472, 0.549558, 0.05753, 0.124994, 0.291607, -0.525898, 0.798998, -0.002831, 0.469351, -0.649164, -0.598577, -1.2e-05, 0.0, 0.0, 0.0, 1.0],
                [0.835516, 0.545126, 0.068907, 0.124994, 0.285344, -0.537638, 0.793425, -0.002831, 0.469565, -0.643255, -0.604756, -1.2e-05, 0.0, 0.0, 0.0, 1.0],
                [0.837601, 0.540345, 0.080308, 0.124994, 0.279092, -0.549651, 0.787395, -0.00283, 0.469607, -0.637108, -0.611196, -1.2e-05, 0.0, 0.0, 0.0, 1.0],
                [0.839717, 0.535225, 0.091699, 0.124994, 0.272862, -0.561886, 0.780916, -0.002831, 0.469491, -0.630726, -0.617868, -1.2e-05, 0.0, 0.0, 0.0, 1.0],
                [0.841853, 0.529777, 0.103049, 0.124994, 0.266662, -0.574296, 0.774, -0.002831, 0.469228, -0.624114, -0.624745, -1.2e-05, 0.0, 0.0, 0.0, 1.0],
                [0.844001, 0.524014, 0.114326, 0.124994, 0.260501, -0.586837, 0.766655, -0.002831, 0.46883, -0.617274, -0.631799, -1.2e-05, 0.0, 0.0, 0.0, 1.0],
                [0.846151, 0.517956, 0.125499, 0.124994, 0.254391, -0.599459, 0.758902, -0.002831, 0.46831, -0.610219, -0.638997, -1.2e-05, 0.0, 0.0, 0.0, 1.0],
                [0.848295, 0.511619, 0.136536, 0.124994, 0.248342, -0.612119, 0.750758, -0.002831, 0.467678, -0.602955, -0.646314, -1.2e-05, 0.0, 0.0, 0.0, 1.0],
                [0.850424, 0.505024, 0.147407, 0.124994, 0.242363, -0.624766, 0.742244, -0.002831, 0.466947, -0.595495, -0.653716, -1.2e-05, 0.0, 0.0, 0.0, 1.0],
                [0.852531, 0.498196, 0.158083, 0.124994, 0.236467, -0.637359, 0.733387, -0.00283, 0.466126, -0.587852, -0.661176, -1.2e-05, 0.0, 0.0, 0.0, 1.0],
                [0.854609, 0.49116, 0.168535, 0.124994, 0.230663, -0.649851, 0.724215, -0.002831, 0.465228, -0.580045, -0.668662, -1.1e-05, 0.0, 0.0, 0.0, 1.0],
                [0.856651, 0.483944, 0.178734, 0.124994, 0.224964, -0.662198, 0.714761, -0.002831, 0.464262, -0.572091, -0.676144, -1.2e-05, 0.0, 0.0, 0.0, 1.0],
                [0.858649, 0.476579, 0.188657, 0.124994, 0.219383, -0.67436, 0.705059, -0.002831, 0.463239, -0.56401, -0.683594, -1.2e-05, 0.0, 0.0, 0.0, 1.0],
                [0.8606, 0.469099, 0.198275, 0.124994, 0.21393, -0.686292, 0.695152, -0.002831, 0.46217, -0.55583, -0.690979, -1.2e-05, 0.0, 0.0, 0.0, 1.0],
                [0.862496, 0.461538, 0.207567, 0.124994, 0.20862, -0.697956, 0.685081, -0.002831, 0.461063, -0.547575, -0.69827, -1.2e-05, 0.0, 0.0, 0.0, 1.0],
                [0.86433, 0.453935, 0.216508, 0.124994, 0.203464, -0.709307, 0.674897, -0.002831, 0.45993, -0.53928, -0.705436, -1.2e-05, 0.0, 0.0, 0.0, 1.0],
                [0.866099, 0.446332, 0.225078, 0.124994, 0.198478, -0.720312, 0.664648, -0.002831, 0.45878, -0.530976, -0.71245, -1.2e-05, 0.0, 0.0, 0.0, 1.0],
                [0.867796, 0.43877, 0.233256, 0.124994, 0.193675, -0.73093, 0.654393, -0.002831, 0.457622, -0.522703, -0.719278, -1.2e-05, 0.0, 0.0, 0.0, 1.0],
                [0.869419, 0.431297, 0.241023, 0.124994, 0.189068, -0.741122, 0.644197, -0.002831, 0.456468, -0.514506, -0.725892, -1.2e-05, 0.0, 0.0, 0.0, 1.0],
                [0.870961, 0.42396, 0.248362, 0.124994, 0.184673, -0.750856, 0.634121, -0.002831, 0.455326, -0.506428, -0.732262, -1.2e-05, 0.0, 0.0, 0.0, 1.0],
                [0.872418, 0.416809, 0.255254, 0.124994, 0.180505, -0.760094, 0.624239, -0.002831, 0.454206, -0.498522, -0.738358, -1.2e-05, 0.0, 0.0, 0.0, 1.0],
                [0.873787, 0.409897, 0.261685, 0.124994, 0.176578, -0.7688, 0.614626, -0.002831, 0.453117, -0.490844, -0.744148, -1.2e-05, 0.0, 0.0, 0.0, 1.0],
                [0.875063, 0.40328, 0.267637, 0.124994, 0.17291, -0.776939, 0.605364, -0.002831, 0.45207, -0.483453, -0.749603, -1.2e-05, 0.0, 0.0, 0.0, 1.0],
                [0.876241, 0.397013, 0.273098, 0.124994, 0.169515, -0.784477, 0.596539, -0.002831, 0.451074, -0.476416, -0.754692, -1.2e-05, 0.0, 0.0, 0.0, 1.0],
                [0.877316, 0.391156, 0.27805, 0.124994, 0.166408, -0.791377, 0.588242, -0.002831, 0.450137, -0.469804, -0.759382, -1.2e-05, 0.0, 0.0, 0.0, 1.0],
                [0.878286, 0.385768, 0.282481, 0.124994, 0.163607, -0.797606, 0.580564, -0.002831, 0.449272, -0.463685, -0.763643, -1.2e-05, 0.0, 0.0, 0.0, 1.0],
                [0.879146, 0.380909, 0.286375, 0.124994, 0.161127, -0.803128, 0.573604, -0.002831, 0.448488, -0.458138, -0.767442, -1.2e-05, 0.0, 0.0, 0.0, 1.0],
                [0.879889, 0.376643, 0.289715, 0.124994, 0.158984, -0.807901, 0.567465, -0.00283, 0.447794, -0.453245, -0.770746, -1.2e-05, 0.0, 0.0, 0.0, 1.0],
                [0.880511, 0.37303, 0.292487, 0.124994, 0.157196, -0.811893, 0.562244, -0.002831, 0.447202, -0.449084, -0.773521, -1.2e-05, 0.0, 0.0, 0.0, 1.0],
                [0.881007, 0.370126, 0.294675, 0.124994, 0.155777, -0.815066, 0.558031, -0.002831, 0.446721, -0.445725, -0.775738, -1.2e-05, 0.0, 0.0, 0.0, 1.0],
                [0.88137, 0.367989, 0.29626, 0.124994, 0.154744, -0.817381, 0.554924, -0.002831, 0.446364, -0.443248, -0.777361, -1.2e-05, 0.0, 0.0, 0.0, 1.0],
                [0.881593, 0.366673, 0.297226, 0.124994, 0.154114, -0.818799, 0.553005, -0.002831, 0.446141, -0.441718, -0.778359, -1.2e-05, 0.0, 0.0, 0.0, 1.0],
                [0.881669, 0.366226, 0.297551, 0.124994, 0.1539, -0.81928, 0.552353, -0.00283, 0.446064, -0.441199, -0.778697, -1.2e-05, 0.0, 0.0, 0.0, 1.0]
            ]
        },
        {
            "name": "Leg_R",
            "time": [0.0, 0.0167, 0.0333, 0.05, 0.0667, 0.0833, 0.1, 0.1167, 0.1333, 0.15, 0.1667, 0.1833, 0.2, 0.2167, 0.2333, 0.25, 0.2667, 0.2833, 0.3, 0.3167, 0.3333, 0.35, 0.3667, 0.3833, 0.4, 0.4167, 0.4333, 0.45, 0.4667, 0.4833, 0.5, 0.5167, 0.5333, 0.55, 0.5667, 0.5833, 0.6, 0.6167, 0.6333, 0.65, 0.6667, 0.6833, 0.7, 0.7167, 0.7333, 0.75, 0.7667, 0.7833, 0.8, 0.8167, 0.8333, 0.85, 0.8667, 0.8833, 0.9, 0.9167, 0.9333, 0.95, 0.9667, 0.9833, 1.0, 1.0167, 1.0333, 1.05, 1.0667, 1.0833, 1.1, 1.1167, 1.1333, 1.15, 1.1667, 1.1833, 1.2, 1.2167, 1.2333, 1.25, 1.2667, 1.2833, 1.3, 1.3167, 1.3333, 1.35, 1.3667, 1.3833, 1.4, 1.4167, 1.4333, 1.45, 1.4667, 1.4833, 1.5, 1.5167, 1.5333, 1.55, 1.5667, 1.5833, 1.6, 1.6167, 1.6333, 1.65, 1.6667],
            "transform": [
                [1.0, -1e-06, 1e-06, 0.0, -0.0, 0.472521, 0.881319, 0.374726, -1e-06, -0.881321, 0.472518, 0.0, 0.0, 0.0, 0.0, 1.0],
                [1.0, -1e-06, 1e-06, 0.0, -0.0, 0.473421, 0.880835, 0.374726, -1e-06, -0.880839, 0.473418, -0.0, 0.0, 0.0, 0.0, 1.0],
                [1.0, -1e-06, 1e-06, -0.0, -0.0, 0.47656, 0.879141, 0.374726, -1e-06, -0.879144, 0.476557, 0.0, 0.0, 0.0, 0.0, 1.0],
                [1.0, -1e-06, 1e-06, 0.0, -0.0, 0.482617, 0.875831, 0.374726, -1e-06, -0.875834, 0.482614, -0.0, 0.0, 0.0, 0.0, 1.0],
                [1.000001, -1e-06, 1e-06, -0.0, -0.0, 0.492316, 0.870416, 0.374726, -1e-06, -0.870419, 0.492312, -0.0, 0.0, 0.0, 0.0, 1.0],
                [1.0, -1e-06, 1e-06, -0.0, -0.0, 0.506468, 0.862258, 0.374726, -1e-06, -0.862261, 0.506465, -0.0, 0.0, 0.0, 0.0, 1.0],
                [1.0, -1e-06, 1e-06, -0.0, -0.0, 0.519023, 0.85476, 0.374726, -1e-06, -0.854762, 0.51902, -0.0, 0.0, 0.0, 0.0, 1.0],
                [1.0, -1e-06, 1e-06, 0.0, -0.0, 0.496331, 0.868133, 0.374726, -1e-06, -0.868136, 0.496326, -0.0, 0.0, 0.0, 0.0, 1.0],
                [1.0, -1e-06, 1e-06, 0.0, -0.0, 0.402904, 0.915241, 0.374726, -1e-06, -0.915244, 0.402901, 0.0, 0.0, 0.0, 0.0, 1.0],
                [1.0, -1e-06, 0.0, 0.0, -0.0, 0.22206, 0.975033, 0.374726, -1e-06, -0.975034, 0.222059, -0.0, 0.0, 0.0, 0.0, 1.0],
                [1.0, -1e-06, -0.0, -0.0, -0.0, -0.021313, 0.999771, 0.374726, -1e-06, -0.999774, -0.021313, -0.0, 0.0, 0.0, 0.0, 1.0],
                [1.0, -1e-06, -0.0, -0.0, -0.0, -0.229551, 0.973296, 0.374726, -1e-06, -0.973298, -0.229549, -0.0, 0.0, 0.0, 0.0, 1.0],
                [1.0, -1e-06, -0.0, -0.0, -0.0, -0.493644, 0.869664, 0.374726, -0.0, -0.869666, -0.493642, -0.0, 0.0, 0.0, 0.0, 1.0],
                [1.0, -1e-06, -0.0, -0.0, -0.0, -0.493644, 0.869664, 0.374726, -1e-06, -0.869666, -0.493641, -0.0, 0.0, 0.0, 0.0, 1.0],
                [1.0, -1e-06, -0.0, -0.0, -0.0, -0.497574, 0.86742, 0.374726, -1e-06, -0.867423, -0.497571, -0.0, 0.0, 0.0, 0.0, 1.0],
                [1.0, -1e-06, 0.0, 0.0, -0.0, -0.297265, 0.954794, 0.374726, -1e-06, -0.954796, -0.297263, 0.0, 0.0, 0.0, 0.0, 1.0],
                [1.000001, -1e-06, 0.0, 0.0, -0.0, 0.184878, 0.982761, 0.374726, -1e-06, -0.982763, 0.184877, -0.0, 0.0, 0.0, 0.0, 1.0],
                [1.0, -1e-06, 1e-06, -0.0, 0.0, 0.615554, 0.788096, 0.374726, -1e-06, -0.788099, 0.615549, 0.0, 0.0, 0.0, 0.0, 1.0],
                [1.000001, -0.0, 1e-06, -0.0, -0.0, 0.800569, 0.599242, 0.374726, -1e-06, -0.599245, 0.800563, -0.0, 0.0, 0.0, 0.0, 1.0],
                [1.0, -1e-06, 1e-06, 0.0, -0.0, 0.764868, 0.64419, 0.374726, -1e-06, -0.644192, 0.764862, -0.0, 0.0, 0.0, 0.0, 1.0],
                [1.0, -1e-06, 1e-06, 0.0, -0.0, 0.6217, 0.783255, 0.374726, -1e-06, -0.783258, 0.621696, 0.0, 0.0, 0.0, 0.0, 1.0],
                [1.0, -1e-06, 1e-06, 0.0, -0.0, 0.481573, 0.876406, 0.374726, -1e-06, -0.876408, 0.481569, -0.0, 0.0, 0.0, 0.0, 1.0],
                [1.0, -1e-06, 1e-06, 0.0, -0.0, 0.468019, 0.883718, 0.374726, -1e-06, -0.88372, 0.468015, 0.0, 0.0, 0.0, 0.0, 1.0],
                [1.0, -1e-06, 1e-06, -0.0, -0.0, 0.614245, 0.789115, 0.374726, -1e-06, -0.789119, 0.614239, -0.0, 0.0, 0.0, 0.0, 1.0],
                [1.0, -0.0, 1e-06, 0.0, -0.0, 0.836051, 0.548656, 0.374726, -1e-06, -0.548658, 0.836044, -0.0, 0.0, 0.0, 0.0, 1.0],
                [1.000001, -0.0, 1e-06, -0.0, 0.0, 0.971068, 0.23882, 0.374726, -1e-06, -0.238822, 0.971059, 0.0, 0.0, 0.0, 0.0, 1.0],
                [1.0, -0.0, 1e-06, 0.0, -0.0, 0.972326, 0.233648, 0.374726, -1e-06, -0.233649, 0.972316, 0.0, 0.0, 0.0, 0.0, 1.0],
                [1.0, -0.0, 1e-06, 0.0, -0.0, 0.924042, 0.382301, 0.374726, -1e-06, -0.382303, 0.924032, -0.0, 0.0, 0.0, 0.0, 1.0],
                [1.0, -0.0, 1e-06, 0.0, -0.0, 0.864831, 0.502068, 0.374726, -1e-06, -0.502071, 0.864823, -0.0, 0.0, 0.0, 0.0, 1.0],
                [1.0, -0.0, 1e-06, -0.0, -0.0, 0.829186, 0.558976, 0.374726, -1e-06, -0.558978, 0.829179, -0.0, 0.0, 0.0, 0.0, 1.0],
                [1.0, -1e-06, 0.0, -0.0, -0.0, -0.052424, 0.998624, 0.374726, -1e-06, -0.998626, -0.052424, -0.0, 0.0, 0.0, 0.0, 1.0],
                [1.0, -1e-06, 0.0, 0.0, -0.0, 0.225058, 0.974344, 0.374726, -1e-06, -0.974347, 0.225056, -0.0, 0.0, 0.0, 0.0, 1.0],
                [1.000001, -0.0, 1e-06, -0.0, -0.0, 0.999994, 0.004711, 0.374726, -1e-06, -0.004711, 0.999984, 0.0, 0.0, 0.0, 0.0, 1.0],
                [1.000001, -0.0, 1e-06, -0.0, -0.0, 0.999994, 0.004741, 0.374726, -1e-06, -0.004741, 0.999984, 0.0, 0.0, 0.0, 0.0, 1.0],
                [1.0, -0.0, 1e-06, -0.0, -0.0, 0.970384, 0.241587, 0.374726, -1e-06, -0.241588, 0.970374, 0.0, 0.0, 0.0, 0.0, 1.0],
                [1.000001, -0.0, 1e-06, -0.0, 0.0, 0.562906, 0.826521, 0.374726, -1e-06, -0.826524, 0.562901, 0.0, 0.0, 0.0, 0.0, 1.0],
                [1.0, -1e-06, 0.0, -0.0, -0.0, 0.065422, 0.997857, 0.374726, -1e-06, -0.997859, 0.065422, -0.0, 0.0, 0.0, 0.0, 1.0],
