{
    "animation": [
        {
            "name": "Root",
            "time": [0.0, 0.0111, 0.0222, 0.0333, 0.0444, 0.0556, 0.0667, 0.0778, 0.0889, 0.1, 0.1111, 0.1222, 0.1333, 0.1444, 0.1556, 0.1667, 0.1778, 0.1889, 0.2, 0.2111, 0.2222, 0.2333, 0.2444, 0.2556, 0.2667, 0.2778, 0.2889, 0.3, 0.3111, 0.3222, 0.3333, 0.3444, 0.3556, 0.3667, 0.3778, 0.3889, 0.4, 0.4111, 0.4222, 0.4333, 0.4444, 0.4556, 0.4667, 0.4778, 0.4889, 0.5, 0.5111, 0.5222, 0.5333, 0.5444, 0.5556, 0.5667, 0.5778, 0.5889, 0.6, 0.6111, 0.6222, 0.6333, 0.6444, 0.6556, 0.6667, 0.6778, 0.6889, 0.7, 0.7111, 0.7222, 0.7333, 0.7444, 0.7556, 0.7667, 0.7778, 0.7889, 0.8, 0.8111, 0.8222, 0.8333, 0.8444, 0.8556, 0.8667, 0.8778, 0.8889, 0.9, 0.9111, 0.9222, 0.9333, 0.9444, 0.9556, 0.9667, 0.9778, 0.9889, 1.0, 1.0111, 1.0222, 1.0333, 1.0444, 1.0556, 1.0667, 1.0778, 1.0889, 1.1, 1.1111],
            "transform": [
                [0.917216, 0.0, 0.398389, -5e-06, 0.398389, 0.0, -0.917216, 0.593506, 0.0, 1.0, 0.0, 0.62329, 0.0, 0.0, 0.0, 1.0],
                [0.917216, 0.0, 0.398389, -5e-06, 0.398389, 0.0, -0.917216, 0.593506, 0.0, 1.0, 0.0, 0.62329, 0.0, 0.0, 0.0, 1.0],
                [0.917216, 0.0, 0.398389, -5e-06, 0.398389, 0.0, -0.917216, 0.593506, 0.0, 1.0, 0.0, 0.62329, 0.0, 0.0, 0.0, 1.0],
                [0.927231, 0.0, 0.37449, -5e-06, 0.37449, 0.0, -0.927231, 0.796285, 0.0, 1.0, 0.0, 0.609237, 0.0, 0.0, 0.0, 1.0],
                [0.950818, 0.0, 0.309749, -5e-06, 0.309749, 0.0, -0.950818, 1.172876, 0.0, 1.0, 0.0, 0.575726, 0.0, 0.0, 0.0, 1.0],
                [0.976717, 0.0, 0.214533, -5e-06, 0.214533, 0.0, -0.976717, 1.375656, 0.0, 1.0, 0.0, 0.535729, 0.0, 0.0, 0.0, 1.0],
                [0.994909, 0.0, 0.100777, -5e-06, 0.100777, 0.0, -0.994909, 1.350773, 0.0, 1.0, 0.0, 0.502218, 0.0, 0.0, 0.0, 1.0],
                [0.999841, 0.0, -0.017839, -5e-06, -0.017839, 0.0, -0.999841, 1.325889, 0.0, 1.0, 0.0, 0.488165, 0.0, 0.0, 0.0, 1.0],
                [0.992006, 0.0, -0.126194, -5e-06, -0.126194, 0.0, -0.992006, 1.335586, 0.0, 1.0, 0.0, 0.488165, 0.0, 0.0, 0.0, 1.0],
                [0.978728, 0.0, -0.205164, -5e-06, -0.205164, 0.0, -0.978728, 1.35909, 0.0, 1.0, 0.0, 0.488165, 0.0, 0.0, 0.0, 1.0],
                [0.971838, 0.0, -0.235649, -5e-06, -0.235649, 0.0, -0.971838, 1.388026, 0.0, 1.0, 0.0, 0.488165, 0.0, 0.0, 0.0, 1.0],
                [0.971838, 0.0, -0.235649, -5e-06, -0.235649, 0.0, -0.971838, 1.416223, 0.0, 1.0, 0.0, 0.488165, 0.0, 0.0, 0.0, 1.0],
                [0.971838, 0.0, -0.235649, -5e-06, -0.235649, 0.0, -0.971838, 1.446326, 0.0, 1.0, 0.0, 0.488165, 0.0, 0.0, 0.0, 1.0],
                [0.971838, 0.0, -0.235649, -5e-06, -0.235649, 0.0, -0.971838, 1.483184, 0.0, 1.0, 0.0, 0.488165, 0.0, 0.0, 0.0, 1.0],
                [0.971838, 0.0, -0.235649, -5e-06, -0.235649, 0.0, -0.971838, 1.531646, 0.0, 1.0, 0.0, 0.488165, 0.0, 0.0, 0.0, 1.0],
                [0.971838, 0.0, -0.235649, -5e-06, -0.235649, 0.0, -0.971838, 1.595024, 0.0, 1.0, 0.0, 0.493217, 0.0, 0.0, 0.0, 1.0],
                [0.971838, 0.0, -0.235649, -5e-06, -0.235649, 0.0, -0.971838, 1.670472, 0.0, 1.0, 0.0, 0.506536, 0.0, 0.0, 0.0, 1.0],
                [0.971838, 0.0, -0.235649, -5e-06, -0.235649, 0.0, -0.971838, 1.753608, 0.0, 1.0, 0.0, 0.525365, 0.0, 0.0, 0.0, 1.0],
                [0.971838, 0.0, -0.235649, -5e-06, -0.235649, 0.0, -0.971838, 1.840048, 0.0, 1.0, 0.0, 0.54695, 0.0, 0.0, 0.0, 1.0],
                [0.971838, 0.0, -0.235649, -5e-06, -0.235649, 0.0, -0.971838, 1.925408, 0.0, 1.0, 0.0, 0.568535, 0.0, 0.0, 0.0, 1.0],
                [0.971838, 0.0, -0.235649, -5e-06, -0.235649, 0.0, -0.971838, 2.005305, 0.0, 1.0, 0.0, 0.587364, 0.0, 0.0, 0.0, 1.0],
                [0.971838, 0.0, -0.235649, -5e-06, -0.235649, 0.0, -0.971838, 2.075356, 0.0, 1.0, 0.0, 0.600683, 0.0, 0.0, 0.0, 1.0],
                [0.971838, 0.0, -0.235649, -5e-06, -0.235649, 0.0, -0.971838, 2.131176, 0.0, 1.0, 0.0, 0.605735, 0.0, 0.0, 0.0, 1.0],
                [0.971838, 0.0, -0.235649, -5e-06, -0.235649, 0.0, -0.971838, 2.188741, 0.0, 1.0, 0.0, 0.605735, 0.0, 0.0, 0.0, 1.0],
                [0.971838, 0.0, -0.235649, -5e-06, -0.235649, 0.0, -0.971838, 2.345451, 0.0, 1.0, 0.0, 0.605735, 0.0, 0.0, 0.0, 1.0],
                [0.971838, 0.0, -0.235649, -5e-06, -0.235649, 0.0, -0.971838, 2.606212, 0.0, 1.0, 0.0, 0.626182, 0.0, 0.0, 0.0, 1.0],
                [0.971838, 0.0, -0.235649, -5e-06, -0.235649, 0.0, -0.971838, 2.745977, 0.0, 1.0, 0.0, 0.625787, 0.0, 0.0, 0.0, 1.0],
                [0.971838, 0.0, -0.235649, -5e-06, -0.235649, 0.0, -0.971838, 2.816466, 0.0, 1.0, 0.0, 0.623019, 0.0, 0.0, 0.0, 1.0],
                [0.971838, 0.0, -0.235649, -5e-06, -0.235649, 0.0, -0.971838, 2.842747, 0.0, 1.0, 0.0, 0.615506, 0.0, 0.0, 0.0, 1.0],
                [0.971838, 0.0, -0.235649, -5e-06, -0.235649, 0.0, -0.971838, 2.84989, 0.0, 1.0, 0.0, 0.600876, 0.0, 0.0, 0.0, 1.0],
                [0.982332, 0.0, -0.187144, -5e-06, -0.187144, 0.0, -0.982332, 2.858203, 0.0, 1.0, 0.0, 0.563262, 0.0, 0.0, 0.0, 1.0],
                [0.998058, 0.0, -0.062292, -5e-06, -0.062292, 0.0, -0.998058, 2.868957, 0.0, 1.0, 0.0, 0.535138, 0.0, 0.0, 0.0, 1.0],
                [0.994354, 0.017985, 0.104579, -5e-06, 0.103868, 0.036731, -0.993913, 2.879107, -0.021717, 0.999163, 0.034655, 0.54541, 0.0, 0.0, 0.0, 1.0],
                [0.961176, 0.047263, 0.27186, -5e-06, 0.264617, 0.121426, -0.956678, 2.887381, -0.078226, 0.991475, 0.104205, 0.568007, 0.0, 0.0, 0.0, 1.0],
                [0.915664, 0.065549, 0.396564, -5e-06, 0.376294, 0.207013, -0.903077, 2.892953, -0.14129, 0.97614, 0.164888, 0.590604, 0.0, 0.0, 0.0, 1.0],
                [0.892928, 0.070824, 0.444594, -5e-06, 0.416423, 0.245365, -0.875436, 2.894994, -0.17109, 0.96684, 0.1896, 0.600876, 0.0, 0.0, 0.0, 1.0],
                [0.892928, 0.070824, 0.444594, -5e-06, 0.416423, 0.245365, -0.875436, 2.894994, -0.17109, 0.96684, 0.1896, 0.600876, 0.0, 0.0, 0.0, 1.0],
                [0.892928, 0.070824, 0.444594, -5e-06, 0.416423, 0.245365, -0.875436, 2.894994, -0.17109, 0.96684, 0.1896, 0.600876, 0.0, 0.0, 0.0, 1.0],
                [0.892928, 0.070824, 0.444594, -5e-06, 0.416423, 0.245365, -0.875436, 2.894994, -0.17109, 0.96684, 0.1896, 0.600876, 0.0, 0.0, 0.0, 1.0],
                [0.892928, 0.070824, 0.444594, -5e-06, 0.416423, 0.245365, -0.875436, 2.894994, -0.17109, 0.96684, 0.1896, 0.600876, 0.0, 0.0, 0.0, 1.0],
                [0.892928, 0.070824, 0.444594, -5e-06, 0.416423, 0.245365, -0.875436, 2.894994, -0.17109, 0.96684, 0.1896, 0.600876, 0.0, 0.0, 0.0, 1.0],
                [0.892928, 0.070824, 0.444594, -5e-06, 0.416423, 0.245365, -0.875436, 2.894994, -0.17109, 0.96684, 0.1896, 0.600876, 0.0, 0.0, 0.0, 1.0],
                [0.892928, 0.070824, 0.444594, -5e-06, 0.416423, 0.245365, -0.875436, 2.894994, -0.17109, 0.96684, 0.1896, 0.600876, 0.0, 0.0, 0.0, 1.0],
                [0.892928, 0.070824, 0.444594, -5e-06, 0.416423, 0.245365, -0.875436, 2.894994, -0.17109, 0.96684, 0.1896, 0.600876, 0.0, 0.0, 0.0, 1.0],
                [0.892928, 0.070824, 0.444594, -5e-06, 0.416423, 0.245365, -0.875436, 2.894994, -0.17109, 0.96684, 0.1896, 0.600876, 0.0, 0.0, 0.0, 1.0],
                [0.892928, 0.070824, 0.444594, -5e-06, 0.416423, 0.245365, -0.875436, 2.894994, -0.17109, 0.96684, 0.1896, 0.600876, 0.0, 0.0, 0.0, 1.0],
                [0.892928, 0.070824, 0.444594, -5e-06, 0.416423, 0.245365, -0.875436, 2.894994, -0.17109, 0.96684, 0.1896, 0.600876, 0.0, 0.0, 0.0, 1.0],
                [0.892928, 0.070824, 0.444594, -5e-06, 0.416423, 0.245365, -0.875436, 2.894994, -0.17109, 0.96684, 0.1896, 0.600876, 0.0, 0.0, 0.0, 1.0],
                [0.892928, 0.070824, 0.444594, -5e-06, 0.416423, 0.245365, -0.875436, 2.894994, -0.17109, 0.96684, 0.1896, 0.600876, 0.0, 0.0, 0.0, 1.0],
                [0.892928, 0.070824, 0.444594, -5e-06, 0.416423, 0.245365, -0.875436, 2.894994, -0.17109, 0.96684, 0.1896, 0.600876, 0.0, 0.0, 0.0, 1.0],
                [0.892928, 0.070824, 0.444594, -5e-06, 0.416423, 0.245365, -0.875436, 2.894994, -0.17109, 0.96684, 0.1896, 0.600876, 0.0, 0.0, 0.0, 1.0],
                [0.892928, 0.070824, 0.444594, -5e-06, 0.416423, 0.245365, -0.875436, 2.894994, -0.17109, 0.96684, 0.1896, 0.600876, 0.0, 0.0, 0.0, 1.0],
                [0.892928, 0.070824, 0.444594, -5e-06, 0.416423, 0.245365, -0.875436, 2.894994, -0.17109, 0.96684, 0.1896, 0.600876, 0.0, 0.0, 0.0, 1.0],
                [0.892928, 0.070824, 0.444594, -5e-06, 0.416423, 0.245365, -0.875436, 2.894994, -0.17109, 0.96684, 0.1896, 0.600876, 0.0, 0.0, 0.0, 1.0],
                [0.892928, 0.070824, 0.444594, -5e-06, 0.416423, 0.245365, -0.875436, 2.894994, -0.17109, 0.96684, 0.1896, 0.600876, 0.0, 0.0, 0.0, 1.0],
                [0.892928, 0.070824, 0.444594, -5e-06, 0.416423, 0.245365, -0.875436, 2.894994, -0.17109, 0.96684, 0.1896, 0.600876, 0.0, 0.0, 0.0, 1.0],
                [0.892928, 0.070824, 0.444594, -5e-06, 0.416423, 0.245365, -0.875436, 2.894994, -0.17109, 0.96684, 0.1896, 0.600876, 0.0, 0.0, 0.0, 1.0],
                [0.892928, 0.070824, 0.444594, -5e-06, 0.416423, 0.245365, -0.875436, 2.894994, -0.17109, 0.96684, 0.1896, 0.600876, 0.0, 0.0, 0.0, 1.0],
                [0.892928, 0.070824, 0.444594, -5e-06, 0.416423, 0.245365, -0.875436, 2.894994, -0.17109, 0.96684, 0.1896, 0.600876, 0.0, 0.0, 0.0, 1.0],
                [0.892928, 0.070824, 0.444594, -5e-06, 0.416423, 0.245365, -0.875436, 2.894994, -0.17109, 0.96684, 0.1896, 0.600876, 0.0, 0.0, 0.0, 1.0],
                [0.892928, 0.070824, 0.444594, -5e-06, 0.416423, 0.245365, -0.875436, 2.894994, -0.17109, 0.96684, 0.1896, 0.600876, 0.0, 0.0, 0.0, 1.0],
                [0.893466, 0.070851, 0.443508, -5e-06, 0.415434, 0.244905, -0.876034, 2.89586, -0.170685, 0.966955, 0.18938, 0.601138, 0.0, 0.0, 0.0, 1.0],
                [0.895036, 0.070925, 0.440319, -5e-06, 0.41253, 0.243555, -0.877781, 2.898402, -0.169499, 0.96729, 0.188731, 0.601907, 0.0, 0.0, 0.0, 1.0],
                [0.897565, 0.071036, 0.435122, -5e-06, 0.407794, 0.241359, -0.880596, 2.90253, -0.167575, 0.967833, 0.187667, 0.603155, 0.0, 0.0, 0.0, 1.0],
                [0.900969, 0.071166, 0.428007, -5e-06, 0.401303, 0.23836, -0.884387, 2.908157, -0.164958, 0.968566, 0.186195, 0.604857, 0.0, 0.0, 0.0, 1.0],
                [0.905156, 0.071294, 0.419059, -5e-06, 0.393126, 0.234599, -0.889053, 2.915194, -0.161695, 0.969474, 0.184321, 0.606985, 0.0, 0.0, 0.0, 1.0],
                [0.910026, 0.071397, 0.408356, -5e-06, 0.383329, 0.230118, -0.894486, 2.923553, -0.157834, 0.97054, 0.182045, 0.609512, 0.0, 0.0, 0.0, 1.0],
                [0.915475, 0.071449, 0.39598, -5e-06, 0.371976, 0.224959, -0.90057, 2.933146, -0.153424, 0.971745, 0.179367, 0.612414, 0.0, 0.0, 0.0, 1.0],
                [0.921394, 0.071422, 0.382011, -5e-06, 0.359132, 0.219165, -0.907188, 2.943885, -0.148516, 0.97307, 0.176287, 0.615661, 0.0, 0.0, 0.0, 1.0],
                [0.927671, 0.071287, 0.36653, -5e-06, 0.344863, 0.212778, -0.914218, 2.955682, -0.143161, 0.974496, 0.172804, 0.619229, 0.0, 0.0, 0.0, 1.0],
                [0.934194, 0.071018, 0.349625, -5e-06, 0.329239, 0.205845, -0.921536, 2.968449, -0.137414, 0.976004, 0.168918, 0.623089, 0.0, 0.0, 0.0, 1.0],
                [0.940851, 0.070586, 0.331386, -5e-06, 0.312334, 0.198413, -0.929021, 2.982097, -0.131327, 0.977574, 0.164631, 0.627216, 0.0, 0.0, 0.0, 1.0],
                [0.947531, 0.069967, 0.311912, -5e-06, 0.294228, 0.19053, -0.936551, 2.996538, -0.124957, 0.979185, 0.159947, 0.631584, 0.0, 0.0, 0.0, 1.0],
                [0.954128, 0.069139, 0.291306, -5e-06, 0.275011, 0.182247, -0.94401, 3.011684, -0.118357, 0.980819, 0.154874, 0.636164, 0.0, 0.0, 0.0, 1.0],
                [0.96054, 0.06808, 0.269681, -5e-06, 0.254778, 0.173618, -0.951286, 3.027448, -0.111585, 0.982457, 0.149422, 0.640931, 0.0, 0.0, 0.0, 1.0],
                [0.966672, 0.066775, 0.247156, -5e-06, 0.233632, 0.164698, -0.958275, 3.04374, -0.104695, 0.984081, 0.143608, 0.645858, 0.0, 0.0, 0.0, 1.0],
                [0.972438, 0.065212, 0.223856, -5e-06, 0.211686, 0.155542, -0.964881, 3.060473, -0.097741, 0.985674, 0.137451, 0.650918, 0.0, 0.0, 0.0, 1.0],
                [0.977761, 0.063384, 0.199916, -5e-06, 0.189059, 0.146209, -0.97102, 3.077559, -0.090777, 0.987221, 0.130974, 0.656085, 0.0, 0.0, 0.0, 1.0],
                [0.982575, 0.061288, 0.175474, -5e-06, 0.16588, 0.136758, -0.976617, 3.094909, -0.083853, 0.988707, 0.124208, 0.661332, 0.0, 0.0, 0.0, 1.0],
                [0.986826, 0.058928, 0.150675, -5e-06, 0.14228, 0.127247, -0.981613, 3.112436, -0.077017, 0.990119, 0.117186, 0.666632, 0.0, 0.0, 0.0, 1.0],
                [0.990473, 0.056312, 0.125667, -5e-06, 0.118401, 0.117735, -0.985961, 3.13005, -0.070317, 0.991447, 0.109946, 0.671958, 0.0, 0.0, 0.0, 1.0],
                [0.99349, 0.053453, 0.100602, -5e-06, 0.094385, 0.10828, -0.98963, 3.147665, -0.063792, 0.992682, 0.10253, 0.677285, 0.0, 0.0, 0.0, 1.0],
                [0.995863, 0.050372, 0.075632, -5e-06, 0.07038, 0.098939, -0.992602, 3.165191, -0.057482, 0.993818, 0.094985, 0.682585, 0.0, 0.0, 0.0, 1.0],
                [0.997592, 0.047092, 0.050909, -5e-06, 0.046532, 0.089768, -0.994875, 3.182541, -0.051421, 0.994849, 0.087361, 0.687832, 0.0, 0.0, 0.0, 1.0],
                [0.998693, 0.043643, 0.026584, -5e-06, 0.022992, 0.080819, -0.996464, 3.199627, -0.045638, 0.995773, 0.07971, 0.692999, 0.0, 0.0, 0.0, 1.0],
                [0.999193, 0.040059, 0.002804, -5e-06, -9.3e-05, 0.072142, -0.997394, 3.21636, -0.040157, 0.99659, 0.072087, 0.698059, 0.0, 0.0, 0.0, 1.0],
                [0.999132, 0.036376, -0.020286, -5e-06, -0.022579, 0.063784, -0.997708, 3.232652, -0.034999, 0.9973, 0.06455, 0.702986, 0.0, 0.0, 0.0, 1.0],
                [0.998561, 0.032637, -0.042547, -5e-06, -0.044323, 0.05579, -0.997458, 3.248416, -0.03018, 0.997909, 0.057156, 0.707753, 0.0, 0.0, 0.0, 1.0],
                [0.997542, 0.028884, -0.063846, -5e-06, -0.065189, 0.0482, -0.996708, 3.263562, -0.025712, 0.99842, 0.049964, 0.712333, 0.0, 0.0, 0.0, 1.0],
                [0.996143, 0.025164, -0.084057, -5e-06, -0.085042, 0.041051, -0.995531, 3.278003, -0.021601, 0.99884, 0.043033, 0.7167, 0.0, 0.0, 0.0, 1.0],
                [0.994443, 0.021524, -0.103057, -5e-06, -0.103756, 0.034378, -0.994008, 3.291651, -0.017852, 0.999177, 0.03642, 0.720828, 0.0, 0.0, 0.0, 1.0],
                [0.992522, 0.018013, -0.120731, -5e-06, -0.121207, 0.028213, -0.992226, 3.304418, -0.014466, 0.99944, 0.030185, 0.724688, 0.0, 0.0, 0.0, 1.0],
                [0.990466, 0.014679, -0.136971, -5e-06, -0.13728, 0.022584, -0.990275, 3.316215, -0.011443, 0.999637, 0.024383, 0.728256, 0.0, 0.0, 0.0, 1.0],
                [0.988363, 0.011572, -0.151672, -5e-06, -0.151859, 0.017518, -0.988247, 3.326954, -0.008779, 0.99978, 0.019072, 0.731503, 0.0, 0.0, 0.0, 1.0],
                [0.986299, 0.008739, -0.164733, -5e-06, -0.164837, 0.013042, -0.986235, 3.336547, -0.00647, 0.999877, 0.014304, 0.734405, 0.0, 0.0, 0.0, 1.0],
                [0.984361, 0.006228, -0.176055, -5e-06, -0.176108, 0.00918, -0.984328, 3.344906, -0.004514, 0.999938, 0.010134, 0.736932, 0.0, 0.0, 0.0, 1.0],
                [0.982628, 0.004084, -0.185544, -5e-06, -0.185566, 0.005958, -0.982614, 3.351943, -0.002907, 0.999974, 0.006612, 0.73906, 0.0, 0.0, 0.0, 1.0],
                [0.981176, 0.002349, -0.193101, -5e-06, -0.193108, 0.0034, -0.981172, 3.35757, -0.001649, 0.999991, 0.003789, 0.740762, 0.0, 0.0, 0.0, 1.0],
                [0.980074, 0.001066, -0.198628, -5e-06, -0.198629, 0.001534, -0.980074, 3.361698, -0.00074, 0.999998, 0.001715, 0.74201, 0.0, 0.0, 0.0, 1.0],
                [0.979381, 0.000272, -0.202023, -5e-06, -0.202023, 0.000389, -0.979381, 3.36424, -0.000187, 1.0, 0.000436, 0.742779, 0.0, 0.0, 0.0, 1.0],
                [0.979141, -0.0, -0.20318, -5e-06, -0.20318, -0.0, -0.979141, 3.365106, 0.0, 1.0, -0.0, 0.743041, 0.0, 0.0, 0.0, 1.0]
            ]
        },
        {
            "name": "Thigh_R",
            "time": [0.0, 0.0111, 0.0222, 0.0333, 0.0444, 0.0556, 0.0667, 0.0778, 0.0889, 0.1, 0.1111, 0.1222, 0.1333, 0.1444, 0.1556, 0.1667, 0.1778, 0.1889, 0.2, 0.2111, 0.2222, 0.2333, 0.2444, 0.2556, 0.2667, 0.2778, 0.2889, 0.3, 0.3111, 0.3222, 0.3333, 0.3444, 0.3556, 0.3667, 0.3778, 0.3889, 0.4, 0.4111, 0.4222, 0.4333, 0.4444, 0.4556, 0.4667, 0.4778, 0.4889, 0.5, 0.5111, 0.5222, 0.5333, 0.5444, 0.5556, 0.5667, 0.5778, 0.5889, 0.6, 0.6111, 0.6222, 0.6333, 0.6444, 0.6556, 0.6667, 0.6778, 0.6889, 0.7, 0.7111, 0.7222, 0.7333, 0.7444, 0.7556, 0.7667, 0.7778, 0.7889, 0.8, 0.8111, 0.8222, 0.8333, 0.8444, 0.8556, 0.8667, 0.8778, 0.8889, 0.9, 0.9111, 0.9222, 0.9333, 0.9444, 0.9556, 0.9667, 0.9778, 0.9889, 1.0, 1.0111, 1.0222, 1.0333, 1.0444, 1.0556, 1.0667, 1.0778, 1.0889, 1.1, 1.1111],
            "transform": [
                [0.911817, 0.33755, 0.233772, 0.124994, -0.003339, -0.56323, 0.826293, -0.002831, 0.410583, -0.754207, -0.512437, -1.2e-05, 0.0, 0.0, 0.0, 1.0],
                [0.911817, 0.33755, 0.233772, 0.124994, -0.003339, -0.56323, 0.826293, -0.002831, 0.410583, -0.754207, -0.512437, -1.2e-05, 0.0, 0.0, 0.0, 1.0],
                [0.911817, 0.33755, 0.233772, 0.124994, -0.003339, -0.56323, 0.826293, -0.002831, 0.410583, -0.754207, -0.512437, -1.2e-05, 0.0, 0.0, 0.0, 1.0],
                [0.912903, 0.299982, 0.276798, 0.124994, -0.002171, -0.674557, 0.738219, -0.002831, 0.408169, -0.674522, -0.615155, -1.2e-05, 0.0, 0.0, 0.0, 1.0],
                [0.921592, 0.081136, 0.379586, 0.124994, 0.048526, -0.994319, 0.094719, -0.002831, 0.385115, -0.068872, -0.920295, -1.2e-05, 0.0, 0.0, 0.0, 1.0],
                [0.941971, -0.045334, 0.332618, 0.124994, 0.114601, -0.887884, -0.445563, -0.002831, 0.315526, 0.457825, -0.831168, -1.2e-05, 0.0, 0.0, 0.0, 1.0],
                [0.967223, 0.056709, 0.247513, 0.124994, 0.135532, -0.93958, -0.314353, -0.002831, 0.214731, 0.337595, -0.916472, -1.2e-05, 0.0, 0.0, 0.0, 1.0],
                [0.980757, 0.132072, 0.143779, 0.124994, 0.159507, -0.966715, -0.200038, -0.002831, 0.112574, 0.219123, -0.969181, -1.2e-05, 0.0, 0.0, 0.0, 1.0],
                [0.98254, 0.181119, 0.042552, 0.124994, 0.184899, -0.975985, -0.115164, -0.002831, 0.020672, 0.12102, -0.992435, -1.2e-05, 0.0, 0.0, 0.0, 1.0],
                [0.978465, 0.199902, -0.051423, 0.124994, 0.201872, -0.978732, 0.036438, -0.002831, -0.043045, -0.046034, -0.998012, -1.2e-05, 0.0, 0.0, 0.0, 1.0],
                [0.976785, 0.184128, -0.109484, 0.124994, 0.20557, -0.949439, 0.237282, -0.002831, -0.060258, -0.25428, -0.965252, -1.2e-05, 0.0, 0.0, 0.0, 1.0],
                [0.979643, 0.146202, -0.137567, 0.124994, 0.194581, -0.860095, 0.471564, -0.002831, -0.049377, -0.488731, -0.871036, -1.2e-05, 0.0, 0.0, 0.0, 1.0],
                [0.983987, 0.094594, -0.151066, 0.124994, 0.173617, -0.700422, 0.69229, -0.002831, -0.040324, -0.707431, -0.70563, -1.2e-05, 0.0, 0.0, 0.0, 1.0],
                [0.98834, 0.049569, -0.143967, 0.124994, 0.148804, -0.514798, 0.844299, -0.002831, -0.032263, -0.855875, -0.516172, -1.2e-05, 0.0, 0.0, 0.0, 1.0],
                [0.991623, 0.024747, -0.126771, 0.124994, 0.126877, -0.370475, 0.920136, -0.002831, -0.024195, -0.928511, -0.370512, -1.2e-05, 0.0, 0.0, 0.0, 1.0],
                [0.993348, 0.018025, -0.113732, 0.124994, 0.114091, -0.28777, 0.95088, -0.002831, -0.015589, -0.957528, -0.287912, -1.2e-05, 0.0, 0.0, 0.0, 1.0],
                [0.993783, 0.020662, -0.109398, 0.124994, 0.111139, -0.241971, 0.963898, -0.002831, -0.006555, -0.970062, -0.242764, -1.2e-05, 0.0, 0.0, 0.0, 1.0],
                [0.993152, 0.027982, -0.113428, 0.124994, 0.116797, -0.215119, 0.969579, -0.002831, 0.00273, -0.976185, -0.216915, -1.2e-05, 0.0, 0.0, 0.0, 1.0],
                [0.991464, 0.03778, -0.12479, 0.124994, 0.129856, -0.200059, 0.971141, -0.002831, 0.011724, -0.979054, -0.203258, -1.2e-05, 0.0, 0.0, 0.0, 1.0],
                [0.988685, 0.049002, -0.141778, 0.124994, 0.148709, -0.196089, 0.969245, -0.002831, 0.019694, -0.979359, -0.201157, -1.2e-05, 0.0, 0.0, 0.0, 1.0],
                [0.984941, 0.061214, -0.161691, 0.124994, 0.170935, -0.204531, 0.96382, -0.002831, 0.025928, -0.976943, -0.211915, -1.2e-05, 0.0, 0.0, 0.0, 1.0],
                [0.980718, 0.074083, -0.180842, 0.124994, 0.193115, -0.225413, 0.954933, -0.002831, 0.029981, -0.971441, -0.235373, -1.2e-05, 0.0, 0.0, 0.0, 1.0],
                [0.976951, 0.086576, -0.195116, 0.124994, 0.211078, -0.255615, 0.943455, -0.002831, 0.031806, -0.962893, -0.267999, -1.2e-05, 0.0, 0.0, 0.0, 1.0],
                [0.973813, 0.097221, -0.205515, 0.124994, 0.225202, -0.28849, 0.930622, -0.002831, 0.031187, -0.952532, -0.302831, -1.2e-05, 0.0, 0.0, 0.0, 1.0],
                [0.969781, 0.110905, -0.217313, 0.124994, 0.242229, -0.33125, 0.91192, -0.002831, 0.029152, -0.937001, -0.348105, -1.2e-05, 0.0, 0.0, 0.0, 1.0],
                [0.969781, 0.110905, -0.217313, 0.124994, 0.242229, -0.33125, 0.91192, -0.002831, 0.029152, -0.937001, -0.348105, -1.2e-05, 0.0, 0.0, 0.0, 1.0],
                [0.981598, 0.089861, -0.168491, 0.124994, 0.188112, -0.303323, 0.934136, -0.002831, 0.032835, -0.94864, -0.314646, -1.2e-05, 0.0, 0.0, 0.0, 1.0],
                [0.989751, 0.08926, -0.111468, 0.124994, 0.138227, -0.402842, 0.904772, -0.002831, 0.035856, -0.910905, -0.411052, -1.2e-05, 0.0, 0.0, 0.0, 1.0],
                [0.9935, 0.089455, -0.070396, 0.124994, 0.107164, -0.526436, 0.843434, -0.002831, 0.038391, -0.845494, -0.532601, -1.2e-05, 0.0, 0.0, 0.0, 1.0],
                [0.994619, 0.087753, -0.055075, 0.124994, 0.095038, -0.561127, 0.822255, -0.002831, 0.041251, -0.823063, -0.566449, -1.2e-05, 0.0, 0.0, 0.0, 1.0],
                [0.99036, 0.133408, -0.03727, 0.124994, 0.096012, -0.467208, 0.878919, -0.002831, 0.099842, -0.874023, -0.475514, -1.2e-05, 0.0, 0.0, 0.0, 1.0],
                [0.966857, 0.25522, 0.006987, 0.124994, 0.10021, -0.404514, 0.909025, -0.002831, 0.234829, -0.878196, -0.416683, -1.2e-05, 0.0, 0.0, 0.0, 1.0],
                [0.908318, 0.412556, 0.068953, 0.124994, 0.109017, -0.392649, 0.913205, -0.002831, 0.403822, -0.821962, -0.401626, -1.2e-05, 0.0, 0.0, 0.0, 1.0],
                [0.815668, 0.566819, 0.115756, 0.124994, 0.111501, -0.350367, 0.929952, -0.002831, 0.567672, -0.745624, -0.348985, -1.2e-05, 0.0, 0.0, 0.0, 1.0],
                [0.724183, 0.675071, 0.140838, 0.124994, 0.097834, -0.302737, 0.948039, -0.002831, 0.682632, -0.672774, -0.285282, -1.2e-05, 0.0, 0.0, 0.0, 1.0],
                [0.684933, 0.713436, 0.147897, 0.124994, 0.081429, -0.276669, 0.95751, -0.002831, 0.724041, -0.643786, -0.247594, -1.1e-05, 0.0, 0.0, 0.0, 1.0],
                [0.686714, 0.71149, 0.149008, 0.124994, 0.072422, -0.270926, 0.959873, -0.002831, 0.723311, -0.648365, -0.237576, -1.1e-05, 0.0, 0.0, 0.0, 1.0],
                [0.687388, 0.710684, 0.14975, 0.124994, 0.068934, -0.269094, 0.960644, -0.002831, 0.723012, -0.650011, -0.233963, -1.1e-05, 0.0, 0.0, 0.0, 1.0],
                [0.687388, 0.710684, 0.14975, 0.124994, 0.068934, -0.269094, 0.960644, -0.002831, 0.723012, -0.650011, -0.233963, -1.1e-05, 0.0, 0.0, 0.0, 1.0],
                [0.687388, 0.710684, 0.14975, 0.124994, 0.068934, -0.269094, 0.960644, -0.002831, 0.723012, -0.650011, -0.233963, -1.1e-05, 0.0, 0.0, 0.0, 1.0],
                [0.687388, 0.710684, 0.14975, 0.124994, 0.068934, -0.269094, 0.960644, -0.002831, 0.723012, -0.650011, -0.233963, -1.1e-05, 0.0, 0.0, 0.0, 1.0],
                [0.687388, 0.710684, 0.14975, 0.124994, 0.068934, -0.269094, 0.960644, -0.002831, 0.723012, -0.650011, -0.233963, -1.1e-05, 0.0, 0.0, 0.0, 1.0],
                [0.687388, 0.710684, 0.14975, 0.124994, 0.068934, -0.269094, 0.960644, -0.002831, 0.723012, -0.650011, -0.233963, -1.1e-05, 0.0, 0.0, 0.0, 1.0],
                [0.687388, 0.710684, 0.14975, 0.124994, 0.068934, -0.269094, 0.960644, -0.002831, 0.723012, -0.650011, -0.233963, -1.1e-05, 0.0, 0.0, 0.0, 1.0],
                [0.687388, 0.710684, 0.14975, 0.124994, 0.068934, -0.269094, 0.960644, -0.002831, 0.723012, -0.650011, -0.233963, -1.1e-05, 0.0, 0.0, 0.0, 1.0],
                [0.687388, 0.710684, 0.14975, 0.124994, 0.068934, -0.269094, 0.960644, -0.002831, 0.723012, -0.650011, -0.233963, -1.1e-05, 0.0, 0.0, 0.0, 1.0],
                [0.687388, 0.710684, 0.14975, 0.124994, 0.068934, -0.269094, 0.960644, -0.002831, 0.723012, -0.650011, -0.233963, -1.1e-05, 0.0, 0.0, 0.0, 1.0],
                [0.687388, 0.710684, 0.14975, 0.124994, 0.068934, -0.269094, 0.960644, -0.002831, 0.723012, -0.650011, -0.233963, -1.1e-05, 0.0, 0.0, 0.0, 1.0],
                [0.687388, 0.710684, 0.14975, 0.124994, 0.068934, -0.269094, 0.960644, -0.002831, 0.723012, -0.650011, -0.233963, -1.1e-05, 0.0, 0.0, 0.0, 1.0],
                [0.687388, 0.710684, 0.14975, 0.124994, 0.068934, -0.269094, 0.960644, -0.002831, 0.723012, -0.650011, -0.233963, -1.1e-05, 0.0, 0.0, 0.0, 1.0],
                [0.687388, 0.710684, 0.14975, 0.124994, 0.068934, -0.269094, 0.960644, -0.002831, 0.723012, -0.650011, -0.233963, -1.1e-05, 0.0, 0.0, 0.0, 1.0],
                [0.687388, 0.710684, 0.14975, 0.124994, 0.068934, -0.269094, 0.960644, -0.002831, 0.723012, -0.650011, -0.233963, -1.1e-05, 0.0, 0.0, 0.0, 1.0],
                [0.687388, 0.710684, 0.14975, 0.124994, 0.068934, -0.269094, 0.960644, -0.002831, 0.723012, -0.650011, -0.233963, -1.1e-05, 0.0, 0.0, 0.0, 1.0],
                [0.687388, 0.710684, 0.14975, 0.124994, 0.068934, -0.269094, 0.960644, -0.002831, 0.723012, -0.650011, -0.233963, -1.1e-05, 0.0, 0.0, 0.0, 1.0],
                [0.687388, 0.710684, 0.14975, 0.124994, 0.068934, -0.269094, 0.960644, -0.002831, 0.723012, -0.650011, -0.233963, -1.1e-05, 0.0, 0.0, 0.0, 1.0],
                [0.687388, 0.710684, 0.14975, 0.124994, 0.068934, -0.269094, 0.960644, -0.002831, 0.723012, -0.650011, -0.233963, -1.1e-05, 0.0, 0.0, 0.0, 1.0],
                [0.687388, 0.710684, 0.14975, 0.124994, 0.068934, -0.269094, 0.960644, -0.002831, 0.723012, -0.650011, -0.233963, -1.1e-05, 0.0, 0.0, 0.0, 1.0],
                [0.687388, 0.710684, 0.14975, 0.124994, 0.068934, -0.269094, 0.960644, -0.002831, 0.723012, -0.650011, -0.233963, -1.1e-05, 0.0, 0.0, 0.0, 1.0],
                [0.687388, 0.710684, 0.14975, 0.124994, 0.068934, -0.269094, 0.960644, -0.002831, 0.723012, -0.650011, -0.233963, -1.1e-05, 0.0, 0.0, 0.0, 1.0],
                [0.687388, 0.710684, 0.14975, 0.124994, 0.068934, -0.269094, 0.960644, -0.002831, 0.723012, -0.650011, -0.233963, -1.1e-05, 0.0, 0.0, 0.0, 1.0],
                [0.687388, 0.710684, 0.14975, 0.124994, 0.068934, -0.269094, 0.960644, -0.002831, 0.723012, -0.650011, -0.233963, -1.1e-05, 0.0, 0.0, 0.0, 1.0],
                [0.68804, 0.709848, 0.150714, 0.124994, 0.068849, -0.270606, 0.960225, -0.002831, 0.722398, -0.650296, -0.235061, -1.2e-05, 0.0, 0.0, 0.0, 1.0],
                [0.689946, 0.707389, 0.153538, 0.124994, 0.068602, -0.275055, 0.958978, -0.002831, 0.720602, -0.651109, -0.238302, -1.2e-05, 0.0, 0.0, 0.0, 1.0],
                [0.693016, 0.703364, 0.158131, 0.124994, 0.068208, -0.282332, 0.956889, -0.002831, 0.717688, -0.652352, -0.243636, -1.2e-05, 0.0, 0.0, 0.0, 1.0],
                [0.697149, 0.697821, 0.164397, 0.124994, 0.067686, -0.292349, 0.953914, -0.002831, 0.713723, -0.653892, -0.251044, -1.1e-05, 0.0, 0.0, 0.0, 1.0],
                [0.702236, 0.690795, 0.172234, 0.124994, 0.067059, -0.305024, 0.949981, -0.002831, 0.708778, -0.65556, -0.260524, -1.2e-05, 0.0, 0.0, 0.0, 1.0],
                [0.708161, 0.682314, 0.181532, 0.124994, 0.066355, -0.320286, 0.944994, -0.002831, 0.702926, -0.657161, -0.272089, -1.2e-05, 0.0, 0.0, 0.0, 1.0],
                [0.7148, 0.672407, 0.19217, 0.124994, 0.065603, -0.338052, 0.938838, -0.002831, 0.696245, -0.658473, -0.285753, -1.1e-05, 0.0, 0.0, 0.0, 1.0],
                [0.72203, 0.661099, 0.204006, 0.124994, 0.064841, -0.358227, 0.93138, -0.002831, 0.688816, -0.659255, -0.301518, -1.2e-05, 0.0, 0.0, 0.0, 1.0],
                [0.729727, 0.648426, 0.216888, 0.124994, 0.064107, -0.380696, 0.922475, -0.002831, 0.680727, -0.65925, -0.319373, -1.2e-05, 0.0, 0.0, 0.0, 1.0],
                [0.737767, 0.63443, 0.230642, 0.124994, 0.063444, -0.405317, 0.911971, -0.002831, 0.672067, -0.658188, -0.339282, -1.2e-05, 0.0, 0.0, 0.0, 1.0],
                [0.746034, 0.619166, 0.245082, 0.124994, 0.062902, -0.43192, 0.899716, -0.002831, 0.66293, -0.655801, -0.361175, -1.2e-05, 0.0, 0.0, 0.0, 1.0],
                [0.754412, 0.602707, 0.26001, 0.124994, 0.062531, -0.460301, 0.885558, -0.00283, 0.653415, -0.651815, -0.384945, -1.2e-05, 0.0, 0.0, 0.0, 1.0],
                [0.762796, 0.585145, 0.27522, 0.124994, 0.062386, -0.490224, 0.86936, -0.002831, 0.643622, -0.645974, -0.410447, -1.2e-05, 0.0, 0.0, 0.0, 1.0],
                [0.771089, 0.56659, 0.29051, 0.124994, 0.062523, -0.521425, 0.851003, -0.002831, 0.63365, -0.638034, -0.437491, -1.2e-05, 0.0, 0.0, 0.0, 1.0],
                [0.779203, 0.547176, 0.30568, 0.124994, 0.062999, -0.553609, 0.83039, -0.002831, 0.623597, -0.627783, -0.465846, -1.2e-05, 0.0, 0.0, 0.0, 1.0],
                [0.78706, 0.527054, 0.320545, 0.124994, 0.063871, -0.586459, 0.807457, -0.002831, 0.61356, -0.615042, -0.495243, -1.2e-05, 0.0, 0.0, 0.0, 1.0],
                [0.794595, 0.50639, 0.334942, 0.124994, 0.065193, -0.619645, 0.782169, -0.002831, 0.603629, -0.599671, -0.525381, -1.2e-05, 0.0, 0.0, 0.0, 1.0],
                [0.801753, 0.485364, 0.348731, 0.124994, 0.067013, -0.652824, 0.754538, -0.002831, 0.593887, -0.581583, -0.555931, -1.2e-05, 0.0, 0.0, 0.0, 1.0],
                [0.808489, 0.464157, 0.361805, 0.124994, 0.069373, -0.685659, 0.724609, -0.002831, 0.584407, -0.560738, -0.586549, -1.2e-05, 0.0, 0.0, 0.0, 1.0],
                [0.814772, 0.442952, 0.374085, 0.124994, 0.072308, -0.717812, 0.69247, -0.002831, 0.575255, -0.537155, -0.616883, -1.1e-05, 0.0, 0.0, 0.0, 1.0],
                [0.820577, 0.421921, 0.385533, 0.124994, 0.075837, -0.74897, 0.658249, -0.002831, 0.566482, -0.510905, -0.646586, -1.2e-05, 0.0, 0.0, 0.0, 1.0],
                [0.825891, 0.401221, 0.396137, 0.124994, 0.07997, -0.778835, 0.622108, -0.002831, 0.558129, -0.482114, -0.67532, -1.3e-05, 0.0, 0.0, 0.0, 1.0],
                [0.830709, 0.380989, 0.405918, 0.124994, 0.084699, -0.807146, 0.584243, -0.002831, 0.550225, -0.450955, -0.702774, -1.2e-05, 0.0, 0.0, 0.0, 1.0],
                [0.835033, 0.361331, 0.41492, 0.124994, 0.09, -0.833672, 0.544876, -0.002831, 0.542788, -0.417646, -0.728666, -1.2e-05, 0.0, 0.0, 0.0, 1.0],
                [0.838874, 0.342323, 0.423206, 0.124994, 0.09583, -0.858223, 0.50425, -0.002831, 0.535822, -0.382445, -0.752748, -1.2e-05, 0.0, 0.0, 0.0, 1.0],
                [0.842246, 0.324012, 0.430856, 0.124994, 0.102131, -0.880651, 0.462623, -0.002831, 0.52933, -0.345638, -0.774819, -1.2e-05, 0.0, 0.0, 0.0, 1.0],
                [0.84517, 0.306409, 0.437951, 0.124994, 0.108824, -0.900851, 0.420265, -0.002831, 0.523302, -0.307535, -0.794719, -1.2e-05, 0.0, 0.0, 0.0, 1.0],
                [0.847671, 0.289496, 0.444573, 0.124994, 0.115814, -0.918757, 0.377452, -0.002831, 0.517726, -0.268467, -0.812334, -1.2e-05, 0.0, 0.0, 0.0, 1.0],
                [0.849779, 0.273228, 0.450801, 0.124994, 0.122995, -0.934349, 0.334454, -0.002831, 0.512589, -0.228765, -0.827598, -1.2e-05, 0.0, 0.0, 0.0, 1.0],
                [0.851525, 0.257542, 0.456702, 0.124994, 0.130245, -0.947645, 0.291551, -0.002831, 0.507878, -0.188779, -0.840489, -1.2e-05, 0.0, 0.0, 0.0, 1.0],
                [0.852945, 0.242361, 0.462326, 0.124994, 0.137433, -0.958696, 0.249021, -0.002831, 0.503583, -0.148863, -0.851025, -1.2e-05, 0.0, 0.0, 0.0, 1.0],
                [0.854076, 0.227607, 0.467706, 0.124994, 0.144421, -0.967589, 0.207148, -0.002831, 0.499697, -0.109373, -0.859268, -1.2e-05, 0.0, 0.0, 0.0, 1.0],
                [0.854955, 0.213215, 0.472854, 0.124994, 0.151069, -0.974442, 0.166243, -0.002831, 0.496215, -0.070697, -0.865317, -1.1e-05, 0.0, 0.0, 0.0, 1.0],
                [0.855621, 0.199148, 0.477758, 0.124994, 0.157235, -0.979403, 0.126662, -0.002831, 0.493143, -0.033254, -0.869313, -1.2e-05, 0.0, 0.0, 0.0, 1.0],
                [0.856108, 0.18544, 0.48238, 0.124994, 0.16278, -0.982651, 0.088864, -0.002831, 0.49049, 0.002445, -0.871444, -1.2e-05, 0.0, 0.0, 0.0, 1.0],
                [0.856453, 0.172247, 0.48664, 0.124994, 0.167571, -0.984404, 0.05352, -0.002831, 0.48827, 0.035709, -0.871962, -1.2e-05, 0.0, 0.0, 0.0, 1.0],
                [0.856686, 0.15986, 0.490442, 0.124994, 0.171481, -0.984951, 0.021511, -0.002831, 0.486501, 0.065673, -0.871208, -1.1e-05, 0.0, 0.0, 0.0, 1.0],
                [0.856832, 0.149066, 0.493576, 0.124994, 0.174394, -0.984659, -0.005361, -0.002831, 0.485206, 0.09067, -0.869687, -1.2e-05, 0.0, 0.0, 0.0, 1.0],
                [0.856912, 0.141222, 0.495739, 0.124994, 0.176206, -0.984053, -0.024251, -0.002831, 0.484409, 0.108133, -0.868133, -1.2e-05, 0.0, 0.0, 0.0, 1.0],
                [0.856938, 0.138252, 0.496531, 0.124994, 0.176827, -0.983744, -0.031266, -0.002831, 0.484137, 0.114593, -0.867456, -1.2e-05, 0.0, 0.0, 0.0, 1.0]
            ]
        },
        {
            "name": "Leg_R",
            "time": [0.0, 0.0111, 0.0222, 0.0333, 0.0444, 0.0556, 0.0667, 0.0778, 0.0889, 0.1, 0.1111, 0.1222, 0.1333, 0.1444, 0.1556, 0.1667, 0.1778, 0.1889, 0.2, 0.2111, 0.2222, 0.2333, 0.2444, 0.2556, 0.2667, 0.2778, 0.2889, 0.3, 0.3111, 0.3222, 0.3333, 0.3444, 0.3556, 0.3667, 0.3778, 0.3889, 0.4, 0.4111, 0.4222, 0.4333, 0.4444, 0.4556, 0.4667, 0.4778, 0.4889, 0.5, 0.5111, 0.5222, 0.5333, 0.5444, 0.5556, 0.5667, 0.5778, 0.5889, 0.6, 0.6111, 0.6222, 0.6333, 0.6444, 0.6556, 0.6667, 0.6778, 0.6889, 0.7, 0.7111, 0.7222, 0.7333, 0.7444, 0.7556, 0.7667, 0.7778, 0.7889, 0.8, 0.8111, 0.8222, 0.8333, 0.8444, 0.8556, 0.8667, 0.8778, 0.8889, 0.9, 0.9111, 0.9222, 0.9333, 0.9444, 0.9556, 0.9667, 0.9778, 0.9889, 1.0, 1.0111, 1.0222, 1.0333, 1.0444, 1.0556, 1.0667, 1.0778, 1.0889, 1.1, 1.1111],
            "transform": [
                [1.0, -1e-06, 1e-06, 0.0, -0.0, 0.503638, 0.863914, 0.374726, -1e-06, -0.863917, 0.503637, -0.0, 0.0, 0.0, 0.0, 1.0],
                [1.0, -1e-06, 1e-06, 0.0, -0.0, 0.503638, 0.863914, 0.374726, -1e-06, -0.863917, 0.503637, -0.0, 0.0, 0.0, 0.0, 1.0],
                [1.0, -1e-06, 1e-06, 0.0, -0.0, 0.503638, 0.863914, 0.374726, -1e-06, -0.863917, 0.503637, -0.0, 0.0, 0.0, 0.0, 1.0],
                [1.0, -1e-06, 0.0, 0.0, -0.0, 0.182251, 0.983251, 0.374726, -1e-06, -0.983253, 0.18225, -0.0, 0.0, 0.0, 0.0, 1.0],
                [1.0, -1e-06, 1e-06, 0.0, -0.0, 0.353306, 0.935507, 0.374726, -1e-06, -0.935509, 0.353305, -0.0, 0.0, 0.0, 0.0, 1.0],
                [1.0, -0.0, 1e-06, 0.0, -0.0, 0.79773, 0.603016, 0.374726, -1e-06, -0.603019, 0.797726, -0.0, 0.0, 0.0, 0.0, 1.0],
                [1.000001, -1e-06, 1e-06, -0.0, -0.0, 0.588329, 0.808621, 0.374726, -1e-06, -0.808623, 0.588328, -0.0, 0.0, 0.0, 0.0, 1.0],
                [1.0, -1e-06, 1e-06, 0.0, -0.0, 0.428977, 0.903314, 0.374726, -1e-06, -0.903317, 0.428976, 0.0, 0.0, 0.0, 0.0, 1.0],
                [1.0, -1e-06, 0.0, -0.0, -0.0, 0.341186, 0.939995, 0.374726, -1e-06, -0.939997, 0.341185, -0.0, 0.0, 0.0, 0.0, 1.0],
                [1.0, -1e-06, 0.0, 0.0, -0.0, 0.190268, 0.981731, 0.374726, -1e-06, -0.981733, 0.190267, 0.0, 0.0, 0.0, 0.0, 1.0],
                [1.0, -1e-06, 0.0, 0.0, -0.0, 0.014754, 0.99989, 0.374726, -1e-06, -0.999892, 0.014754, 0.0, 0.0, 0.0, 0.0, 1.0],
                [1.0, -1e-06, 0.0, -0.0, -0.0, -0.146424, 0.989221, 0.374726, -1e-06, -0.989223, -0.146424, -0.0, 0.0, 0.0, 0.0, 1.0],
                [1.0, -1e-06, 0.0, -0.0, -0.0, -0.244419, 0.969669, 0.374726, -1e-06, -0.969671, -0.244419, -0.0, 0.0, 0.0, 0.0, 1.0],
                [1.0, -1e-06, 0.0, 0.0, -0.0, -0.254366, 0.967107, 0.374726, -1e-06, -0.967109, -0.254365, 0.0, 0.0, 0.0, 0.0, 1.0],
                [1.0, -1e-06, 0.0, 0.0, -0.0, -0.195783, 0.980646, 0.374726, -1e-06, -0.980648, -0.195783, -0.0, 0.0, 0.0, 0.0, 1.0],
                [1.0, -1e-06, 0.0, -0.0, -0.0, -0.123323, 0.992365, 0.374726, -1e-06, -0.992368, -0.123322, 0.0, 0.0, 0.0, 0.0, 1.0],
                [1.0, -1e-06, 0.0, 0.0, -0.0, -0.076562, 0.997063, 0.374726, -1e-06, -0.997065, -0.076562, 0.0, 0.0, 0.0, 0.0, 1.0],
                [1.0, -1e-06, 0.0, -0.0, -0.0, -0.065807, 0.997831, 0.374726, -1e-06, -0.997833, -0.065807, -0.0, 0.0, 0.0, 0.0, 1.0],
                [1.0, -1e-06, 0.0, 0.0, -0.0, -0.087305, 0.99618, 0.374726, -1e-06, -0.996182, -0.087305, 0.0, 0.0, 0.0, 0.0, 1.0],
                [1.0, -1e-06, 0.0, 0.0, -0.0, -0.129991, 0.991514, 0.374726, -1e-06, -0.991516, -0.129991, -0.0, 0.0, 0.0, 0.0, 1.0],
                [1.0, -1e-06, 0.0, 0.0, -0.0, -0.180577, 0.98356, 0.374726, -1e-06, -0.983562, -0.180577, -0.0, 0.0, 0.0, 0.0, 1.0],
                [1.0, -1e-06, 0.0, 0.0, -0.0, -0.227033, 0.973886, 0.374726, -1e-06, -0.973888, -0.227032, 0.0, 0.0, 0.0, 0.0, 1.0],
                [1.0, -1e-06, 0.0, -0.0, -0.0, -0.260421, 0.965494, 0.374726, -1e-06, -0.965496, -0.26042, 0.0, 0.0, 0.0, 0.0, 1.0],
                [1.0, -1e-06, 0.0, 0.0, -0.0, -0.282026, 0.959405, 0.374726, -1e-06, -0.959408, -0.282026, 0.0, 0.0, 0.0, 0.0, 1.0],
                [1.0, -1e-06, -0.0, 0.0, -0.0, -0.302883, 0.953026, 0.374726, -1e-06, -0.953029, -0.302882, -0.0, 0.0, 0.0, 0.0, 1.0],
                [1.0, -1e-06, 0.0, -0.0, -0.0, -0.302883, 0.953027, 0.374726, -1e-06, -0.953029, -0.302882, 0.0, 0.0, 0.0, 0.0, 1.0],
                [1.0, -1e-06, 0.0, 0.0, -0.0, -0.152114, 0.988362, 0.374727, -1e-06, -0.988364, -0.152114, -0.0, 0.0, 0.0, 0.0, 1.0],
                [1.0, -1e-06, 0.0, -0.0, -0.0, 0.130626, 0.991431, 0.374726, -1e-06, -0.991433, 0.130626, -0.0, 0.0, 0.0, 0.0, 1.0],
                [1.0, -1e-06, 1e-06, 0.0, -0.0, 0.412217, 0.911084, 0.374726, -1e-06, -0.911087, 0.412216, 0.0, 0.0, 0.0, 0.0, 1.0],
                [1.0, -1e-06, 1e-06, -0.0, -0.0, 0.507713, 0.861525, 0.374726, -1e-06, -0.861528, 0.507711, 0.0, 0.0, 0.0, 0.0, 1.0],
                [1.0, -1e-06, 1e-06, 0.0, -0.0, 0.34989, 0.936789, 0.374726, -1e-06, -0.936791, 0.349889, -0.0, 0.0, 0.0, 0.0, 1.0],
                [1.0, -1e-06, 0.0, 0.0, -0.0, 0.213776, 0.976882, 0.374726, -1e-06, -0.976884, 0.213776, -0.0, 0.0, 0.0, 0.0, 1.0],
                [1.0, -1e-06, 0.0, -0.0, -0.0, 0.219187, 0.975682, 0.374726, -1e-06, -0.975684, 0.219187, -0.0, 0.0, 0.0, 0.0, 1.0],
                [1.0, -1e-06, 0.0, 0.0, -0.0, 0.272144, 0.962256, 0.374726, -1e-06, -0.962258, 0.272144, -0.0, 0.0, 0.0, 0.0, 1.0],
                [1.0, -1e-06, 0.0, 0.0, -0.0, 0.341444, 0.939901, 0.374727, -1e-06, -0.939904, 0.341443, 0.0, 0.0, 0.0, 0.0, 1.0],
                [1.0, -1e-06, 1e-06, -0.0, -0.0, 0.393508, 0.91932, 0.374726, -1e-06, -0.919322, 0.393507, -0.0, 0.0, 0.0, 0.0, 1.0],
                [1.0, -1e-06, 1e-06, 0.0, -0.0, 0.420102, 0.907476, 0.374726, -1e-06, -0.907478, 0.420101, -0.0, 0.0, 0.0, 0.0, 1.0],
                [1.0, -1e-06, 1e-06, -0.0, -0.0, 0.430801, 0.902446, 0.374726, -1e-06, -0.902448, 0.4308, -0.0, 0.0, 0.0, 0.0, 1.0],
                [1.0, -1e-06, 1e-06, 0.0, -0.0, 0.430801, 0.902446, 0.374726, -1e-06, -0.902448, 0.4308, -0.0, 0.0, 0.0, 0.0, 1.0],
                [1.0, -1e-06, 1e-06, -0.0, -0.0, 0.430801, 0.902446, 0.374726, -1e-06, -0.902448, 0.4308, -0.0, 0.0, 0.0, 0.0, 1.0],
                [1.0, -1e-06, 1e-06, 0.0, -0.0, 0.430801, 0.902446, 0.374726, -1e-06, -0.902448, 0.4308, -0.0, 0.0, 0.0, 0.0, 1.0],
                [1.0, -1e-06, 1e-06, -0.0, -0.0, 0.430801, 0.902446, 0.374726, -1e-06, -0.902448, 0.4308, -0.0, 0.0, 0.0, 0.0, 1.0],
                [1.0, -1e-06, 1e-06, 0.0, -0.0, 0.430801, 0.902446, 0.374726, -1e-06, -0.902448, 0.4308, -0.0, 0.0, 0.0, 0.0, 1.0],
                [1.0, -1e-06, 1e-06, -0.0, -0.0, 0.430801, 0.902446, 0.374726, -1e-06, -0.902448, 0.4308, -0.0, 0.0, 0.0, 0.0, 1.0],
                [1.0, -1e-06, 1e-06, 0.0, -0.0, 0.430801, 0.902446, 0.374726, -1e-06, -0.902448, 0.4308, -0.0, 0.0, 0.0, 0.0, 1.0],
