{
    "animation": [
        {
            "name": "Root",
            "time": [0.0, 0.0167, 0.0333, 0.05, 0.0667, 0.0833, 0.1, 0.1167, 0.1333, 0.15, 0.1667, 0.1833, 0.2, 0.2167, 0.2333, 0.25, 0.2667, 0.2833, 0.3, 0.3167, 0.3333, 0.35, 0.3667, 0.3833, 0.4, 0.4167, 0.4333, 0.45, 0.4667, 0.4833, 0.5, 0.5167, 0.5333, 0.55, 0.5667, 0.5833, 0.6, 0.6167, 0.6333, 0.65, 0.6667, 0.6833, 0.7, 0.7167, 0.7333, 0.75, 0.7667, 0.7833, 0.8, 0.8167, 0.8333, 0.85, 0.8667, 0.8833, 0.9, 0.9167, 0.9333, 0.95, 0.9667, 0.9833, 1.0, 1.0167, 1.0333, 1.05, 1.0667, 1.0833, 1.1, 1.1167, 1.1333, 1.15, 1.1667],
            "transform": [
                [0.692508, -0.037156, 0.720453, 0.031932, 0.703478, 0.256065, -0.662985, -0.136006, -0.159849, 0.965945, 0.203466, 0.615888, 0.0, 0.0, 0.0, 1.0],
                [0.702969, -0.033316, 0.71044, 0.031932, 0.693025, 0.256593, -0.673704, -0.130046, -0.159849, 0.965945, 0.203466, 0.615888, 0.0, 0.0, 0.0, 1.0],
                [0.730656, -0.02282, 0.682364, 0.031932, 0.66377, 0.257739, -0.702126, -0.113869, -0.159849, 0.965945, 0.203466, 0.615888, 0.0, 0.0, 0.0, 1.0],
                [0.769425, -0.007206, 0.638696, 0.031932, 0.618412, 0.258647, -0.74207, -0.090029, -0.159849, 0.965945, 0.203466, 0.615888, 0.0, 0.0, 0.0, 1.0],
                [0.812917, 0.011879, 0.582258, 0.031932, 0.560012, 0.258474, -0.787132, -0.06108, -0.159849, 0.965945, 0.203466, 0.615888, 0.0, 0.0, 0.0, 1.0],
                [0.855334, 0.032634, 0.517049, 0.031932, 0.492801, 0.256681, -0.831422, -0.029577, -0.159849, 0.965945, 0.203466, 0.615888, 0.0, 0.0, 0.0, 1.0],
                [0.892206, 0.053178, 0.448488, 0.031932, 0.422395, 0.253223, -0.870322, 0.001926, -0.159849, 0.965945, 0.203466, 0.615888, 0.0, 0.0, 0.0, 1.0],
                [0.920915, 0.071699, 0.383113, 0.031932, 0.355477, 0.248615, -0.901014, 0.030875, -0.159849, 0.965945, 0.203466, 0.615888, 0.0, 0.0, 0.0, 1.0],
                [0.94071, 0.086589, 0.327975, 0.031932, 0.299188, 0.243829, -0.922515, 0.054715, -0.159849, 0.965945, 0.203466, 0.615888, 0.0, 0.0, 0.0, 1.0],
                [0.952132, 0.096464, 0.290068, 0.031932, 0.260562, 0.240093, -0.935127, 0.070892, -0.159849, 0.965945, 0.203466, 0.615888, 0.0, 0.0, 0.0, 1.0],
                [0.955929, 0.10005, 0.276025, 0.031932, 0.246269, 0.238621, -0.939368, 0.076852, -0.159849, 0.965945, 0.203466, 0.615888, 0.0, 0.0, 0.0, 1.0],
                [0.866858, 0.038754, 0.497047, 0.031932, 0.472234, 0.255828, -0.843532, 0.076852, -0.159849, 0.965945, 0.203466, 0.615888, 0.0, 0.0, 0.0, 1.0],
                [0.757231, 0.004725, 0.65313, 0.031932, 0.62613, 0.279377, -0.727949, 0.115818, -0.185909, 0.96017, 0.208595, 0.615888, 0.0, 0.0, 0.0, 1.0],
                [0.654893, -0.026457, 0.755258, 0.031932, 0.726213, 0.298573, -0.619249, 0.218547, -0.209116, 0.95402, 0.214747, 0.615888, 0.0, 0.0, 0.0, 1.0],
                [0.571591, -0.053568, 0.818788, 0.031932, 0.787765, 0.315029, -0.529323, 0.363785, -0.229587, 0.947569, 0.222267, 0.615888, 0.0, 0.0, 0.0, 1.0],
                [0.510471, -0.076066, 0.856524, 0.031932, 0.823584, 0.32965, -0.461563, 0.530277, -0.247244, 0.941034, 0.230924, 0.615888, 0.0, 0.0, 0.0, 1.0],
                [0.470158, -0.093682, 0.877596, 0.031932, 0.842865, 0.342594, -0.41498, 0.696768, -0.261783, 0.934801, 0.240034, 0.615888, 0.0, 0.0, 0.0, 1.0],
                [0.447153, -0.106255, 0.888124, 0.031932, 0.851859, 0.353358, -0.386619, 0.842006, -0.272745, 0.929434, 0.24852, 0.615888, 0.0, 0.0, 0.0, 1.0],
                [0.436982, -0.113724, 0.892252, 0.031932, 0.854898, 0.360904, -0.372689, 0.944735, -0.279634, 0.925643, 0.254932, 0.615888, 0.0, 0.0, 0.0, 1.0],
                [0.434724, -0.116169, 0.89304, 0.031932, 0.85527, 0.363787, -0.369016, 0.983701, -0.282008, 0.92421, 0.257503, 0.615888, 0.0, 0.0, 0.0, 1.0],
                [0.434724, -0.116169, 0.89304, 0.031932, 0.85527, 0.363787, -0.369016, 0.983701, -0.282008, 0.92421, 0.257503, 0.615888, 0.0, 0.0, 0.0, 1.0],
                [0.434724, -0.116169, 0.89304, 0.031932, 0.85527, 0.363787, -0.369016, 0.983701, -0.282008, 0.92421, 0.257503, 0.615888, 0.0, 0.0, 0.0, 1.0],
                [0.434724, -0.116169, 0.89304, 0.031932, 0.85527, 0.363787, -0.369016, 0.983701, -0.282008, 0.92421, 0.257503, 0.615888, 0.0, 0.0, 0.0, 1.0],
                [0.434724, -0.116169, 0.89304, 0.031932, 0.85527, 0.363787, -0.369016, 0.983701, -0.282008, 0.92421, 0.257503, 0.615888, 0.0, 0.0, 0.0, 1.0],
                [0.434724, -0.116169, 0.89304, 0.031932, 0.85527, 0.363787, -0.369016, 0.983701, -0.282008, 0.92421, 0.257503, 0.615888, 0.0, 0.0, 0.0, 1.0],
                [0.434724, -0.116169, 0.89304, 0.031932, 0.85527, 0.363787, -0.369016, 0.983701, -0.282008, 0.92421, 0.257503, 0.615888, 0.0, 0.0, 0.0, 1.0],
                [0.434724, -0.116169, 0.89304, 0.031932, 0.85527, 0.363787, -0.369016, 0.983701, -0.282008, 0.92421, 0.257503, 0.615888, 0.0, 0.0, 0.0, 1.0],
                [0.434724, -0.116169, 0.89304, 0.031932, 0.85527, 0.363787, -0.369016, 0.983701, -0.282008, 0.92421, 0.257503, 0.615888, 0.0, 0.0, 0.0, 1.0],
                [0.434724, -0.116169, 0.89304, 0.031932, 0.85527, 0.363787, -0.369015, 0.983701, -0.282008, 0.92421, 0.257503, 0.615888, 0.0, 0.0, 0.0, 1.0],
                [0.434724, -0.116169, 0.89304, 0.031932, 0.85527, 0.363787, -0.369016, 0.983701, -0.282008, 0.92421, 0.257503, 0.615888, 0.0, 0.0, 0.0, 1.0],
                [0.434724, -0.116169, 0.89304, 0.031932, 0.85527, 0.363787, -0.369016, 0.983701, -0.282008, 0.92421, 0.257503, 0.615888, 0.0, 0.0, 0.0, 1.0],
                [0.435451, -0.115859, 0.892726, 0.031739, 0.855042, 0.36342, -0.369905, 0.984023, -0.281578, 0.924393, 0.257316, 0.616096, 0.0, 0.0, 0.0, 1.0],
                [0.437583, -0.114951, 0.8918, 0.031171, 0.854368, 0.36234, -0.372512, 0.984968, -0.280314, 0.92493, 0.256764, 0.616707, 0.0, 0.0, 0.0, 1.0],
                [0.441045, -0.113482, 0.890282, 0.03025, 0.853258, 0.360579, -0.376741, 0.986502, -0.278263, 0.9258, 0.25586, 0.617699, 0.0, 0.0, 0.0, 1.0],
                [0.445758, -0.111489, 0.888183, 0.028994, 0.851713, 0.358163, -0.382497, 0.988592, -0.275471, 0.926978, 0.254611, 0.619051, 0.0, 0.0, 0.0, 1.0],
                [0.451648, -0.109013, 0.885511, 0.027424, 0.84973, 0.355119, -0.38968, 0.991207, -0.271982, 0.928443, 0.25302, 0.620741, 0.0, 0.0, 0.0, 1.0],
                [0.458632, -0.106097, 0.88227, 0.025559, 0.8473, 0.351469, -0.398187, 0.994313, -0.267844, 0.930168, 0.251091, 0.62275, 0.0, 0.0, 0.0, 1.0],
                [0.466633, -0.102783, 0.878458, 0.023418, 0.844411, 0.347234, -0.407919, 0.997878, -0.263104, 0.932129, 0.248822, 0.625055, 0.0, 0.0, 0.0, 1.0],
                [0.475568, -0.099116, 0.874077, 0.021021, 0.841052, 0.342438, -0.418769, 1.001868, -0.25781, 0.934298, 0.246214, 0.627635, 0.0, 0.0, 0.0, 1.0],
                [0.485355, -0.095142, 0.869125, 0.018388, 0.83721, 0.337101, -0.43063, 1.006252, -0.252012, 0.936649, 0.243267, 0.63047, 0.0, 0.0, 0.0, 1.0],
                [0.49591, -0.090905, 0.863603, 0.015539, 0.832872, 0.331248, -0.443395, 1.010996, -0.24576, 0.939154, 0.239982, 0.633537, 0.0, 0.0, 0.0, 1.0],
                [0.507148, -0.086452, 0.857512, 0.012494, 0.828028, 0.324902, -0.456955, 1.016067, -0.239103, 0.941788, 0.236358, 0.636817, 0.0, 0.0, 0.0, 1.0],
                [0.518983, -0.081828, 0.850859, 0.009271, 0.822672, 0.31809, -0.471199, 1.021433, -0.232092, 0.944523, 0.232401, 0.640287, 0.0, 0.0, 0.0, 1.0],
                [0.531327, -0.077077, 0.843653, 0.005891, 0.816802, 0.31084, -0.486018, 1.027061, -0.22478, 0.947332, 0.228115, 0.643926, 0.0, 0.0, 0.0, 1.0],
                [0.544094, -0.072244, 0.835908, 0.002373, 0.810418, 0.303185, -0.5013, 1.032919, -0.217218, 0.950189, 0.223509, 0.647714, 0.0, 0.0, 0.0, 1.0],
                [0.557197, -0.067371, 0.827643, -0.001263, 0.803529, 0.295157, -0.516936, 1.038973, -0.209458, 0.953071, 0.218595, 0.651628, 0.0, 0.0, 0.0, 1.0],
                [0.570548, -0.062497, 0.818883, -0.004997, 0.796149, 0.286794, -0.532819, 1.04519, -0.201551, 0.955951, 0.213387, 0.655649, 0.0, 0.0, 0.0, 1.0],
                [0.584061, -0.057662, 0.809659, -0.00881, 0.788297, 0.278136, -0.548843, 1.051539, -0.193548, 0.958809, 0.207904, 0.659754, 0.0, 0.0, 0.0, 1.0],
                [0.597652, -0.052902, 0.800009, -0.012682, 0.780002, 0.269227, -0.564902, 1.057986, -0.1855, 0.961623, 0.202168, 0.663923, 0.0, 0.0, 0.0, 1.0],
                [0.611237, -0.048249, 0.789975, -0.016594, 0.771297, 0.260112, -0.580898, 1.064499, -0.177454, 0.964372, 0.196205, 0.668134, 0.0, 0.0, 0.0, 1.0],
                [0.624738, -0.043733, 0.779609, -0.020525, 0.762224, 0.250841, -0.596736, 1.071044, -0.16946, 0.96704, 0.190044, 0.672367, 0.0, 0.0, 0.0, 1.0],
                [0.638076, -0.039382, 0.768965, -0.024456, 0.752832, 0.241463, -0.612323, 1.077589, -0.161562, 0.96961, 0.18372, 0.676599, 0.0, 0.0, 0.0, 1.0],
                [0.651178, -0.035218, 0.758107, -0.028367, 0.743176, 0.232035, -0.627574, 1.084101, -0.153805, 0.97207, 0.177269, 0.68081, 0.0, 0.0, 0.0, 1.0],
                [0.663974, -0.031261, 0.747102, -0.032239, 0.733318, 0.222609, -0.642409, 1.090548, -0.146229, 0.974406, 0.170731, 0.684979, 0.0, 0.0, 0.0, 1.0],
                [0.676398, -0.027527, 0.736022, -0.036052, 0.723326, 0.213245, -0.656755, 1.096897, -0.138874, 0.976611, 0.164149, 0.689084, 0.0, 0.0, 0.0, 1.0],
                [0.688388, -0.024028, 0.724944, -0.039786, 0.713272, 0.203999, -0.670543, 1.103115, -0.131776, 0.978676, 0.157569, 0.693105, 0.0, 0.0, 0.0, 1.0],
                [0.699889, -0.020774, 0.71395, -0.043422, 0.703234, 0.194932, -0.683713, 1.109169, -0.124968, 0.980597, 0.151039, 0.69702, 0.0, 0.0, 0.0, 1.0],
                [0.710847, -0.017768, 0.703122, -0.04694, 0.693295, 0.186102, -0.696209, 1.115026, -0.118482, 0.98237, 0.144609, 0.700807, 0.0, 0.0, 0.0, 1.0],
                [0.721215, -0.015015, 0.692548, -0.05032, 0.68354, 0.17757, -0.707984, 1.120654, -0.112345, 0.983994, 0.13833, 0.704447, 0.0, 0.0, 0.0, 1.0],
                [0.73095, -0.012513, 0.682317, -0.053543, 0.674057, 0.169395, -0.718994, 1.12602, -0.106584, 0.985469, 0.132254, 0.707917, 0.0, 0.0, 0.0, 1.0],
                [0.740011, -0.01026, 0.672517, -0.056589, 0.664935, 0.161637, -0.729202, 1.131092, -0.101222, 0.986797, 0.126435, 0.711196, 0.0, 0.0, 0.0, 1.0],
                [0.748362, -0.008251, 0.663239, -0.059438, 0.656266, 0.154353, -0.738573, 1.135836, -0.096279, 0.987981, 0.120927, 0.714263, 0.0, 0.0, 0.0, 1.0],
                [0.75597, -0.006478, 0.654574, -0.06207, 0.648141, 0.147603, -0.747079, 1.140219, -0.091777, 0.989026, 0.115782, 0.717098, 0.0, 0.0, 0.0, 1.0],
                [0.762803, -0.004935, 0.646612, -0.064467, 0.640651, 0.141442, -0.754692, 1.14421, -0.087734, 0.989934, 0.111054, 0.719678, 0.0, 0.0, 0.0, 1.0],
                [0.768832, -0.003614, 0.639441, -0.066608, 0.633887, 0.135928, -0.761387, 1.147774, -0.084166, 0.990712, 0.106797, 0.721983, 0.0, 0.0, 0.0, 1.0],
                [0.774026, -0.002507, 0.633148, -0.068473, 0.627939, 0.131116, -0.767139, 1.15088, -0.081093, 0.991364, 0.103062, 0.723992, 0.0, 0.0, 0.0, 1.0],
                [0.778356, -0.001606, 0.627821, -0.070044, 0.622892, 0.12706, -0.771921, 1.153495, -0.078531, 0.991894, 0.099899, 0.725683, 0.0, 0.0, 0.0, 1.0],
                [0.78179, -0.000907, 0.623541, -0.071299, 0.618831, 0.123814, -0.775705, 1.155586, -0.0765, 0.992305, 0.097358, 0.727035, 0.0, 0.0, 0.0, 1.0],
                [0.784293, -0.000406, 0.62039, -0.072221, 0.615838, 0.121431, -0.778459, 1.15712, -0.075019, 0.9926, 0.095488, 0.728027, 0.0, 0.0, 0.0, 1.0],
                [0.785828, -0.000103, 0.618446, -0.072788, 0.613989, 0.119964, -0.780145, 1.158064, -0.074111, 0.992778, 0.094334, 0.728637, 0.0, 0.0, 0.0, 1.0],
                [0.78635, -0.0, 0.617782, -0.072981, 0.613358, 0.119463, -0.780718, 1.158386, -0.073802, 0.992839, 0.09394, 0.728846, 0.0, 0.0, 0.0, 1.0]
            ]
        },
        {
            "name": "Thigh_R",
            "time": [0.0, 0.0167, 0.0333, 0.05, 0.0667, 0.0833, 0.1, 0.1167, 0.1333, 0.15, 0.1667, 0.1833, 0.2, 0.2167, 0.2333, 0.25, 0.2667, 0.2833, 0.3, 0.3167, 0.3333, 0.35, 0.3667, 0.3833, 0.4, 0.4167, 0.4333, 0.45, 0.4667, 0.4833, 0.5, 0.5167, 0.5333, 0.55, 0.5667, 0.5833, 0.6, 0.6167, 0.6333, 0.65, 0.6667, 0.6833, 0.7, 0.7167, 0.7333, 0.75, 0.7667, 0.7833, 0.8, 0.8167, 0.8333, 0.85, 0.8667, 0.8833, 0.9, 0.9167, 0.9333, 0.95, 0.9667, 0.9833, 1.0, 1.0167, 1.0333, 1.05, 1.0667, 1.0833, 1.1, 1.1167, 1.1333, 1.15, 1.1667],
            "transform": [
                [0.728538, 0.668291, 0.150388, 0.124994, 0.081768, -0.302815, 0.949535, -0.002831, 0.680107, -0.679475, -0.275258, -1.2e-05, 0.0, 0.0, 0.0, 1.0],
                [0.740399, 0.656905, 0.142418, 0.124994, 0.085441, -0.302136, 0.949428, -0.002831, 0.666715, -0.690786, -0.279828, -1.2e-05, 0.0, 0.0, 0.0, 1.0],
                [0.771369, 0.624755, 0.121114, 0.124994, 0.095295, -0.301564, 0.948672, -0.002831, 0.629212, -0.720233, -0.292154, -1.2e-05, 0.0, 0.0, 0.0, 1.0],
                [0.813501, 0.574487, 0.090443, 0.124994, 0.109386, -0.30389, 0.946407, -0.002831, 0.571184, -0.760008, -0.310057, -1.2e-05, 0.0, 0.0, 0.0, 1.0],
                [0.858629, 0.509754, 0.053908, 0.124994, 0.125698, -0.311338, 0.94195, -0.002831, 0.496947, -0.802008, -0.3314, -1.2e-05, 0.0, 0.0, 0.0, 1.0],
                [0.899782, 0.4361, 0.014409, 0.124994, 0.142358, -0.324614, 0.935073, -0.002831, 0.412463, -0.839309, -0.354165, -1.2e-05, 0.0, 0.0, 0.0, 1.0],
                [0.932351, 0.360658, -0.025414, 0.124994, 0.157808, -0.342697, 0.926097, -0.002831, 0.325295, -0.867456, -0.376429, -1.2e-05, 0.0, 0.0, 0.0, 1.0],
                [0.954637, 0.29109, -0.062724, 0.124994, 0.170897, -0.363094, 0.915946, -0.002831, 0.243848, -0.885113, -0.396371, -1.2e-05, 0.0, 0.0, 0.0, 1.0],
                [0.967553, 0.234447, -0.094212, 0.124994, 0.180877, -0.382334, 0.906148, -0.002831, 0.176423, -0.893785, -0.412336, -1.2e-05, 0.0, 0.0, 0.0, 1.0],
                [0.973579, 0.196597, -0.116155, 0.124994, 0.187299, -0.396553, 0.898702, -0.002831, 0.130621, -0.896711, -0.422899, -1.2e-05, 0.0, 0.0, 0.0, 1.0],
                [0.975255, 0.182511, -0.124767, 0.124994, 0.189836, -0.402073, 0.895711, -0.002831, 0.113312, -0.89723, -0.426772, -1.2e-05, 0.0, 0.0, 0.0, 1.0],
                [0.92536, 0.3781, 0.027358, 0.124994, 0.140914, -0.41007, 0.901103, -0.002831, 0.351926, -0.829988, -0.432743, -1.2e-05, 0.0, 0.0, 0.0, 1.0],
                [0.839438, 0.534833, 0.096413, 0.124994, 0.12004, -0.355503, 0.926935, -0.002831, 0.530031, -0.76653, -0.362625, -1.2e-05, 0.0, 0.0, 0.0, 1.0],
                [0.756985, 0.637941, 0.141429, 0.124994, 0.083189, -0.308768, 0.947493, -0.002831, 0.648114, -0.705471, -0.286803, -1.2e-05, 0.0, 0.0, 0.0, 1.0],
                [0.64314, 0.765509, 0.019103, 0.124994, 0.252584, -0.235626, 0.938447, -0.002831, 0.722891, -0.598727, -0.344896, -1.2e-05, 0.0, 0.0, 0.0, 1.0],
                [0.599906, 0.792493, 0.109844, 0.124994, 0.212352, -0.290085, 0.933144, -0.002831, 0.771375, -0.536472, -0.342312, -1.2e-05, 0.0, 0.0, 0.0, 1.0],
                [0.575943, 0.786052, 0.224519, 0.124994, 0.157145, -0.375977, 0.913207, -0.002831, 0.802243, -0.490673, -0.340067, -1.2e-05, 0.0, 0.0, 0.0, 1.0],
                [0.564194, 0.821671, 0.080867, 0.124994, 0.1027, -0.167026, 0.98059, -0.002831, 0.81923, -0.544937, -0.178621, -1.2e-05, 0.0, 0.0, 0.0, 1.0],
                [0.559367, 0.827348, 0.051006, 0.124994, 0.062571, -0.103501, 0.992659, -0.002831, 0.826555, -0.552068, -0.109663, -1.2e-05, 0.0, 0.0, 0.0, 1.0],
                [0.558301, 0.827579, 0.058398, 0.124994, 0.047448, -0.102125, 0.99364, -0.002831, 0.82828, -0.551978, -0.096283, -1.2e-05, 0.0, 0.0, 0.0, 1.0],
                [0.558167, 0.827704, 0.057903, 0.124994, 0.048302, -0.10208, 0.993603, -0.002831, 0.828321, -0.551799, -0.096958, -1.2e-05, 0.0, 0.0, 0.0, 1.0],
                [0.557993, 0.827864, 0.057301, 0.124994, 0.049415, -0.102075, 0.993549, -0.002831, 0.828373, -0.55156, -0.097866, -1.2e-05, 0.0, 0.0, 0.0, 1.0],
                [0.557816, 0.828021, 0.056748, 0.124994, 0.050531, -0.102129, 0.993487, -0.002831, 0.828425, -0.551315, -0.098809, -1.2e-05, 0.0, 0.0, 0.0, 1.0],
                [0.55768, 0.828139, 0.056356, 0.124994, 0.051391, -0.102211, 0.993435, -0.002831, 0.828463, -0.551122, -0.09956, -1.2e-05, 0.0, 0.0, 0.0, 1.0],
                [0.557625, 0.828186, 0.056207, 0.124994, 0.051735, -0.102254, 0.993412, -0.002831, 0.828479, -0.551043, -0.099866, -1.2e-05, 0.0, 0.0, 0.0, 1.0],
                [0.557625, 0.828186, 0.056207, 0.124994, 0.051735, -0.102254, 0.993412, -0.002831, 0.828479, -0.551043, -0.099866, -1.2e-05, 0.0, 0.0, 0.0, 1.0],
                [0.557626, 0.828186, 0.056207, 0.124994, 0.051735, -0.102254, 0.993412, -0.002831, 0.828479, -0.551043, -0.099866, -1.2e-05, 0.0, 0.0, 0.0, 1.0],
                [0.557625, 0.828186, 0.056207, 0.124994, 0.051735, -0.102254, 0.993412, -0.002831, 0.828479, -0.551043, -0.099866, -1.2e-05, 0.0, 0.0, 0.0, 1.0],
                [0.557626, 0.828186, 0.056207, 0.124994, 0.051735, -0.102254, 0.993412, -0.002831, 0.828479, -0.551043, -0.099866, -1.2e-05, 0.0, 0.0, 0.0, 1.0],
                [0.557626, 0.828186, 0.056207, 0.124994, 0.051735, -0.102254, 0.993412, -0.002831, 0.828479, -0.551043, -0.099866, -1.2e-05, 0.0, 0.0, 0.0, 1.0],
                [0.557626, 0.828186, 0.056207, 0.124994, 0.051735, -0.102254, 0.993412, -0.002831, 0.828479, -0.551043, -0.099866, -1.2e-05, 0.0, 0.0, 0.0, 1.0],
                [0.558355, 0.827637, 0.057045, 0.124994, 0.05205, -0.103575, 0.993259, -0.002831, 0.827967, -0.551621, -0.10091, -1.2e-05, 0.0, 0.0, 0.0, 1.0],
                [0.560492, 0.826018, 0.059498, 0.124994, 0.052969, -0.107453, 0.992798, -0.002831, 0.826464, -0.553303, -0.103981, -1.2e-05, 0.0, 0.0, 0.0, 1.0],
                [0.563959, 0.823359, 0.063467, 0.124994, 0.054455, -0.113766, 0.992014, -0.00283, 0.824005, -0.555999, -0.108995, -1.2e-05, 0.0, 0.0, 0.0, 1.0],
                [0.568675, 0.819675, 0.06884, 0.124994, 0.056465, -0.122392, 0.990875, -0.002831, 0.820621, -0.559598, -0.115884, -1.2e-05, 0.0, 0.0, 0.0, 1.0],
                [0.574558, 0.814972, 0.075503, 0.124994, 0.058953, -0.133219, 0.989332, -0.002831, 0.816337, -0.563976, -0.124588, -1.2e-05, 0.0, 0.0, 0.0, 1.0],
                [0.581522, 0.80925, 0.083332, 0.124994, 0.061873, -0.14613, 0.987329, -0.002831, 0.811174, -0.568996, -0.135049, -1.2e-05, 0.0, 0.0, 0.0, 1.0],
                [0.58948, 0.802503, 0.092196, 0.124994, 0.065174, -0.161012, 0.984798, -0.002831, 0.805149, -0.57451, -0.147216, -1.2e-05, 0.0, 0.0, 0.0, 1.0],
                [0.598343, 0.794725, 0.101959, 0.124994, 0.068805, -0.177745, 0.981669, -0.002831, 0.79828, -0.580358, -0.161034, -1.2e-05, 0.0, 0.0, 0.0, 1.0],
                [0.60802, 0.785912, 0.112481, 0.124994, 0.072717, -0.196209, 0.977862, -0.002831, 0.790584, -0.58638, -0.176448, -1.2e-05, 0.0, 0.0, 0.0, 1.0],
                [0.618419, 0.776064, 0.123615, 0.124994, 0.076856, -0.216275, 0.973303, -0.002831, 0.782081, -0.592407, -0.193394, -1.2e-05, 0.0, 0.0, 0.0, 1.0],
                [0.629447, 0.765187, 0.135216, 0.124994, 0.081173, -0.237812, 0.967914, -0.002831, 0.772792, -0.598273, -0.211803, -1.2e-05, 0.0, 0.0, 0.0, 1.0],
                [0.641009, 0.753298, 0.147135, 0.124994, 0.085617, -0.260679, 0.961622, -0.002831, 0.762743, -0.60381, -0.231593, -1.2e-05, 0.0, 0.0, 0.0, 1.0],
                [0.653009, 0.740421, 0.159224, 0.124994, 0.09014, -0.284727, 0.954361, -0.002831, 0.751966, -0.608853, -0.252672, -1.2e-05, 0.0, 0.0, 0.0, 1.0],
                [0.665355, 0.726597, 0.171337, 0.124994, 0.094696, -0.309805, 0.946073, -0.002831, 0.740496, -0.613249, -0.274937, -1.2e-05, 0.0, 0.0, 0.0, 1.0],
                [0.677952, 0.711875, 0.183337, 0.124994, 0.099241, -0.335752, 0.936709, -0.002831, 0.728376, -0.616848, -0.298271, -1.2e-05, 0.0, 0.0, 0.0, 1.0],
                [0.690708, 0.696319, 0.19509, 0.124994, 0.103734, -0.362402, 0.926231, -0.002831, 0.715654, -0.619517, -0.322546, -1.2e-05, 0.0, 0.0, 0.0, 1.0],
                [0.703533, 0.680005, 0.206473, 0.124994, 0.108136, -0.389586, 0.91462, -0.002831, 0.702386, -0.621137, -0.347621, -1.2e-05, 0.0, 0.0, 0.0, 1.0],
                [0.716341, 0.663024, 0.217377, 0.124994, 0.112414, -0.417135, 0.901866, -0.002831, 0.688635, -0.621607, -0.373345, -1.2e-05, 0.0, 0.0, 0.0, 1.0],
                [0.729048, 0.645475, 0.227701, 0.124994, 0.116538, -0.444872, 0.887979, -0.002831, 0.674467, -0.620843, -0.399557, -1.2e-05, 0.0, 0.0, 0.0, 1.0],
                [0.741576, 0.627471, 0.237365, 0.124994, 0.120481, -0.472629, 0.872986, -0.002831, 0.659961, -0.618787, -0.42609, -1.2e-05, 0.0, 0.0, 0.0, 1.0],
                [0.753851, 0.609132, 0.246303, 0.124994, 0.124222, -0.500235, 0.856933, -0.002831, 0.645195, -0.615403, -0.452772, -1.2e-05, 0.0, 0.0, 0.0, 1.0],
                [0.765805, 0.590583, 0.254465, 0.124994, 0.127744, -0.527522, 0.839882, -0.002831, 0.630256, -0.610679, -0.479424, -1.2e-05, 0.0, 0.0, 0.0, 1.0],
                [0.777376, 0.571957, 0.261821, 0.124994, 0.131032, -0.554334, 0.821915, -0.002831, 0.615237, -0.604629, -0.505872, -1.2e-05, 0.0, 0.0, 0.0, 1.0],
                [0.788508, 0.553388, 0.268359, 0.124994, 0.134078, -0.580513, 0.803135, -0.002831, 0.600232, -0.597296, -0.531938, -1.2e-05, 0.0, 0.0, 0.0, 1.0],
                [0.79915, 0.535011, 0.274083, 0.124994, 0.136877, -0.605919, 0.783662, -0.002831, 0.58534, -0.588747, -0.557452, -1.2e-05, 0.0, 0.0, 0.0, 1.0],
                [0.80926, 0.516961, 0.279014, 0.124994, 0.139428, -0.630411, 0.763637, -0.002831, 0.570664, -0.579077, -0.582246, -1.2e-05, 0.0, 0.0, 0.0, 1.0],
                [0.8188, 0.49937, 0.283188, 0.124994, 0.141733, -0.653864, 0.743218, -0.002831, 0.556308, -0.568408, -0.606162, -1.2e-05, 0.0, 0.0, 0.0, 1.0],
                [0.827738, 0.482366, 0.286656, 0.124994, 0.143796, -0.676162, 0.722584, -0.002831, 0.542376, -0.556889, -0.629048, -1.2e-05, 0.0, 0.0, 0.0, 1.0],
                [0.83605, 0.466073, 0.289476, 0.124994, 0.145628, -0.697195, 0.701934, -0.002831, 0.528974, -0.544695, -0.650764, -1.2e-05, 0.0, 0.0, 0.0, 1.0],
                [0.843712, 0.45061, 0.291717, 0.124994, 0.147236, -0.716863, 0.681489, -0.002831, 0.516208, -0.532029, -0.671174, -1.2e-05, 0.0, 0.0, 0.0, 1.0],
                [0.85071, 0.436093, 0.293453, 0.124994, 0.148635, -0.735074, 0.661493, -0.002831, 0.504183, -0.51912, -0.690155, -1.2e-05, 0.0, 0.0, 0.0, 1.0],
                [0.857027, 0.422633, 0.294761, 0.124994, 0.149836, -0.751742, 0.642209, -0.002831, 0.493004, -0.506224, -0.707591, -1.2e-05, 0.0, 0.0, 0.0, 1.0],
                [0.862654, 0.41034, 0.295718, 0.124994, 0.150855, -0.766782, 0.623928, -0.002831, 0.482774, -0.493623, -0.723371, -1.2e-05, 0.0, 0.0, 0.0, 1.0],
                [0.867578, 0.39932, 0.296396, 0.124994, 0.151704, -0.780114, 0.606964, -0.002831, 0.473596, -0.481623, -0.737391, -1.2e-05, 0.0, 0.0, 0.0, 1.0],
                [0.871792, 0.389685, 0.296858, 0.124994, 0.152398, -0.791655, 0.591654, -0.002831, 0.465569, -0.470557, -0.749547, -1.2e-05, 0.0, 0.0, 0.0, 1.0],
                [0.875281, 0.381544, 0.297163, 0.124994, 0.152949, -0.801319, 0.578354, -0.002831, 0.45879, -0.460771, -0.759738, -1.2e-05, 0.0, 0.0, 0.0, 1.0],
                [0.878034, 0.375011, 0.297358, 0.124994, 0.153368, -0.809015, 0.567425, -0.002831, 0.453358, -0.452613, -0.767859, -1.2e-05, 0.0, 0.0, 0.0, 1.0],
                [0.880033, 0.370204, 0.297472, 0.124994, 0.153664, -0.814643, 0.559234, -0.002831, 0.449365, -0.446433, -0.773802, -1.2e-05, 0.0, 0.0, 0.0, 1.0],
                [0.881255, 0.367237, 0.297534, 0.124994, 0.15384, -0.818103, 0.554111, -0.002831, 0.446904, -0.442539, -0.777455, -1.2e-05, 0.0, 0.0, 0.0, 1.0],
                [0.88167, 0.366224, 0.297553, 0.124994, 0.1539, -0.819282, 0.55235, -0.002831, 0.446064, -0.441196, -0.778699, -1.2e-05, 0.0, 0.0, 0.0, 1.0]
            ]
        },
        {
            "name": "Leg_R",
            "time": [0.0, 0.0167, 0.0333, 0.05, 0.0667, 0.0833, 0.1, 0.1167, 0.1333, 0.15, 0.1667, 0.1833, 0.2, 0.2167, 0.2333, 0.25, 0.2667, 0.2833, 0.3, 0.3167, 0.3333, 0.35, 0.3667, 0.3833, 0.4, 0.4167, 0.4333, 0.45, 0.4667, 0.4833, 0.5, 0.5167, 0.5333, 0.55, 0.5667, 0.5833, 0.6, 0.6167, 0.6333, 0.65, 0.6667, 0.6833, 0.7, 0.7167, 0.7333, 0.75, 0.7667, 0.7833, 0.8, 0.8167, 0.8333, 0.85, 0.8667, 0.8833, 0.9, 0.9167, 0.9333, 0.95, 0.9667, 0.9833, 1.0, 1.0167, 1.0333, 1.05, 1.0667, 1.0833, 1.1, 1.1167, 1.1333, 1.15, 1.1667],
            "transform": [
                [1.0, -1e-06, 1e-06, -0.0, -0.0, 0.550083, 0.835109, 0.374726, -1e-06, -0.835112, 0.550082, -0.0, 0.0, 0.0, 0.0, 1.0],
                [1.0, -1e-06, 1e-06, 0.0, -0.0, 0.539169, 0.842197, 0.374726, -1e-06, -0.8422, 0.539167, 0.0, 0.0, 0.0, 0.0, 1.0],
                [1.0, -1e-06, 1e-06, 0.0, -0.0, 0.510637, 0.859796, 0.374726, -1e-06, -0.859798, 0.510635, -0.0, 0.0, 0.0, 0.0, 1.0],
                [1.0, -1e-06, 1e-06, 0.0, -0.0, 0.471385, 0.881927, 0.374726, -1e-06, -0.881929, 0.471383, -0.0, 0.0, 0.0, 0.0, 1.0],
                [1.0, -1e-06, 1e-06, 0.0, -0.0, 0.427932, 0.90381, 0.374726, -1e-06, -0.903812, 0.427931, 0.0, 0.0, 0.0, 0.0, 1.0],
                [1.0, -1e-06, 1e-06, 0.0, -0.0, 0.385501, 0.922707, 0.374726, -1e-06, -0.922708, 0.385501, 0.0, 0.0, 0.0, 0.0, 1.0],
                [1.0, -1e-06, 1e-06, -0.0, -0.0, 0.347717, 0.937598, 0.374726, -1e-06, -0.937601, 0.347716, 0.0, 0.0, 0.0, 0.0, 1.0],
                [1.0, -1e-06, 1e-06, -0.0, -0.0, 0.316766, 0.948503, 0.374726, -1e-06, -0.948505, 0.316765, 0.0, 0.0, 0.0, 0.0, 1.0],
                [1.0, -1e-06, 1e-06, 0.0, -0.0, 0.293801, 0.955865, 0.374726, -1e-06, -0.955868, 0.293801, -0.0, 0.0, 0.0, 0.0, 1.0],
                [1.0, -1e-06, 0.0, -0.0, -0.0, 0.279451, 0.960159, 0.374726, -1e-06, -0.960161, 0.279451, -0.0, 0.0, 0.0, 0.0, 1.0],
                [1.0, -1e-06, 0.0, 0.0, -0.0, 0.274409, 0.961612, 0.374726, -1e-06, -0.961614, 0.274409, 0.0, 0.0, 0.0, 0.0, 1.0],
                [1.000001, -1e-06, 0.0, -0.0, -0.0, 0.243951, 0.969787, 0.374726, -1e-06, -0.969789, 0.243951, -0.0, 0.0, 0.0, 0.0, 1.0],
                [1.0, -1e-06, 0.0, 0.0, -0.0, 0.04627, 0.998928, 0.374726, -1e-06, -0.99893, 0.04627, 0.0, 0.0, 0.0, 0.0, 1.0],
                [1.0, -1e-06, 0.0, 0.0, -0.0, -0.120345, 0.992732, 0.374726, -1e-06, -0.992733, -0.120345, -0.0, 0.0, 0.0, 0.0, 1.0],
                [1.0, -0.0, 1e-06, -0.0, 0.0, 0.999991, 0.004906, 0.374726, -1e-06, -0.004906, 0.999985, -0.0, 0.0, 0.0, 0.0, 1.0],
                [1.0, -0.0, 1e-06, 0.0, 0.0, 0.999991, 0.004836, 0.374726, -1e-06, -0.004836, 0.999985, -0.0, 0.0, 0.0, 0.0, 1.0],
                [1.0, -0.0, 1e-06, -0.0, -0.0, 0.999992, 0.004732, 0.374726, -1e-06, -0.004732, 0.999986, 0.0, 0.0, 0.0, 0.0, 1.0],
                [1.0, -0.0, 1e-06, -0.0, -0.0, 0.781862, 0.623452, 0.374726, -1e-06, -0.623455, 0.781859, -0.0, 0.0, 0.0, 0.0, 1.0],
                [1.0, -1e-06, 1e-06, -0.0, -0.0, 0.529769, 0.848141, 0.374726, -1e-06, -0.848144, 0.529767, -0.0, 0.0, 0.0, 0.0, 1.0],
                [1.0, -1e-06, 1e-06, 0.0, -0.0, 0.447699, 0.894183, 0.374726, -1e-06, -0.894186, 0.447698, -0.0, 0.0, 0.0, 0.0, 1.0],
                [1.0, -1e-06, 1e-06, 0.0, -0.0, 0.4526, 0.891713, 0.374726, -1e-06, -0.891715, 0.452599, -0.0, 0.0, 0.0, 0.0, 1.0],
                [1.0, -1e-06, 1e-06, -0.0, -0.0, 0.459018, 0.888426, 0.374726, -1e-06, -0.888429, 0.459017, 0.0, 0.0, 0.0, 0.0, 1.0],
                [1.0, -1e-06, 1e-06, -0.0, -0.0, 0.465491, 0.885052, 0.374726, -1e-06, -0.885054, 0.465489, -0.0, 0.0, 0.0, 0.0, 1.0],
                [1.0, -1e-06, 1e-06, 0.0, -0.0, 0.470506, 0.882396, 0.374726, -1e-06, -0.882398, 0.470505, -0.0, 0.0, 0.0, 0.0, 1.0],
                [1.0, -1e-06, 1e-06, 0.0, -0.0, 0.472521, 0.881319, 0.374726, -1e-06, -0.881321, 0.47252, -0.0, 0.0, 0.0, 0.0, 1.0],
                [1.0, -1e-06, 1e-06, 0.0, -0.0, 0.472521, 0.881319, 0.374726, -1e-06, -0.881321, 0.47252, 0.0, 0.0, 0.0, 0.0, 1.0],
                [1.0, -1e-06, 1e-06, -0.0, -0.0, 0.472521, 0.881318, 0.374726, -1e-06, -0.881321, 0.47252, 0.0, 0.0, 0.0, 0.0, 1.0],
                [1.0, -1e-06, 1e-06, 0.0, -0.0, 0.472521, 0.881319, 0.374726, -1e-06, -0.881321, 0.47252, -0.0, 0.0, 0.0, 0.0, 1.0],
                [1.0, -1e-06, 1e-06, -0.0, -0.0, 0.472521, 0.881319, 0.374726, -1e-06, -0.881321, 0.47252, 0.0, 0.0, 0.0, 0.0, 1.0],
                [1.0, -1e-06, 1e-06, -0.0, -0.0, 0.472521, 0.881319, 0.374726, -1e-06, -0.881321, 0.47252, 0.0, 0.0, 0.0, 0.0, 1.0],
                [1.0, -1e-06, 1e-06, -0.0, -0.0, 0.472521, 0.881319, 0.374726, -1e-06, -0.881321, 0.47252, 0.0, 0.0, 0.0, 0.0, 1.0],
                [1.0, -1e-06, 1e-06, 0.0, -0.0, 0.472914, 0.881107, 0.374726, -1e-06, -0.88111, 0.472913, 0.0, 0.0, 0.0, 0.0, 1.0],
                [1.0, -1e-06, 1e-06, -0.0, -0.0, 0.474077, 0.880483, 0.374726, -1e-06, -0.880485, 0.474075, 0.0, 0.0, 0.0, 0.0, 1.0],
                [1.0, -1e-06, 1e-06, -0.0, -0.0, 0.475994, 0.879447, 0.374726, -1e-06, -0.87945, 0.475993, -0.0, 0.0, 0.0, 0.0, 1.0],
                [1.0, -1e-06, 1e-06, -0.0, -0.0, 0.478663, 0.877997, 0.374726, -1e-06, -0.878, 0.478662, -0.0, 0.0, 0.0, 0.0, 1.0],
                [1.000001, -1e-06, 1e-06, 0.0, -0.0, 0.482092, 0.87612, 0.374726, -1e-06, -0.876122, 0.482091, -0.0, 0.0, 0.0, 0.0, 1.0],
                [1.0, -1e-06, 1e-06, -0.0, -0.0, 0.486298, 0.873792, 0.374726, -1e-06, -0.873794, 0.486296, -0.0, 0.0, 0.0, 0.0, 1.0],
                [1.0, -1e-06, 1e-06, -0.0, -0.0, 0.491299, 0.87099, 0.374726, -1e-06, -0.870992, 0.491298, -0.0, 0.0, 0.0, 0.0, 1.0],
                [1.0, -1e-06, 1e-06, 0.0, -0.0, 0.497116, 0.867683, 0.374726, -1e-06, -0.867686, 0.497115, 0.0, 0.0, 0.0, 0.0, 1.0],
                [1.0, -1e-06, 1e-06, 0.0, -0.0, 0.503773, 0.863836, 0.374726, -1e-06, -0.863838, 0.503771, 0.0, 0.0, 0.0, 0.0, 1.0],
                [1.0, -1e-06, 1e-06, 0.0, -0.0, 0.511284, 0.859411, 0.374726, -1e-06, -0.859413, 0.511283, 0.0, 0.0, 0.0, 0.0, 1.0],
                [1.000001, -1e-06, 1e-06, -0.0, -0.0, 0.519668, 0.854367, 0.374726, -1e-06, -0.854369, 0.519667, -0.0, 0.0, 0.0, 0.0, 1.0],
                [1.0, -1e-06, 1e-06, 0.0, -0.0, 0.52893, 0.848665, 0.374726, -1e-06, -0.848667, 0.528929, 0.0, 0.0, 0.0, 0.0, 1.0],
                [1.0, -1e-06, 1e-06, 0.0, -0.0, 0.539072, 0.842259, 0.374726, -1e-06, -0.842261, 0.539071, 0.0, 0.0, 0.0, 0.0, 1.0],
                [1.0, -1e-06, 1e-06, 0.0, -0.0, 0.550085, 0.835108, 0.374726, -1e-06, -0.83511, 0.550083, -0.0, 0.0, 0.0, 0.0, 1.0],
                [1.0, -1e-06, 1e-06, -0.0, -0.0, 0.561951, 0.82717, 0.374726, -1e-06, -0.827173, 0.561949, 0.0, 0.0, 0.0, 0.0, 1.0],
                [1.0, -1e-06, 1e-06, 0.0, -0.0, 0.574642, 0.818404, 0.374726, -1e-06, -0.818407, 0.57464, 0.0, 0.0, 0.0, 0.0, 1.0],
                [1.0, -1e-06, 1e-06, 0.0, -0.0, 0.588119, 0.808774, 0.374726, -1e-06, -0.808777, 0.588117, -0.0, 0.0, 0.0, 0.0, 1.0],
                [1.0, -1e-06, 1e-06, 0.0, -0.0, 0.602334, 0.798244, 0.374726, -1e-06, -0.798246, 0.602332, -0.0, 0.0, 0.0, 0.0, 1.0],
                [1.0, -1e-06, 1e-06, -0.0, -0.0, 0.617223, 0.786788, 0.374726, -1e-06, -0.786791, 0.61722, 0.0, 0.0, 0.0, 0.0, 1.0],
                [1.0, -1e-06, 1e-06, 0.0, -0.0, 0.632717, 0.774382, 0.374726, -1e-06, -0.774385, 0.632715, -0.0, 0.0, 0.0, 0.0, 1.0],
                [1.0, -1e-06, 1e-06, 0.0, -0.0, 0.64873, 0.761018, 0.374726, -1e-06, -0.761021, 0.648727, -0.0, 0.0, 0.0, 0.0, 1.0],
                [1.0, -0.0, 1e-06, -0.0, -0.0, 0.665172, 0.74669, 0.374726, -1e-06, -0.746693, 0.665169, 0.0, 0.0, 0.0, 0.0, 1.0],
                [1.0, -1e-06, 1e-06, -0.0, -0.0, 0.681939, 0.731409, 0.374726, -1e-06, -0.731412, 0.681936, 0.0, 0.0, 0.0, 0.0, 1.0],
                [1.0, -1e-06, 1e-06, -0.0, -0.0, 0.698917, 0.715203, 0.374726, -1e-06, -0.715206, 0.698914, 0.0, 0.0, 0.0, 0.0, 1.0],
                [1.0, -1e-06, 1e-06, 0.0, -0.0, 0.715989, 0.698111, 0.374726, -1e-06, -0.698114, 0.715986, 0.0, 0.0, 0.0, 0.0, 1.0],
                [1.0, -0.0, 1e-06, -0.0, -0.0, 0.733025, 0.680203, 0.374726, -1e-06, -0.680206, 0.733021, -0.0, 0.0, 0.0, 0.0, 1.0],
                [1.0, -0.0, 1e-06, -0.0, -0.0, 0.749888, 0.661564, 0.374726, -1e-06, -0.661567, 0.749885, -0.0, 0.0, 0.0, 0.0, 1.0],
                [1.0, -1e-06, 1e-06, 0.0, -0.0, 0.766443, 0.642313, 0.374726, -1e-06, -0.642316, 0.766439, 0.0, 0.0, 0.0, 0.0, 1.0],
                [1.0, -1e-06, 1e-06, -0.0, -0.0, 0.78254, 0.622601, 0.374726, -1e-06, -0.622603, 0.782537, 0.0, 0.0, 0.0, 0.0, 1.0],
                [1.0, -0.0, 1e-06, 0.0, -0.0, 0.79803, 0.602619, 0.374726, -1e-06, -0.602621, 0.798026, 0.0, 0.0, 0.0, 0.0, 1.0],
                [1.0, -0.0, 1e-06, 0.0, -0.0, 0.812759, 0.582601, 0.374726, -1e-06, -0.582603, 0.812756, -0.0, 0.0, 0.0, 0.0, 1.0],
                [1.0, -0.0, 1e-06, 0.0, -0.0, 0.826575, 0.562828, 0.374726, -1e-06, -0.562831, 0.826571, 0.0, 0.0, 0.0, 0.0, 1.0],
                [1.0, -0.0, 1e-06, 0.0, -0.0, 0.83932, 0.543639, 0.374726, -1e-06, -0.543642, 0.839316, 0.0, 0.0, 0.0, 0.0, 1.0],
                [1.0, -0.0, 1e-06, -0.0, -0.0, 0.850841, 0.525424, 0.374726, -1e-06, -0.525427, 0.850836, 0.0, 0.0, 0.0, 0.0, 1.0],
                [1.0, -0.0, 1e-06, 0.0, -0.0, 0.860983, 0.508636, 0.374726, -1e-06, -0.508639, 0.860978, -0.0, 0.0, 0.0, 0.0, 1.0],
                [1.0, -0.0, 1e-06, 0.0, -0.0, 0.869592, 0.493774, 0.374726, -1e-06, -0.493776, 0.869587, -0.0, 0.0, 0.0, 0.0, 1.0],
                [1.0, -0.0, 1e-06, 0.0, -0.0, 0.876526, 0.481357, 0.374726, -1e-06, -0.481359, 0.876522, -0.0, 0.0, 0.0, 0.0, 1.0],
                [1.0, -0.0, 1e-06, 0.0, -0.0, 0.881638, 0.471929, 0.374726, -1e-06, -0.471932, 0.881633, -0.0, 0.0, 0.0, 0.0, 1.0],
                [1.0, -0.0, 1e-06, -0.0, -0.0, 0.884798, 0.465978, 0.374726, -1e-06, -0.465981, 0.884793, 0.0, 0.0, 0.0, 0.0, 1.0],
                [1.000001, -0.0, 1e-06, 0.0, -0.0, 0.885877, 0.463922, 0.374726, -1e-06, -0.463924, 0.885873, -0.0, 0.0, 0.0, 0.0, 1.0]
            ]
        },
        {
            "name": "Knee_R",
            "time": [0.0, 1.1667],
            "transform": [
                [1.0, 0.0, -0.0, 0.0, -0.0, 0.00567, -0.999984, 0.422351, -0.0, 0.999984, 0.00567, -0.00027, 0.0, 0.0, 0.0, 1.0],
                [1.0, 0.0, -0.0, 0.0, -0.0, 0.00567, -0.999984, 0.374726, -0.0, 0.999984, 0.00567, 0.0, 0.0, 0.0, 0.0, 1.0]
            ]
        },
        {
            "name": "Thigh_L",
            "time": [0.0, 0.0167, 0.0333, 0.05, 0.0667, 0.0833, 0.1, 0.1167, 0.1333, 0.15, 0.1667, 0.1833, 0.2, 0.2167, 0.2333, 0.25, 0.2667, 0.2833, 0.3, 0.3167, 0.3333, 0.35, 0.3667, 0.3833, 0.4, 0.4167, 0.4333, 0.45, 0.4667, 0.4833, 0.5, 0.5167, 0.5333, 0.55, 0.5667, 0.5833, 0.6, 0.6167, 0.6333, 0.65, 0.6667, 0.6833, 0.7, 0.7167, 0.7333, 0.75, 0.7667, 0.7833, 0.8, 0.8167, 0.8333, 0.85, 0.8667, 0.8833, 0.9, 0.9167, 0.9333, 0.95, 0.9667, 0.9833, 1.0, 1.0167, 1.0333, 1.05, 1.0667, 1.0833, 1.1, 1.1167, 1.1333, 1.15, 1.1667],
            "transform": [
                [0.889819, -0.291873, -0.350758, -0.125006, -0.33931, -0.937186, -0.080925, -0.002831, -0.305106, 0.191024, -0.932962, -1.2e-05, 0.0, 0.0, 0.0, 1.0],
                [0.894034, -0.299384, -0.333274, -0.125006, -0.326654, -0.94474, -0.027603, -0.002831, -0.306593, 0.133544, -0.942425, -1.2e-05, 0.0, 0.0, 0.0, 1.0],
                [0.906315, -0.310262, -0.286929, -0.125006, -0.291105, -0.950537, 0.10833, -0.002831, -0.306348, -0.014655, -0.951806, -1.2e-05, 0.0, 0.0, 0.0, 1.0],
                [0.926665, -0.283299, -0.247048, -0.125006, -0.235641, -0.949887, 0.205392, -0.002831, -0.292856, -0.132115, -0.946985, -1.2e-05, 0.0, 0.0, 0.0, 1.0],
                [0.954789, -0.225604, -0.193597, -0.125006, -0.164086, -0.94297, 0.289624, -0.002831, -0.247897, -0.244763, -0.937357, -1.2e-05, 0.0, 0.0, 0.0, 1.0],
                [0.985038, -0.133684, -0.10876, -0.125006, -0.084711, -0.925174, 0.369968, -0.002831, -0.150081, -0.35522, -0.922656, -1.2e-05, 0.0, 0.0, 0.0, 1.0],
                [0.99988, -0.011112, 0.010726, -0.125006, -0.014767, -0.891285, 0.453202, -0.002831, 0.004524, -0.453306, -0.891343, -1.2e-05, 0.0, 0.0, 0.0, 1.0],
                [0.984593, 0.113934, 0.132651, -0.125006, 0.025607, -0.844364, 0.535157, -0.002831, 0.172978, -0.523514, -0.834273, -1.2e-05, 0.0, 0.0, 0.0, 1.0],
                [0.955137, 0.20376, 0.214928, -0.125006, 0.0351, -0.798476, 0.601002, -0.002831, 0.294075, -0.566495, -0.769807, -1.2e-05, 0.0, 0.0, 0.0, 1.0],
                [0.936771, 0.246453, 0.248436, -0.125006, 0.031555, -0.766532, 0.64143, -0.002831, 0.348516, -0.593033, -0.725843, -1.2e-05, 0.0, 0.0, 0.0, 1.0],
                [0.935427, 0.252304, 0.247627, -0.125006, 0.030282, -0.755073, 0.654939, -0.002831, 0.352221, -0.605149, -0.713957, -1.2e-05, 0.0, 0.0, 0.0, 1.0],
                [0.861784, 0.328898, 0.386204, -0.125006, -0.042473, -0.711875, 0.70102, -0.002831, 0.505494, -0.620531, -0.599513, -1.2e-05, 0.0, 0.0, 0.0, 1.0],
                [0.811029, 0.355558, 0.464554, -0.125006, -0.079487, -0.71976, 0.689657, -0.002831, 0.579581, -0.596257, -0.555484, -1.2e-05, 0.0, 0.0, 0.0, 1.0],
                [0.781401, 0.286086, 0.554586, -0.125006, -0.122627, -0.800995, 0.585976, -0.002831, 0.611861, -0.525889, -0.590818, -1.2e-05, 0.0, 0.0, 0.0, 1.0],
                [0.762545, 0.121748, 0.635375, -0.125006, -0.176365, -0.905809, 0.385233, -0.002831, 0.62243, -0.405816, -0.669248, -1.2e-05, 0.0, 0.0, 0.0, 1.0],
                [0.75378, -0.170672, 0.634576, -0.125006, -0.233662, -0.972184, 0.016082, -0.002831, 0.61418, -0.160399, -0.772694, -1.2e-05, 0.0, 0.0, 0.0, 1.0],
                [0.75536, -0.356403, 0.549916, -0.125006, -0.285153, -0.93432, -0.213853, -0.002831, 0.590015, 0.004726, -0.807378, -1.2e-05, 0.0, 0.0, 0.0, 1.0],
                [0.766164, -0.410556, 0.494404, -0.125006, -0.323128, -0.911113, -0.255852, -0.002831, 0.555499, 0.036268, -0.830725, -1.2e-05, 0.0, 0.0, 0.0, 1.0],
                [0.784762, -0.429428, 0.446923, -0.125006, -0.341061, -0.901287, -0.26713, -0.002831, 0.517519, 0.057205, -0.853757, -1.2e-05, 0.0, 0.0, 0.0, 1.0],
                [0.809888, -0.410143, 0.41936, -0.125006, -0.330532, -0.909703, -0.251372, -0.002831, 0.484592, 0.064971, -0.872324, -1.2e-05, 0.0, 0.0, 0.0, 1.0],
                [0.84212, -0.367574, 0.394618, -0.125006, -0.303031, -0.927814, -0.217559, -0.002831, 0.446102, 0.063629, -0.892717, -1.2e-05, 0.0, 0.0, 0.0, 1.0],
                [0.877279, -0.326322, 0.351988, -0.125006, -0.277692, -0.943209, -0.182325, -0.002831, 0.391495, 0.062205, -0.918075, -1.2e-05, 0.0, 0.0, 0.0, 1.0],
                [0.907734, -0.290737, 0.302473, -0.125006, -0.25515, -0.954863, -0.1521, -0.002831, 0.333042, 0.060891, -0.940944, -1.2e-05, 0.0, 0.0, 0.0, 1.0],
                [0.928115, -0.265826, 0.260652, -0.125006, -0.238622, -0.962156, -0.131584, -0.002831, 0.285766, 0.059927, -0.956424, -1.2e-05, 0.0, 0.0, 0.0, 1.0],
                [0.93547, -0.256546, 0.243062, -0.125006, -0.232333, -0.964694, -0.124035, -0.002831, 0.266301, 0.059559, -0.962048, -1.2e-05, 0.0, 0.0, 0.0, 1.0],
                [0.933376, -0.256527, 0.251003, -0.125006, -0.231251, -0.964699, -0.126005, -0.002831, 0.274466, 0.059565, -0.95975, -1.2e-05, 0.0, 0.0, 0.0, 1.0],
                [0.931173, -0.256508, 0.259075, -0.125006, -0.230131, -0.964704, -0.128002, -0.002831, 0.282764, 0.059571, -0.957337, -1.2e-05, 0.0, 0.0, 0.0, 1.0],
                [0.933376, -0.256527, 0.251003, -0.125006, -0.231251, -0.964699, -0.126005, -0.002831, 0.274466, 0.059565, -0.95975, -1.2e-05, 0.0, 0.0, 0.0, 1.0],
                [0.93547, -0.256546, 0.243062, -0.125006, -0.232333, -0.964694, -0.124035, -0.002831, 0.266301, 0.059559, -0.962048, -1.2e-05, 0.0, 0.0, 0.0, 1.0],
