{
    "animation": [
        {
            "name": "Root",
            "time": [0.0, 0.0167, 0.0333, 0.05, 0.0667, 0.0833, 0.1, 0.1167, 0.1333, 0.15, 0.1667, 0.1833, 0.2, 0.2167, 0.2333, 0.25, 0.2667, 0.2833, 0.3, 0.3167, 0.3333, 0.35, 0.3667, 0.3833, 0.4, 0.4167, 0.4333, 0.45, 0.4667, 0.4833, 0.5, 0.5167, 0.5333, 0.55, 0.5667, 0.5833, 0.6, 0.6167, 0.6333, 0.65, 0.6667, 0.6833, 0.7, 0.7167, 0.7333, 0.75, 0.7667, 0.7833, 0.8, 0.8167, 0.8333, 0.85, 0.8667, 0.8833, 0.9, 0.9167, 0.9333, 0.95, 0.9667, 0.9833, 1.0, 1.0167, 1.0333, 1.05, 1.0667, 1.0833, 1.1, 1.1167, 1.1333, 1.15, 1.1667, 1.1833, 1.2, 1.2167, 1.2333, 1.25, 1.2667, 1.2833, 1.3, 1.3167, 1.3333, 1.35, 1.3667, 1.3833, 1.4, 1.4167, 1.4333, 1.45, 1.4667, 1.4833, 1.5, 1.5167, 1.5333, 1.55, 1.5667, 1.5833, 1.6, 1.6167, 1.6333, 1.65, 1.6667],
            "transform": [
                [0.78635, 0.0, 0.617782, -5e-06, 0.613358, 0.119463, -0.780718, -0.081316, -0.073802, 0.992839, 0.09394, 0.728846, 0.0, 0.0, 0.0, 1.0],
                [0.80204, 0.001332, 0.597269, -5e-06, 0.592767, 0.12079, -0.796264, -0.071921, -0.073205, 0.992677, 0.096088, 0.727964, 0.0, 0.0, 0.0, 1.0],
                [0.843772, 0.005423, 0.536675, -5e-06, 0.531947, 0.124357, -0.837596, -0.045569, -0.071281, 0.992223, 0.102044, 0.725423, 0.0, 0.0, 0.0, 1.0],
                [0.900356, 0.012621, 0.434972, -5e-06, 0.429884, 0.12931, -0.893576, -0.005005, -0.067524, 0.991524, 0.111, 0.721384, 0.0, 0.0, 0.0, 1.0],
                [0.956349, 0.023297, 0.291297, -5e-06, 0.285734, 0.134417, -0.948835, 0.047024, -0.061261, 0.990651, 0.121893, 0.716004, 0.0, 0.0, 0.0, 1.0],
                [0.993281, 0.037467, 0.109495, -5e-06, 0.103374, 0.1381, -0.985009, 0.107773, -0.052026, 0.989709, 0.133299, 0.709442, 0.0, 0.0, 0.0, 1.0],
                [0.993653, 0.054448, -0.09843, -5e-06, -0.105147, 0.138705, -0.984736, 0.174494, -0.039964, 0.988836, 0.143549, 0.701857, 0.0, 0.0, 0.0, 1.0],
                [0.947082, 0.072798, -0.312629, -5e-06, -0.319934, 0.13501, -0.937771, 0.244442, -0.02606, 0.988166, 0.151156, 0.693407, 0.0, 0.0, 0.0, 1.0],
                [0.854928, 0.09068, -0.510759, -5e-06, -0.518609, 0.126691, -0.845573, 0.314871, -0.011968, 0.987789, 0.155339, 0.684252, 0.0, 0.0, 0.0, 1.0],
                [0.729607, 0.106503, -0.675522, -5e-06, -0.683866, 0.114375, -0.720587, 0.383034, 0.000518, 0.987712, 0.156283, 0.674551, 0.0, 0.0, 0.0, 1.0],
                [0.588919, 0.119407, -0.799322, -5e-06, -0.80813, 0.099242, -0.580583, 0.446185, 0.010001, 0.987873, 0.154941, 0.664461, 0.0, 0.0, 0.0, 1.0],
                [0.448606, 0.129459, -0.884304, -5e-06, -0.893586, 0.082694, -0.441209, 0.502197, 0.016009, 0.988131, 0.15278, 0.654157, 0.0, 0.0, 0.0, 1.0],
                [0.315652, 0.13716, -0.93891, -5e-06, -0.94868, 0.065665, -0.309344, 0.551424, 0.019224, 0.98837, 0.150848, 0.643875, 0.0, 0.0, 0.0, 1.0],
                [0.191806, 0.142898, -0.970974, -5e-06, -0.981221, 0.048463, -0.186698, 0.59484, 0.020378, 0.98855, 0.14951, 0.633864, 0.0, 0.0, 0.0, 1.0],
                [0.076404, 0.146959, -0.986187, -5e-06, -0.996875, 0.03118, -0.072586, 0.633417, 0.020082, 0.988651, 0.148882, 0.624376, 0.0, 0.0, 0.0, 1.0],
                [-0.032435, 0.149497, -0.98823, -5e-06, -0.999296, 0.013776, 0.034882, 0.668128, 0.018829, 0.988666, 0.148945, 0.61566, 0.0, 0.0, 0.0, 1.0],
                [-0.137127, 0.15052, -0.979051, -5e-06, -0.990408, -0.003863, 0.138124, 0.699947, 0.017009, 0.988599, 0.149606, 0.607967, 0.0, 0.0, 0.0, 1.0],
                [-0.24027, 0.149879, -0.959066, -5e-06, -0.970591, -0.021882, 0.239738, 0.729848, 0.014945, 0.988462, 0.150729, 0.601548, 0.0, 0.0, 0.0, 1.0],
                [-0.34442, 0.147245, -0.927197, -5e-06, -0.938727, -0.040423, 0.342283, 0.758802, 0.01292, 0.988274, 0.152146, 0.596653, 0.0, 0.0, 0.0, 1.0],
                [-0.451849, 0.142068, -0.880709, -5e-06, -0.892024, -0.059569, 0.448045, 0.787784, 0.01119, 0.988063, 0.153644, 0.593532, 0.0, 0.0, 0.0, 1.0],
                [-0.564113, 0.133512, -0.814832, -5e-06, -0.825637, -0.079256, 0.558607, 0.817767, 0.010001, 0.987873, 0.154941, 0.592436, 0.0, 0.0, 0.0, 1.0],
                [-0.682879, 0.120234, -0.720569, -5e-06, -0.730471, -0.099708, 0.675626, 0.849544, 0.009386, 0.987726, 0.155916, 0.592436, 0.0, 0.0, 0.0, 1.0],
                [-0.801594, 0.100931, -0.589288, -5e-06, -0.597798, -0.120156, 0.79259, 0.88319, 0.00919, 0.987611, 0.156653, 0.592436, 0.0, 0.0, 0.0, 1.0],
                [-0.90517, 0.075105, -0.418363, -5e-06, -0.424949, -0.138295, 0.894591, 0.918603, 0.009331, 0.987539, 0.157096, 0.592436, 0.0, 0.0, 0.0, 1.0],
                [-0.976203, 0.043397, -0.212476, -5e-06, -0.216647, -0.151406, 0.964439, 0.955677, 0.009684, 0.987519, 0.157205, 0.592436, 0.0, 0.0, 0.0, 1.0],
                [-0.999861, 0.007886, 0.014697, -5e-06, 0.013276, -0.157114, 0.987492, 0.994308, 0.010096, 0.987549, 0.156987, 0.592436, 0.0, 0.0, 0.0, 1.0],
                [-0.969667, -0.028246, 0.242795, -5e-06, 0.24421, -0.154304, 0.957368, 1.034393, 0.010422, 0.98762, 0.156521, 0.592436, 0.0, 0.0, 0.0, 1.0],
                [-0.890421, -0.061669, 0.45094, -5e-06, 0.455015, -0.14362, 0.878826, 1.075827, 0.010568, 0.98771, 0.155943, 0.592436, 0.0, 0.0, 0.0, 1.0],
                [-0.776013, -0.089956, 0.62427, -5e-06, 0.63063, -0.127159, 0.765596, 1.118507, 0.010511, 0.987795, 0.155406, 0.592436, 0.0, 0.0, 0.0, 1.0],
                [-0.643774, -0.112093, 0.756961, -5e-06, 0.765146, -0.107606, 0.634801, 1.162327, 0.010297, 0.987854, 0.155042, 0.592436, 0.0, 0.0, 0.0, 1.0],
                [-0.509196, -0.128324, 0.85103, -5e-06, 0.860593, -0.087406, 0.501737, 1.207185, 0.010001, 0.987873, 0.154941, 0.592436, 0.0, 0.0, 0.0, 1.0],
                [-0.370044, -0.140909, 0.918266, -5e-06, 0.928958, -0.067014, 0.364069, 1.25281, 0.010236, 0.987752, 0.155697, 0.594204, 0.0, 0.0, 0.0, 1.0],
                [-0.215953, -0.151214, 0.964624, -5e-06, 0.976336, -0.045078, 0.211509, 1.298275, 0.0115, 0.987473, 0.157371, 0.599004, 0.0, 0.0, 0.0, 1.0],
                [-0.049507, -0.15849, 0.986119, -5e-06, 0.998681, -0.021341, 0.046708, 1.342486, 0.013642, 0.98713, 0.159338, 0.606078, 0.0, 0.0, 0.0, 1.0],
                [0.122899, -0.161852, 0.979132, -5e-06, 0.992284, 0.003766, -0.123928, 1.38435, 0.01637, 0.986808, 0.161066, 0.614668, 0.0, 0.0, 0.0, 1.0],
                [0.291365, -0.16065, 0.943026, -5e-06, 0.956419, 0.029134, -0.29054, 1.422773, 0.019201, 0.986581, 0.162137, 0.624016, 0.0, 0.0, 0.0, 1.0],
                [0.444255, -0.15485, 0.882416, -5e-06, 0.895643, 0.053164, -0.441585, 1.456662, 0.021466, 0.986507, 0.162309, 0.633363, 0.0, 0.0, 0.0, 1.0],
                [0.571057, -0.145264, 0.807956, -5e-06, 0.820605, 0.074165, -0.566663, 1.484923, 0.022394, 0.986609, 0.161557, 0.641953, 0.0, 0.0, 0.0, 1.0],
                [0.664856, -0.133467, 0.73495, -5e-06, 0.74667, 0.090801, -0.658969, 1.506464, 0.021217, 0.986885, 0.160026, 0.649027, 0.0, 0.0, 0.0, 1.0],
                [0.722686, -0.121427, 0.680427, -5e-06, 0.690961, 0.102335, -0.715612, 1.52019, 0.017263, 0.987311, 0.157858, 0.653827, 0.0, 0.0, 0.0, 1.0],
                [0.743051, -0.111033, 0.65996, -5e-06, 0.669161, 0.108529, -0.73515, 1.525008, 0.010001, 0.987873, 0.154941, 0.655595, 0.0, 0.0, 0.0, 1.0],
                [0.743533, -0.102063, 0.660864, -5e-06, 0.668697, 0.11136, -0.735148, 1.525008, 0.001437, 0.988525, 0.151049, 0.655204, 0.0, 0.0, 0.0, 1.0],
                [0.743752, -0.093332, 0.661908, -5e-06, 0.668427, 0.112996, -0.735144, 1.525008, -0.00618, 0.989202, 0.146427, 0.654143, 0.0, 0.0, 0.0, 1.0],
                [0.743758, -0.084961, 0.663028, -5e-06, 0.668325, 0.113651, -0.735136, 1.525008, -0.012896, 0.989881, 0.141311, 0.65258, 0.0, 0.0, 0.0, 1.0],
                [0.743603, -0.077067, 0.664165, -5e-06, 0.668359, 0.113538, -0.735123, 1.525008, -0.018754, 0.99054, 0.135936, 0.650681, 0.0, 0.0, 0.0, 1.0],
                [0.743339, -0.06977, 0.665266, -5e-06, 0.668491, 0.112868, -0.735106, 1.525008, -0.023799, 0.991157, 0.13054, 0.648615, 0.0, 0.0, 0.0, 1.0],
                [0.743017, -0.063187, 0.666282, -5e-06, 0.668683, 0.111852, -0.735087, 1.525008, -0.028077, 0.991714, 0.125361, 0.646549, 0.0, 0.0, 0.0, 1.0],
                [0.742687, -0.05744, 0.66717, -5e-06, 0.668891, 0.110701, -0.735072, 1.525008, -0.031634, 0.992193, 0.120637, 0.644651, 0.0, 0.0, 0.0, 1.0],
                [0.742397, -0.052648, 0.667888, -5e-06, 0.66907, 0.109624, -0.73507, 1.525008, -0.034516, 0.992578, 0.116609, 0.643088, 0.0, 0.0, 0.0, 1.0],
                [0.742194, -0.048932, 0.668396, -5e-06, 0.669175, 0.10883, -0.735092, 1.525008, -0.036772, 0.992855, 0.113517, 0.642027, 0.0, 0.0, 0.0, 1.0],
                [0.742123, -0.046411, 0.668656, -5e-06, 0.669161, 0.108529, -0.73515, 1.525008, -0.03845, 0.993009, 0.111599, 0.641636, 0.0, 0.0, 0.0, 1.0],
                [0.742133, -0.044571, 0.668769, 7.4e-05, 0.669069, 0.108557, -0.73523, 1.52506, -0.039829, 0.993091, 0.110385, 0.641636, 0.0, 0.0, 0.0, 1.0],
                [0.742147, -0.042815, 0.668869, 0.000306, 0.668973, 0.108606, -0.73531, 1.525212, -0.041161, 0.993162, 0.109243, 0.64164, 0.0, 0.0, 0.0, 1.0],
                [0.742165, -0.041139, 0.668953, 0.000684, 0.668872, 0.108676, -0.735391, 1.525462, -0.042445, 0.993226, 0.108172, 0.64165, 0.0, 0.0, 0.0, 1.0],
                [0.742189, -0.039543, 0.669023, 0.001201, 0.668766, 0.108765, -0.735474, 1.525805, -0.043683, 0.993281, 0.107169, 0.641669, 0.0, 0.0, 0.0, 1.0],
                [0.742218, -0.038024, 0.669078, 0.001853, 0.668654, 0.108871, -0.73556, 1.526239, -0.044874, 0.993328, 0.106231, 0.641701, 0.0, 0.0, 0.0, 1.0],
                [0.742255, -0.03658, 0.669118, 0.002631, 0.668535, 0.108993, -0.73565, 1.526759, -0.04602, 0.993369, 0.105356, 0.641749, 0.0, 0.0, 0.0, 1.0],
                [0.742299, -0.035208, 0.669143, 0.003529, 0.66841, 0.10913, -0.735744, 1.527361, -0.04712, 0.993404, 0.104541, 0.641815, 0.0, 0.0, 0.0, 1.0],
                [0.742352, -0.033907, 0.669151, 0.004542, 0.668275, 0.109281, -0.735843, 1.528043, -0.048175, 0.993432, 0.103784, 0.641903, 0.0, 0.0, 0.0, 1.0],
                [0.742414, -0.032674, 0.669144, 0.005661, 0.668133, 0.109443, -0.735949, 1.5288, -0.049186, 0.993456, 0.103083, 0.642017, 0.0, 0.0, 0.0, 1.0],
                [0.742486, -0.031508, 0.66912, 0.006882, 0.667982, 0.109615, -0.736061, 1.529629, -0.050154, 0.993475, 0.102434, 0.642158, 0.0, 0.0, 0.0, 1.0],
                [0.742568, -0.030405, 0.66908, 0.008197, 0.66782, 0.109797, -0.73618, 1.530526, -0.051079, 0.993489, 0.101837, 0.642331, 0.0, 0.0, 0.0, 1.0],
                [0.742661, -0.029365, 0.669023, 0.0096, 0.667648, 0.109985, -0.736308, 1.531488, -0.051961, 0.993499, 0.101287, 0.642539, 0.0, 0.0, 0.0, 1.0],
                [0.742767, -0.028383, 0.668948, 0.011084, 0.667465, 0.11018, -0.736445, 1.532511, -0.052802, 0.993506, 0.100783, 0.642784, 0.0, 0.0, 0.0, 1.0],
                [0.742885, -0.02746, 0.668856, 0.012643, 0.66727, 0.110379, -0.736592, 1.533591, -0.053601, 0.99351, 0.100322, 0.643069, 0.0, 0.0, 0.0, 1.0],
                [0.743016, -0.026591, 0.668746, 0.01427, 0.667063, 0.110582, -0.736749, 1.534725, -0.05436, 0.993511, 0.099902, 0.643399, 0.0, 0.0, 0.0, 1.0],
                [0.74316, -0.025776, 0.668617, 0.015959, 0.666843, 0.110786, -0.736917, 1.53591, -0.055078, 0.99351, 0.09952, 0.643776, 0.0, 0.0, 0.0, 1.0],
                [0.74332, -0.025011, 0.668469, 0.017704, 0.666609, 0.11099, -0.737098, 1.537141, -0.055757, 0.993507, 0.099174, 0.644203, 0.0, 0.0, 0.0, 1.0],
                [0.743494, -0.024295, 0.668301, 0.019497, 0.66636, 0.111193, -0.737292, 1.538415, -0.056397, 0.993502, 0.098861, 0.644683, 0.0, 0.0, 0.0, 1.0],
                [0.743683, -0.023626, 0.668114, 0.021333, 0.666098, 0.111393, -0.7375, 1.539728, -0.056999, 0.993496, 0.098578, 0.645219, 0.0, 0.0, 0.0, 1.0],
                [0.743889, -0.023, 0.667907, 0.023204, 0.665819, 0.111589, -0.737721, 1.541077, -0.057563, 0.993488, 0.098324, 0.645815, 0.0, 0.0, 0.0, 1.0],
                [0.744112, -0.022417, 0.667679, 0.025105, 0.665524, 0.111779, -0.737958, 1.542457, -0.05809, 0.99348, 0.098096, 0.646474, 0.0, 0.0, 0.0, 1.0],
                [0.744352, -0.021873, 0.667429, 0.027028, 0.665213, 0.111963, -0.738211, 1.543867, -0.05858, 0.993472, 0.09789, 0.647199, 0.0, 0.0, 0.0, 1.0],
                [0.74461, -0.021367, 0.667158, 0.028968, 0.664884, 0.112138, -0.738481, 1.545301, -0.059034, 0.993463, 0.097706, 0.647992, 0.0, 0.0, 0.0, 1.0],
                [0.744886, -0.020896, 0.666864, 0.030917, 0.664537, 0.112303, -0.738768, 1.546757, -0.059453, 0.993454, 0.097539, 0.648858, 0.0, 0.0, 0.0, 1.0],
                [0.745182, -0.020459, 0.666547, 0.03287, 0.664171, 0.112457, -0.739074, 1.548229, -0.059837, 0.993446, 0.097389, 0.649799, 0.0, 0.0, 0.0, 1.0],
                [0.745496, -0.020052, 0.666208, 0.034819, 0.663787, 0.112598, -0.739398, 1.549716, -0.060187, 0.993438, 0.097252, 0.650818, 0.0, 0.0, 0.0, 1.0],
                [0.745831, -0.019674, 0.665844, 0.036759, 0.663381, 0.112725, -0.739742, 1.551214, -0.060503, 0.993432, 0.097125, 0.651919, 0.0, 0.0, 0.0, 1.0],
                [0.746187, -0.019323, 0.665456, 0.038682, 0.662956, 0.112836, -0.740106, 1.552718, -0.060786, 0.993426, 0.097007, 0.653105, 0.0, 0.0, 0.0, 1.0],
                [0.746563, -0.018995, 0.665044, 0.040583, 0.662509, 0.11293, -0.740492, 1.554225, -0.061037, 0.993421, 0.096894, 0.654378, 0.0, 0.0, 0.0, 1.0],
                [0.746961, -0.01869, 0.664605, 0.042454, 0.66204, 0.113005, -0.7409, 1.555732, -0.061256, 0.993419, 0.096784, 0.655742, 0.0, 0.0, 0.0, 1.0],
                [0.747381, -0.018405, 0.664141, 0.04429, 0.661549, 0.113061, -0.74133, 1.557234, -0.061444, 0.993418, 0.096676, 0.6572, 0.0, 0.0, 0.0, 1.0],
                [0.747823, -0.018138, 0.66365, 0.046083, 0.661034, 0.113095, -0.741784, 1.558729, -0.061601, 0.993419, 0.096565, 0.658756, 0.0, 0.0, 0.0, 1.0],
                [0.748289, -0.017887, 0.663132, 0.047827, 0.660495, 0.113106, -0.742262, 1.560212, -0.061728, 0.993422, 0.09645, 0.660411, 0.0, 0.0, 0.0, 1.0],
                [0.748778, -0.017648, 0.662586, 0.049516, 0.659931, 0.113093, -0.742765, 1.561681, -0.061825, 0.993428, 0.096328, 0.66217, 0.0, 0.0, 0.0, 1.0],
                [0.749291, -0.017421, 0.662012, 0.051144, 0.659342, 0.113055, -0.743294, 1.56313, -0.061894, 0.993436, 0.096197, 0.664036, 0.0, 0.0, 0.0, 1.0],
                [0.749828, -0.017203, 0.661409, 0.052703, 0.658727, 0.112989, -0.743849, 1.564558, -0.061935, 0.993447, 0.096054, 0.666011, 0.0, 0.0, 0.0, 1.0],
                [0.750391, -0.016993, 0.660776, 0.054187, 0.658085, 0.112894, -0.744432, 1.56596, -0.061948, 0.993462, 0.095897, 0.6681, 0.0, 0.0, 0.0, 1.0],
                [0.750978, -0.016786, 0.660113, 0.05559, 0.657416, 0.112769, -0.745042, 1.567332, -0.061934, 0.993479, 0.095723, 0.670304, 0.0, 0.0, 0.0, 1.0],
                [0.751592, -0.016583, 0.65942, 0.056905, 0.656718, 0.112612, -0.745681, 1.568671, -0.061893, 0.993501, 0.095529, 0.672627, 0.0, 0.0, 0.0, 1.0],
                [0.752232, -0.01638, 0.658694, 0.058125, 0.655991, 0.112423, -0.746349, 1.569973, -0.061827, 0.993525, 0.095313, 0.675073, 0.0, 0.0, 0.0, 1.0],
                [0.752899, -0.016175, 0.657937, 0.059245, 0.655234, 0.112198, -0.747048, 1.571235, -0.061736, 0.993554, 0.095073, 0.677644, 0.0, 0.0, 0.0, 1.0],
                [0.753593, -0.015967, 0.657147, 0.060257, 0.654446, 0.111938, -0.747777, 1.572454, -0.06162, 0.993587, 0.094805, 0.680343, 0.0, 0.0, 0.0, 1.0],
                [0.754315, -0.015752, 0.656323, 0.061156, 0.653627, 0.11164, -0.748537, 1.573624, -0.061481, 0.993624, 0.094508, 0.683175, 0.0, 0.0, 0.0, 1.0],
                [0.755066, -0.01553, 0.655465, 0.061934, 0.652776, 0.111303, -0.74933, 1.574743, -0.061318, 0.993665, 0.094178, 0.686141, 0.0, 0.0, 0.0, 1.0],
                [0.755844, -0.015297, 0.654573, 0.062585, 0.651891, 0.110925, -0.750156, 1.575808, -0.061133, 0.993711, 0.093814, 0.689244, 0.0, 0.0, 0.0, 1.0],
                [0.756652, -0.015053, 0.653644, 0.063103, 0.650973, 0.110504, -0.751015, 1.576814, -0.060926, 0.993762, 0.093412, 0.692489, 0.0, 0.0, 0.0, 1.0],
                [0.75749, -0.014794, 0.652679, 0.063481, 0.650019, 0.11004, -0.751908, 1.577758, -0.060697, 0.993817, 0.09297, 0.695879, 0.0, 0.0, 0.0, 1.0],
                [0.758357, -0.014518, 0.651677, 0.063713, 0.64903, 0.109531, -0.752837, 1.578636, -0.060449, 0.993877, 0.092486, 0.699415, 0.0, 0.0, 0.0, 1.0],
                [0.759255, -0.014224, 0.650638, 0.063791, 0.648005, 0.108974, -0.7538, 1.579445, -0.06018, 0.993943, 0.091956, 0.703102, 0.0, 0.0, 0.0, 1.0],
                [0.78635, 0.0, 0.617782, 0.060045, 0.613358, 0.119463, -0.780718, 1.579949, -0.073802, 0.992839, 0.09394, 0.708783, 0.0, 0.0, 0.0, 1.0]
            ]
        },
        {
            "name": "Thigh_R",
            "time": [0.0, 0.0167, 0.0333, 0.05, 0.0667, 0.0833, 0.1, 0.1167, 0.1333, 0.15, 0.1667, 0.1833, 0.2, 0.2167, 0.2333, 0.25, 0.2667, 0.2833, 0.3, 0.3167, 0.3333, 0.35, 0.3667, 0.3833, 0.4, 0.4167, 0.4333, 0.45, 0.4667, 0.4833, 0.5, 0.5167, 0.5333, 0.55, 0.5667, 0.5833, 0.6, 0.6167, 0.6333, 0.65, 0.6667, 0.6833, 0.7, 0.7167, 0.7333, 0.75, 0.7667, 0.7833, 0.8, 0.8167, 0.8333, 0.85, 0.8667, 0.8833, 0.9, 0.9167, 0.9333, 0.95, 0.9667, 0.9833, 1.0, 1.0167, 1.0333, 1.05, 1.0667, 1.0833, 1.1, 1.1167, 1.1333, 1.15, 1.1667, 1.1833, 1.2, 1.2167, 1.2333, 1.25, 1.2667, 1.2833, 1.3, 1.3167, 1.3333, 1.35, 1.3667, 1.3833, 1.4, 1.4167, 1.4333, 1.45, 1.4667, 1.4833, 1.5, 1.5167, 1.5333, 1.55, 1.5667, 1.5833, 1.6, 1.6167, 1.6333, 1.65, 1.6667],
            "transform": [
                [0.88167, 0.366224, 0.297553, 0.124994, 0.1539, -0.819282, 0.55235, -0.002831, 0.446064, -0.441196, -0.778699, -1.2e-05, 0.0, 0.0, 0.0, 1.0],
                [0.882392, 0.361053, 0.301703, 0.124994, 0.140894, -0.814551, 0.562719, -0.002831, 0.448924, -0.454029, -0.769626, -1.2e-05, 0.0, 0.0, 0.0, 1.0],
                [0.884042, 0.34593, 0.314328, 0.124994, 0.106841, -0.804243, 0.584616, -0.002831, 0.455033, -0.483241, -0.747945, -1.2e-05, 0.0, 0.0, 0.0, 1.0],
                [0.885763, 0.322238, 0.334045, 0.124994, 0.062035, -0.795446, 0.60284, -0.002831, 0.459973, -0.51325, -0.724568, -1.2e-05, 0.0, 0.0, 0.0, 1.0],
                [0.889362, 0.292587, 0.351321, 0.124994, 0.020866, -0.793589, 0.608096, -0.002831, 0.456725, -0.533486, -0.711895, -1.2e-05, 0.0, 0.0, 0.0, 1.0],
                [0.899979, 0.260552, 0.349499, 0.124994, -0.001557, -0.7998, 0.600264, -0.002831, 0.435929, -0.540769, -0.719399, -1.2e-05, 0.0, 0.0, 0.0, 1.0],
                [0.921131, 0.231182, 0.313165, 0.124994, 0.004472, -0.810759, 0.585361, -0.002831, 0.389226, -0.537793, -0.747851, -1.2e-05, 0.0, 0.0, 0.0, 1.0],
                [0.948753, 0.210114, 0.23605, 0.124994, 0.040368, -0.821408, 0.568908, -0.002831, 0.31343, -0.530224, -0.787797, -1.2e-05, 0.0, 0.0, 0.0, 1.0],
                [0.971904, 0.200661, 0.123035, 0.124994, 0.101077, -0.827867, 0.551741, -0.002831, 0.212569, -0.523802, -0.824891, -1.2e-05, 0.0, 0.0, 0.0, 1.0],
                [0.979298, 0.201992, -0.013222, 0.124994, 0.178079, -0.828616, 0.530738, -0.002831, 0.096249, -0.522104, -0.847434, -1.2e-05, 0.0, 0.0, 0.0, 1.0],
                [0.964807, 0.209923, -0.158362, 0.124994, 0.261752, -0.824272, 0.502056, -0.002831, -0.025141, -0.525838, -0.850213, -1.2e-05, 0.0, 0.0, 0.0, 1.0],
                [0.93238, 0.229941, -0.278916, 0.124994, 0.341591, -0.812873, 0.471752, -0.002831, -0.118248, -0.535126, -0.836455, -1.2e-05, 0.0, 0.0, 0.0, 1.0],
                [0.896849, 0.264781, -0.354335, 0.124994, 0.412035, -0.791455, 0.451469, -0.002831, -0.1609, -0.550896, -0.818916, -1.2e-05, 0.0, 0.0, 0.0, 1.0],
                [0.866948, 0.30627, -0.393191, 0.124994, 0.470867, -0.761889, 0.444755, -0.002831, -0.163353, -0.570719, -0.804733, -1.2e-05, 0.0, 0.0, 0.0, 1.0],
                [0.845679, 0.348391, -0.40429, 0.124994, 0.515744, -0.728292, 0.451218, -0.002831, -0.137241, -0.590094, -0.795583, -1.2e-05, 0.0, 0.0, 0.0, 1.0],
                [0.832606, 0.38719, -0.396043, 0.124994, 0.54548, -0.697187, 0.465167, -0.002831, -0.096008, -0.603333, -0.791688, -1.2e-05, 0.0, 0.0, 0.0, 1.0],
                [0.838144, 0.373977, -0.397058, 0.124994, 0.543047, -0.640367, 0.543166, -0.002831, -0.051131, -0.670872, -0.739808, -1.2e-05, 0.0, 0.0, 0.0, 1.0],
                [0.856308, 0.331044, -0.396416, 0.124994, 0.516294, -0.568441, 0.640558, -0.002831, -0.013286, -0.75318, -0.657678, -1.2e-05, 0.0, 0.0, 0.0, 1.0],
                [0.870269, 0.329698, -0.365966, 0.124994, 0.492128, -0.550284, 0.674534, -0.002831, 0.021007, -0.767127, -0.64115, -1.2e-05, 0.0, 0.0, 0.0, 1.0],
                [0.868801, 0.385041, -0.311332, 0.124994, 0.49196, -0.599834, 0.63101, -0.002831, 0.056217, -0.701384, -0.710562, -1.2e-05, 0.0, 0.0, 0.0, 1.0],
                [0.846949, 0.473096, -0.242602, 0.124994, 0.523632, -0.663178, 0.534792, -0.002831, 0.09212, -0.579975, -0.809408, -1.2e-05, 0.0, 0.0, 0.0, 1.0],
                [0.810139, 0.554978, -0.188872, 0.124994, 0.573035, -0.68168, 0.45491, -0.002831, 0.123715, -0.47677, -0.870279, -1.2e-05, 0.0, 0.0, 0.0, 1.0],
                [0.768688, 0.614889, -0.176147, 0.124994, 0.622972, -0.657299, 0.424102, -0.002831, 0.144995, -0.435736, -0.888319, -1.2e-05, 0.0, 0.0, 0.0, 1.0],
                [0.734423, 0.644313, -0.213265, 0.124994, 0.661886, -0.610464, 0.435017, -0.002831, 0.150097, -0.460643, -0.874802, -1.2e-05, 0.0, 0.0, 0.0, 1.0],
                [0.71401, 0.634827, -0.295269, 0.124994, 0.687406, -0.555584, 0.467758, -0.002831, 0.132899, -0.536952, -0.833078, -1.2e-05, 0.0, 0.0, 0.0, 1.0],
                [0.700313, 0.587994, -0.404751, 0.124994, 0.708297, -0.50189, 0.496407, -0.002831, 0.088744, -0.634323, -0.767957, -1.2e-05, 0.0, 0.0, 0.0, 1.0],
                [0.686785, 0.509041, -0.518848, 0.124994, 0.726407, -0.455481, 0.514654, -0.002831, 0.025654, -0.730349, -0.68259, -1.2e-05, 0.0, 0.0, 0.0, 1.0],
                [0.678335, 0.410806, -0.609179, 0.124994, 0.734033, -0.415555, 0.53713, -0.002831, -0.032492, -0.81151, -0.583432, -1.2e-05, 0.0, 0.0, 0.0, 1.0],
                [0.687074, 0.316377, -0.654091, 0.124994, 0.723261, -0.38385, 0.574067, -0.002831, -0.069451, -0.867502, -0.492558, -1.2e-05, 0.0, 0.0, 0.0, 1.0],
                [0.72175, 0.263296, -0.640119, 0.124994, 0.688229, -0.371344, 0.623253, -0.002831, -0.073605, -0.890379, -0.449227, -1.2e-05, 0.0, 0.0, 0.0, 1.0],
                [0.794577, 0.303509, -0.52586, 0.124994, 0.606271, -0.443544, 0.660079, -0.002831, -0.032902, -0.843296, -0.53644, -1.2e-05, 0.0, 0.0, 0.0, 1.0],
                [0.855112, 0.401871, -0.32754, 0.124994, 0.517209, -0.617705, 0.592397, -0.002831, 0.035744, -0.675971, -0.73606, -1.2e-05, 0.0, 0.0, 0.0, 1.0],
                [0.870513, 0.477503, -0.119152, 0.124994, 0.480999, -0.774251, 0.411307, -0.002831, 0.104146, -0.415359, -0.903676, -1.2e-05, 0.0, 0.0, 0.0, 1.0],
                [0.858669, 0.506821, 0.07627, 0.124994, 0.482771, -0.849775, 0.211685, -0.002831, 0.172099, -0.144946, -0.974358, -1.2e-05, 0.0, 0.0, 0.0, 1.0],
                [0.843455, 0.503992, 0.18594, 0.124994, 0.474144, -0.861143, 0.183349, -0.002831, 0.252528, -0.066484, -0.965303, -1.2e-05, 0.0, 0.0, 0.0, 1.0],
                [0.834402, 0.516368, 0.192707, 0.124994, 0.424504, -0.825097, 0.372839, -0.002831, 0.351524, -0.229292, -0.907665, -1.2e-05, 0.0, 0.0, 0.0, 1.0],
                [0.824144, 0.51576, 0.234046, 0.124994, 0.35176, -0.789974, 0.502198, -0.002831, 0.443904, -0.331555, -0.832478, -1.2e-05, 0.0, 0.0, 0.0, 1.0],
                [0.81534, 0.505971, 0.281449, 0.124994, 0.275214, -0.76637, 0.58046, -0.002831, 0.50939, -0.395812, -0.764104, -1.2e-05, 0.0, 0.0, 0.0, 1.0],
                [0.811051, 0.491437, 0.317309, 0.124993, 0.214154, -0.754216, 0.620722, -0.002831, 0.544366, -0.435483, -0.716952, -1.2e-05, 0.0, 0.0, 0.0, 1.0],
                [0.810214, 0.480333, 0.335905, 0.124994, 0.178558, -0.748113, 0.639094, -0.002831, 0.558274, -0.457824, -0.691901, -1.2e-05, 0.0, 0.0, 0.0, 1.0],
                [0.80925, 0.481235, 0.336938, 0.124994, 0.1723, -0.74275, 0.647019, -0.002831, 0.561629, -0.465545, -0.683989, -1.2e-05, 0.0, 0.0, 0.0, 1.0],
                [0.807093, 0.49048, 0.328677, 0.124994, 0.181822, -0.736098, 0.651997, -0.002831, 0.56173, -0.466461, -0.683281, -1.2e-05, 0.0, 0.0, 0.0, 1.0],
                [0.804822, 0.499895, 0.319946, 0.124994, 0.191127, -0.728644, 0.657683, -0.002831, 0.561899, -0.468167, -0.681974, -1.2e-05, 0.0, 0.0, 0.0, 1.0],
                [0.802505, 0.50915, 0.311047, 0.124994, 0.200081, -0.72079, 0.663648, -0.002831, 0.562096, -0.470346, -0.68031, -1.2e-05, 0.0, 0.0, 0.0, 1.0],
                [0.800211, 0.517963, 0.302284, 0.124994, 0.208544, -0.712915, 0.669522, -0.002831, 0.562292, -0.472718, -0.678502, -1.2e-05, 0.0, 0.0, 0.0, 1.0],
                [0.798009, 0.526093, 0.293951, 0.124994, 0.216381, -0.705371, 0.675003, -0.002831, 0.56246, -0.475053, -0.67673, -1.2e-05, 0.0, 0.0, 0.0, 1.0],
                [0.795971, 0.533336, 0.286325, 0.124994, 0.223452, -0.698472, 0.679857, -0.002831, 0.562583, -0.477165, -0.675139, -1.2e-05, 0.0, 0.0, 0.0, 1.0],
                [0.794168, 0.539518, 0.279672, 0.124994, 0.229617, -0.692506, 0.683893, -0.002831, 0.562648, -0.478908, -0.67385, -1.2e-05, 0.0, 0.0, 0.0, 1.0],
                [0.792673, 0.544478, 0.274248, 0.124994, 0.234733, -0.687743, 0.686956, -0.002831, 0.562646, -0.480155, -0.672964, -1.2e-05, 0.0, 0.0, 0.0, 1.0],
                [0.791553, 0.548069, 0.270302, 0.124994, 0.238658, -0.684441, 0.688899, -0.002831, 0.562571, -0.48079, -0.672574, -1.2e-05, 0.0, 0.0, 0.0, 1.0],
                [0.790878, 0.550128, 0.268085, 0.124994, 0.241248, -0.682857, 0.689568, -0.002831, 0.562415, -0.480689, -0.672775, -1.2e-05, 0.0, 0.0, 0.0, 1.0],
                [0.790535, 0.551248, 0.266796, 0.124994, 0.242943, -0.682177, 0.689647, -0.002831, 0.562169, -0.480372, -0.673208, -1.2e-05, 0.0, 0.0, 0.0, 1.0],
                [0.790362, 0.552131, 0.265477, 0.124994, 0.244288, -0.681419, 0.689921, -0.002831, 0.561828, -0.480433, -0.673448, -1.2e-05, 0.0, 0.0, 0.0, 1.0],
                [0.790356, 0.552781, 0.264138, 0.124994, 0.245295, -0.6806, 0.690371, -0.002831, 0.561397, -0.480846, -0.673512, -1.2e-05, 0.0, 0.0, 0.0, 1.0],
                [0.790513, 0.553199, 0.262791, 0.124994, 0.245976, -0.679736, 0.69098, -0.002831, 0.560879, -0.481587, -0.673415, -1.2e-05, 0.0, 0.0, 0.0, 1.0],
                [0.790827, 0.553386, 0.261448, 0.124994, 0.246342, -0.678844, 0.691727, -0.002831, 0.560275, -0.48263, -0.673172, -1.2e-05, 0.0, 0.0, 0.0, 1.0],
                [0.791295, 0.553344, 0.260119, 0.124994, 0.246404, -0.677938, 0.692592, -0.002831, 0.559587, -0.483948, -0.672797, -1.2e-05, 0.0, 0.0, 0.0, 1.0],
                [0.791909, 0.553075, 0.258819, 0.124994, 0.246174, -0.677036, 0.693556, -0.00283, 0.558819, -0.485517, -0.672305, -1.2e-05, 0.0, 0.0, 0.0, 1.0],
                [0.792665, 0.55258, 0.257559, 0.124994, 0.245663, -0.676151, 0.694599, -0.002831, 0.557971, -0.487311, -0.671711, -1.2e-05, 0.0, 0.0, 0.0, 1.0],
                [0.793557, 0.551861, 0.256353, 0.124994, 0.244883, -0.675301, 0.695702, -0.002831, 0.557046, -0.489301, -0.671032, -1.2e-05, 0.0, 0.0, 0.0, 1.0],
                [0.794578, 0.550919, 0.255213, 0.124994, 0.243843, -0.674499, 0.696843, -0.002831, 0.556045, -0.491463, -0.670281, -1.2e-05, 0.0, 0.0, 0.0, 1.0],
                [0.795723, 0.549756, 0.25415, 0.124994, 0.242556, -0.673761, 0.698005, -0.002831, 0.55497, -0.493772, -0.669475, -1.2e-05, 0.0, 0.0, 0.0, 1.0],
                [0.796984, 0.548375, 0.253178, 0.124994, 0.241033, -0.673101, 0.699169, -0.002831, 0.553822, -0.496202, -0.668629, -1.2e-05, 0.0, 0.0, 0.0, 1.0],
                [0.798356, 0.54678, 0.252305, 0.124994, 0.239285, -0.672532, 0.700316, -0.002831, 0.552603, -0.498728, -0.667757, -1.2e-05, 0.0, 0.0, 0.0, 1.0],
                [0.799831, 0.544972, 0.251545, 0.124994, 0.237324, -0.672068, 0.701428, -0.002831, 0.551314, -0.501325, -0.666877, -1.2e-05, 0.0, 0.0, 0.0, 1.0],
                [0.801403, 0.542954, 0.250905, 0.124994, 0.235161, -0.671723, 0.702485, -0.002831, 0.549956, -0.50397, -0.666004, -1.2e-05, 0.0, 0.0, 0.0, 1.0],
                [0.803064, 0.54073, 0.250395, 0.124994, 0.232809, -0.671509, 0.703473, -0.002831, 0.548533, -0.506639, -0.665153, -1.2e-05, 0.0, 0.0, 0.0, 1.0],
                [0.804807, 0.538305, 0.250026, 0.124994, 0.230278, -0.671439, 0.704372, -0.002831, 0.547044, -0.509307, -0.66434, -1.2e-05, 0.0, 0.0, 0.0, 1.0],
                [0.806625, 0.535681, 0.249801, 0.124994, 0.227582, -0.671525, 0.705166, -0.002831, 0.545493, -0.511954, -0.663581, -1.2e-05, 0.0, 0.0, 0.0, 1.0],
                [0.808511, 0.532864, 0.24973, 0.124994, 0.224733, -0.671778, 0.705839, -0.002831, 0.543879, -0.514555, -0.662893, -1.2e-05, 0.0, 0.0, 0.0, 1.0],
                [0.810457, 0.529859, 0.249818, 0.124994, 0.221743, -0.67221, 0.706373, -0.002831, 0.542208, -0.517088, -0.662291, -1.2e-05, 0.0, 0.0, 0.0, 1.0],
                [0.812456, 0.526668, 0.25007, 0.124994, 0.218625, -0.672832, 0.706752, -0.002831, 0.540479, -0.519533, -0.661791, -1.2e-05, 0.0, 0.0, 0.0, 1.0],
                [0.814501, 0.523298, 0.25049, 0.124994, 0.215393, -0.673656, 0.70696, -0.002831, 0.538696, -0.521865, -0.661409, -1.2e-05, 0.0, 0.0, 0.0, 1.0],
                [0.816585, 0.519755, 0.251083, 0.124994, 0.212059, -0.674691, 0.706981, -0.002831, 0.536861, -0.524064, -0.661163, -1.2e-05, 0.0, 0.0, 0.0, 1.0],
                [0.818699, 0.516044, 0.251851, 0.124994, 0.208638, -0.675949, 0.706797, -0.002831, 0.534977, -0.526108, -0.661067, -1.2e-05, 0.0, 0.0, 0.0, 1.0],
                [0.820839, 0.512168, 0.252796, 0.124994, 0.205143, -0.677438, 0.706394, -0.002831, 0.533047, -0.527975, -0.661137, -1.2e-05, 0.0, 0.0, 0.0, 1.0],
                [0.822996, 0.508134, 0.25392, 0.124994, 0.201589, -0.679171, 0.705753, -0.002831, 0.531073, -0.529643, -0.661391, -1.2e-05, 0.0, 0.0, 0.0, 1.0],
                [0.825164, 0.503949, 0.255223, 0.124994, 0.197989, -0.681156, 0.704858, -0.002831, 0.52906, -0.531091, -0.661844, -1.2e-05, 0.0, 0.0, 0.0, 1.0],
                [0.827336, 0.499617, 0.256706, 0.124994, 0.194359, -0.683404, 0.703692, -0.002831, 0.527011, -0.532295, -0.662511, -1.2e-05, 0.0, 0.0, 0.0, 1.0],
                [0.829505, 0.495142, 0.258369, 0.124994, 0.190712, -0.685926, 0.702235, -0.002831, 0.524929, -0.533232, -0.66341, -1.2e-05, 0.0, 0.0, 0.0, 1.0],
                [0.831666, 0.490531, 0.260211, 0.124994, 0.187063, -0.68873, 0.70047, -0.002831, 0.522817, -0.53388, -0.664555, -1.2e-05, 0.0, 0.0, 0.0, 1.0],
                [0.833813, 0.485787, 0.262232, 0.124994, 0.183429, -0.691827, 0.698375, -0.002831, 0.520681, -0.534213, -0.665963, -1.2e-05, 0.0, 0.0, 0.0, 1.0],
                [0.83594, 0.480916, 0.26443, 0.124994, 0.179823, -0.695227, 0.695933, -0.002831, 0.518525, -0.534207, -0.667648, -1.2e-05, 0.0, 0.0, 0.0, 1.0],
                [0.838041, 0.47592, 0.266806, 0.124994, 0.17626, -0.698941, 0.693117, -0.002831, 0.516351, -0.533832, -0.669629, -1.2e-05, 0.0, 0.0, 0.0, 1.0],
                [0.840113, 0.470804, 0.269358, 0.124994, 0.172757, -0.702981, 0.689907, -0.002831, 0.514165, -0.533065, -0.671919, -1.1e-05, 0.0, 0.0, 0.0, 1.0],
                [0.842148, 0.46557, 0.272086, 0.124994, 0.169328, -0.707357, 0.686275, -0.002831, 0.511972, -0.531872, -0.674534, -1.2e-05, 0.0, 0.0, 0.0, 1.0],
                [0.844143, 0.460219, 0.27499, 0.124994, 0.165988, -0.71208, 0.682194, -0.002831, 0.509774, -0.530223, -0.67749, -1.2e-05, 0.0, 0.0, 0.0, 1.0],
                [0.846094, 0.454753, 0.278071, 0.124994, 0.162753, -0.717165, 0.677632, -0.002831, 0.507578, -0.528083, -0.680803, -1.2e-05, 0.0, 0.0, 0.0, 1.0],
                [0.847997, 0.449169, 0.28133, 0.124994, 0.159637, -0.722624, 0.672554, -0.002831, 0.505387, -0.525413, -0.684489, -1.2e-05, 0.0, 0.0, 0.0, 1.0],
                [0.849849, 0.443466, 0.28477, 0.124994, 0.156656, -0.728472, 0.666924, -0.002831, 0.503205, -0.522173, -0.688564, -1.2e-05, 0.0, 0.0, 0.0, 1.0],
                [0.851645, 0.437638, 0.288395, 0.124994, 0.153823, -0.734723, 0.660695, -0.002831, 0.501037, -0.518315, -0.693044, -1.1e-05, 0.0, 0.0, 0.0, 1.0],
                [0.853383, 0.431679, 0.292213, 0.124994, 0.151154, -0.741398, 0.65382, -0.002831, 0.498887, -0.513789, -0.697949, -1.2e-05, 0.0, 0.0, 0.0, 1.0],
                [0.855061, 0.425578, 0.296232, 0.124994, 0.148663, -0.748515, 0.646238, -0.002831, 0.496759, -0.508533, -0.703295, -1.2e-05, 0.0, 0.0, 0.0, 1.0],
                [0.856675, 0.41932, 0.300463, 0.124994, 0.146365, -0.756096, 0.637883, -0.002831, 0.494656, -0.50248, -0.709104, -1.2e-05, 0.0, 0.0, 0.0, 1.0],
                [0.858223, 0.412885, 0.304924, 0.124994, 0.144272, -0.764169, 0.628674, -0.002831, 0.492584, -0.49555, -0.715397, -1.2e-05, 0.0, 0.0, 0.0, 1.0],
                [0.859703, 0.406245, 0.309636, 0.124994, 0.142397, -0.772765, 0.618511, -0.002831, 0.490543, -0.487644, -0.722198, -1.2e-05, 0.0, 0.0, 0.0, 1.0],
                [0.861114, 0.399364, 0.314626, 0.124994, 0.140755, -0.78192, 0.607278, -0.002831, 0.488538, -0.47865, -0.729537, -1.2e-05, 0.0, 0.0, 0.0, 1.0],
                [0.862454, 0.392191, 0.319934, 0.124994, 0.139358, -0.791685, 0.594821, -0.002831, 0.486571, -0.468419, -0.737449, -1.2e-05, 0.0, 0.0, 0.0, 1.0],
                [0.863721, 0.38466, 0.325609, 0.124994, 0.138217, -0.802117, 0.580949, -0.002831, 0.484645, -0.456772, -0.745974, -1.2e-05, 0.0, 0.0, 0.0, 1.0],
                [0.864914, 0.376672, 0.331724, 0.124994, 0.137345, -0.813299, 0.565401, -0.00283, 0.482762, -0.443462, -0.75517, -1.2e-05, 0.0, 0.0, 0.0, 1.0],
                [0.88167, 0.366224, 0.297553, 0.124994, 0.1539, -0.819282, 0.55235, -0.002831, 0.446064, -0.441196, -0.778699, -1.2e-05, 0.0, 0.0, 0.0, 1.0]
            ]
        },
        {
            "name": "Leg_R",
            "time": [0.0, 0.0167, 0.0333, 0.05, 0.0667, 0.0833, 0.1, 0.1167, 0.1333, 0.15, 0.1667, 0.1833, 0.2, 0.2167, 0.2333, 0.25, 0.2667, 0.2833, 0.3, 0.3167, 0.3333, 0.35, 0.3667, 0.3833, 0.4, 0.4167, 0.4333, 0.45, 0.4667, 0.4833, 0.5, 0.5167, 0.5333, 0.55, 0.5667, 0.5833, 0.6, 0.6167, 0.6333, 0.65, 0.6667, 0.6833, 0.7, 0.7167, 0.7333, 0.75, 0.7667, 0.7833, 0.8, 0.8167, 0.8333, 0.85, 0.8667, 0.8833, 0.9, 0.9167, 0.9333, 0.95, 0.9667, 0.9833, 1.0, 1.0167, 1.0333, 1.05, 1.0667, 1.0833, 1.1, 1.1167, 1.1333, 1.15, 1.1667, 1.1833, 1.2, 1.2167, 1.2333, 1.25, 1.2667, 1.2833, 1.3, 1.3167, 1.3333, 1.35, 1.3667, 1.3833, 1.4, 1.4167, 1.4333, 1.45, 1.4667, 1.4833, 1.5, 1.5167, 1.5333, 1.55, 1.5667, 1.5833, 1.6, 1.6167, 1.6333, 1.65, 1.6667],
            "transform": [
                [1.000001, -0.0, 1e-06, -0.0, -0.0, 0.885877, 0.463923, 0.374726, -1e-06, -0.463925, 0.885873, -0.0, 0.0, 0.0, 0.0, 1.0],
                [1.0, -0.0, 1e-06, -0.0, -0.0, 0.872345, 0.488893, 0.374726, -1e-06, -0.488895, 0.872341, 0.0, 0.0, 0.0, 0.0, 1.0],
                [1.0, -0.0, 1e-06, 0.0, -0.0, 0.836669, 0.54771, 0.374726, -1e-06, -0.547713, 0.836665, 0.0, 0.0, 0.0, 0.0, 1.0],
                [1.0, -0.0, 1e-06, 0.0, -0.0, 0.788182, 0.615443, 0.374726, -1e-06, -0.615445, 0.788179, -0.0, 0.0, 0.0, 0.0, 1.0],
                [1.0, -1e-06, 1e-06, 0.0, -0.0, 0.736192, 0.676773, 0.374726, -1e-06, -0.676776, 0.736189, -0.0, 0.0, 0.0, 0.0, 1.0],
                [1.0, -1e-06, 1e-06, 0.0, -0.0, 0.687721, 0.725975, 0.374726, -1e-06, -0.725977, 0.687719, -0.0, 0.0, 0.0, 0.0, 1.0],
                [1.0, -1e-06, 1e-06, 0.0, -0.0, 0.647075, 0.762426, 0.374726, -1e-06, -0.762429, 0.647072, 0.0, 0.0, 0.0, 0.0, 1.0],
                [1.0, -1e-06, 1e-06, -0.0, -0.0, 0.617127, 0.786863, 0.374726, -1e-06, -0.786866, 0.617125, -0.0, 0.0, 0.0, 0.0, 1.0],
                [1.000001, -1e-06, 1e-06, -0.0, -0.0, 0.600703, 0.799471, 0.374726, -1e-06, -0.799474, 0.600701, 0.0, 0.0, 0.0, 0.0, 1.0],
                [1.0, -1e-06, 1e-06, -0.0, -0.0, 0.600273, 0.799794, 0.374726, -1e-06, -0.799797, 0.600272, -0.0, 0.0, 0.0, 0.0, 1.0],
                [1.0, -1e-06, 1e-06, -0.0, -0.0, 0.615828, 0.78788, 0.374726, -1e-06, -0.787883, 0.615826, 0.0, 0.0, 0.0, 0.0, 1.0],
                [1.0, -1e-06, 1e-06, 0.0, -0.0, 0.643884, 0.765123, 0.374726, -1e-06, -0.765126, 0.643881, 0.0, 0.0, 0.0, 0.0, 1.0],
                [1.0, -1e-06, 1e-06, 0.0, -0.0, 0.681797, 0.731541, 0.374726, -1e-06, -0.731543, 0.681795, 0.0, 0.0, 0.0, 0.0, 1.0],
                [1.0, -1e-06, 1e-06, 0.0, -0.0, 0.727903, 0.68568, 0.374726, -1e-06, -0.685683, 0.7279, 0.0, 0.0, 0.0, 0.0, 1.0],
                [1.0, -1e-06, 1e-06, -0.0, -0.0, 0.78143, 0.623994, 0.374726, -1e-06, -0.623996, 0.781426, -0.0, 0.0, 0.0, 0.0, 1.0],
                [1.0, -0.0, 1e-06, 0.0, -0.0, 0.842774, 0.538269, 0.374726, -1e-06, -0.538272, 0.84277, 0.0, 0.0, 0.0, 0.0, 1.0],
                [1.0, -1e-06, 1e-06, 0.0, -0.0, 0.773863, 0.633353, 0.374726, -1e-06, -0.633355, 0.77386, -0.0, 0.0, 0.0, 0.0, 1.0],
                [1.0, -1e-06, 1e-06, 0.0, -0.0, 0.523711, 0.851895, 0.374726, -1e-06, -0.851898, 0.523709, -0.0, 0.0, 0.0, 0.0, 1.0],
                [1.0, -1e-06, 0.0, 0.0, -0.0, 0.25317, 0.967421, 0.374726, -1e-06, -0.967423, 0.25317, 0.0, 0.0, 0.0, 0.0, 1.0],
                [1.0, -1e-06, 0.0, -0.0, -0.0, 0.08459, 0.996415, 0.374726, -1e-06, -0.996417, 0.08459, -0.0, 0.0, 0.0, 0.0, 1.0],
                [1.0, -1e-06, 0.0, -0.0, -0.0, 0.048343, 0.99883, 0.374726, -1e-06, -0.998832, 0.048343, -0.0, 0.0, 0.0, 0.0, 1.0],
                [1.0, -1e-06, 0.0, 0.0, -0.0, 0.083514, 0.996505, 0.374726, -1e-06, -0.996507, 0.083514, -0.0, 0.0, 0.0, 0.0, 1.0],
                [1.0, -1e-06, 0.0, -0.0, -0.0, 0.124276, 0.992246, 0.374726, -1e-06, -0.992249, 0.124275, -0.0, 0.0, 0.0, 0.0, 1.0],
                [1.0, -1e-06, 0.0, 0.0, -0.0, 0.143669, 0.989625, 0.374726, -1e-06, -0.989627, 0.143669, -0.0, 0.0, 0.0, 0.0, 1.0],
                [1.0, -1e-06, 0.0, 0.0, -0.0, 0.137468, 0.990505, 0.374726, -1e-06, -0.990507, 0.137468, 0.0, 0.0, 0.0, 0.0, 1.0],
                [1.0, -1e-06, 0.0, 0.0, -0.0, 0.128373, 0.991725, 0.374726, -1e-06, -0.991727, 0.128372, 0.0, 0.0, 0.0, 0.0, 1.0],
                [1.0, -1e-06, 0.0, 0.0, -0.0, 0.120879, 0.992666, 0.374726, -1e-06, -0.992668, 0.120879, 0.0, 0.0, 0.0, 0.0, 1.0],
                [1.0, -1e-06, 0.0, -0.0, -0.0, 0.094217, 0.995551, 0.374726, -1e-06, -0.995553, 0.094217, 0.0, 0.0, 0.0, 0.0, 1.0],
                [1.0, -1e-06, 0.0, -0.0, -0.0, 0.032795, 0.999461, 0.374726, -1e-06, -0.999463, 0.032795, 0.0, 0.0, 0.0, 0.0, 1.0],
                [1.0, -1e-06, 0.0, -0.0, -0.0, -0.061573, 0.998102, 0.374726, -1e-06, -0.998103, -0.061573, 0.0, 0.0, 0.0, 0.0, 1.0],
                [1.0, -1e-06, 0.0, -0.0, -0.0, -0.099112, 0.995076, 0.374726, -1e-06, -0.995077, -0.099112, 0.0, 0.0, 0.0, 0.0, 1.0],
                [1.0, -1e-06, 0.0, 0.0, -0.0, 0.061109, 0.99813, 0.374726, -1e-06, -0.998132, 0.061108, -0.0, 0.0, 0.0, 0.0, 1.0],
                [1.0, -1e-06, 0.0, -0.0, -0.0, 0.41866, 0.908142, 0.374726, -1e-06, -0.908144, 0.418659, -0.0, 0.0, 0.0, 0.0, 1.0],
                [1.0, -0.0, 1e-06, 0.0, -0.0, 0.801611, 0.597847, 0.374726, -1e-06, -0.59785, 0.801607, -0.0, 0.0, 0.0, 0.0, 1.0],
                [1.0, -0.0, 1e-06, -0.0, -0.0, 0.933431, 0.358761, 0.374726, -1e-06, -0.358762, 0.933427, -0.0, 0.0, 0.0, 0.0, 1.0],
                [1.0, -0.0, 1e-06, -0.0, -0.0, 0.870022, 0.493016, 0.374726, -1e-06, -0.493018, 0.870017, -0.0, 0.0, 0.0, 0.0, 1.0],
                [1.0, -0.0, 1e-06, -0.0, -0.0, 0.835052, 0.550172, 0.374726, -1e-06, -0.550175, 0.835049, -0.0, 0.0, 0.0, 0.0, 1.0],
                [1.0, -0.0, 1e-06, -0.0, -0.0, 0.82066, 0.571418, 0.374726, -1e-06, -0.571421, 0.820656, 0.0, 0.0, 0.0, 0.0, 1.0],
                [1.0, -1e-06, 1e-06, -0.0, -0.0, 0.818188, 0.574951, 0.374726, -1e-06, -0.574953, 0.818185, -0.0, 0.0, 0.0, 0.0, 1.0],
