{
    "animation": [
        {
            "name": "Root",
            "time": [0.0, 0.0167, 0.0333, 0.05, 0.0667, 0.0833, 0.1, 0.1167, 0.1333, 0.15, 0.1667, 0.1833, 0.2, 0.2167, 0.2333, 0.25, 0.2667, 0.2833, 0.3, 0.3167, 0.3333, 0.35, 0.3667, 0.3833, 0.4, 0.4167, 0.4333, 0.45, 0.4667, 0.4833, 0.5, 0.5167, 0.5333, 0.55, 0.5667, 0.5833, 0.6, 0.6167, 0.6333, 0.65, 0.6667, 0.6833, 0.7, 0.7167, 0.7333, 0.75, 0.7667, 0.7833, 0.8, 0.8167, 0.8333, 0.85, 0.8667, 0.8833, 0.9, 0.9167, 0.9333, 0.95, 0.9667, 0.9833, 1.0, 1.0167, 1.0333, 1.05, 1.0667, 1.0833, 1.1, 1.1167, 1.1333, 1.15, 1.1667, 1.1833, 1.2, 1.2167, 1.2333, 1.25, 1.2667, 1.2833, 1.3, 1.3167, 1.3333, 1.35, 1.3667, 1.3833, 1.4, 1.4167, 1.4333, 1.45, 1.4667, 1.4833, 1.5, 1.5167, 1.5333, 1.55, 1.5667, 1.5833, 1.6, 1.6167, 1.6333, 1.65, 1.6667, 1.6833, 1.7, 1.7167, 1.7333, 1.75, 1.7667, 1.7833, 1.8, 1.8167, 1.8333, 1.85, 1.8667, 1.8833, 1.9, 1.9167, 1.9333, 1.95, 1.9667, 1.9833, 2.0],
            "transform": [
                [0.78635, -0.0, 0.617782, 0.047787, 0.439433, 0.702881, -0.559337, 0.598751, -0.434227, 0.711308, 0.55271, 0.778159, 0.0, 0.0, 0.0, 1.0],
                [0.785329, -0.001808, 0.619076, 0.047787, 0.439553, 0.705816, -0.555534, 0.603896, -0.435949, 0.708393, 0.555093, 0.778159, 0.0, 0.0, 0.0, 1.0],
                [0.781451, -0.006417, 0.623934, 0.047787, 0.440396, 0.714046, -0.544233, 0.619868, -0.442026, 0.700069, 0.560818, 0.778159, 0.0, 0.0, 0.0, 1.0],
                [0.773425, -0.012705, 0.63376, 0.047787, 0.44255, 0.726628, -0.525511, 0.647476, -0.453831, 0.686914, 0.567615, 0.778159, 0.0, 0.0, 0.0, 1.0],
                [0.759801, -0.019719, 0.649857, 0.047787, 0.446369, 0.742563, -0.499354, 0.687529, -0.472713, 0.669486, 0.573002, 0.778159, 0.0, 0.0, 0.0, 1.0],
                [0.738832, -0.026687, 0.673361, 0.047787, 0.451907, 0.760863, -0.465691, 0.740834, -0.499907, 0.648363, 0.574211, 0.778159, 0.0, 0.0, 0.0, 1.0],
                [0.708346, -0.033019, 0.705093, 0.047787, 0.458848, 0.780599, -0.42441, 0.8082, -0.536381, 0.624159, 0.568085, 0.778159, 0.0, 0.0, 0.0, 1.0],
                [0.665612, -0.03829, 0.745315, 0.047787, 0.466437, 0.80094, -0.375409, 0.890434, -0.582578, 0.597519, 0.550975, 0.778159, 0.0, 0.0, 0.0, 1.0],
                [0.607294, -0.042212, 0.793355, 0.047787, 0.473401, 0.821177, -0.318685, 0.988346, -0.638032, 0.56911, 0.518679, 0.778159, 0.0, 0.0, 0.0, 1.0],
                [0.529564, -0.044595, 0.847097, 0.047787, 0.477894, 0.840744, -0.254495, 1.102743, -0.700842, 0.539594, 0.466539, 0.778159, 0.0, 0.0, 0.0, 1.0],
                [0.428544, -0.045307, 0.902384, 0.047787, 0.477517, 0.859218, -0.183634, 1.234433, -0.767025, 0.509599, 0.389848, 0.778159, 0.0, 0.0, 0.0, 1.0],
                [0.288241, -0.019416, 0.957361, 0.047787, 0.446138, 0.887372, -0.116326, 1.383678, -0.847277, 0.460645, 0.26444, 0.778159, 0.0, 0.0, 0.0, 1.0],
                [0.104027, 0.030049, 0.99412, 0.047787, 0.374285, 0.924881, -0.067122, 1.548558, -0.92146, 0.379067, 0.084966, 0.778159, 0.0, 0.0, 0.0, 1.0],
                [-0.107086, 0.068728, 0.991872, 0.047787, 0.285684, 0.957666, -0.035515, 1.726606, -0.952322, 0.279559, -0.122187, 0.778159, 0.0, 0.0, 0.0, 1.0],
                [-0.330432, 0.075411, 0.940812, 0.047787, 0.198499, 0.980061, -0.00884, 1.915353, -0.92272, 0.18383, -0.338813, 0.778159, 0.0, 0.0, 0.0, 1.0],
                [-0.56191, 0.03732, 0.826356, 0.047787, 0.118163, 0.992358, 0.035532, 2.112333, -0.818715, 0.11761, -0.562026, 0.778159, 0.0, 0.0, 0.0, 1.0],
                [-0.824436, -0.014432, 0.565772, 0.047787, 0.040574, 0.995596, 0.084519, 2.315066, -0.564499, 0.092636, -0.820219, 0.778159, 0.0, 0.0, 0.0, 1.0],
                [-0.9964, -0.036751, 0.076397, 0.047787, -0.029694, 0.99536, 0.091532, 2.521027, -0.079406, 0.088933, -0.992868, 0.778159, 0.0, 0.0, 0.0, 1.0],
                [-0.871297, -0.032451, -0.489683, 0.047787, -0.06734, 0.996279, 0.053795, 2.727678, 0.486115, 0.079847, -0.87024, 0.778159, 0.0, 0.0, 0.0, 1.0],
                [-0.499766, -0.027805, -0.865714, 0.047787, -0.054543, 0.998511, -0.000583, 2.932481, 0.864442, 0.046927, -0.500538, 0.778159, 0.0, 0.0, 0.0, 1.0],
                [-0.094717, -0.0491, -0.994293, 0.047787, -0.001171, 0.998788, -0.049211, 3.132897, 0.995504, -0.003497, -0.094659, 0.778159, 0.0, 0.0, 0.0, 1.0],
                [0.287925, -0.083242, -0.954028, 0.047787, 0.055773, 0.995982, -0.07007, 3.326349, 0.956028, -0.033034, 0.29141, 0.778159, 0.0, 0.0, 0.0, 1.0],
                [0.665062, -0.101085, -0.739915, 0.047787, 0.087215, 0.99453, -0.057478, 3.510093, 0.741678, -0.026305, 0.67024, 0.778159, 0.0, 0.0, 0.0, 1.0],
                [0.937056, -0.096295, -0.335639, 0.047787, 0.091505, 0.99535, -0.030097, 3.681345, 0.336976, -0.00251, 0.94151, 0.778159, 0.0, 0.0, 0.0, 1.0],
                [0.985759, -0.073472, 0.151266, 0.047787, 0.075386, 0.997131, -0.006947, 3.837319, -0.150322, 0.018251, 0.988469, 0.778159, 0.0, 0.0, 0.0, 1.0],
                [0.844333, -0.052359, 0.533254, 0.047787, 0.059006, 0.998247, 0.004588, 3.975233, -0.532559, 0.027591, 0.845943, 0.778159, 0.0, 0.0, 0.0, 1.0],
                [0.66706, -0.04812, 0.743448, 0.047787, 0.058388, 0.998219, 0.012222, 4.093534, -0.742712, 0.035255, 0.668682, 0.778159, 0.0, 0.0, 0.0, 1.0],
                [0.524789, -0.055009, 0.849453, 0.047787, 0.071647, 0.997223, 0.020315, 4.195596, -0.848212, 0.0502, 0.527273, 0.778159, 0.0, 0.0, 0.0, 1.0],
                [0.414322, -0.064869, 0.907816, 0.047787, 0.09464, 0.99512, 0.027914, 4.28603, -0.905197, 0.07435, 0.418439, 0.778159, 0.0, 0.0, 0.0, 1.0],
                [0.313147, -0.070516, 0.947083, 0.047787, 0.125049, 0.991618, 0.032485, 4.369442, -0.941436, 0.10826, 0.31934, 0.778159, 0.0, 0.0, 0.0, 1.0],
                [0.1929, -0.062921, 0.979199, 0.047787, 0.161624, 0.986348, 0.031541, 4.450439, -0.967816, 0.152178, 0.200436, 0.778159, 0.0, 0.0, 0.0, 1.0],
                [0.026003, -0.030741, 0.999189, 0.047787, 0.204242, 0.978606, 0.024792, 4.532751, -0.978575, 0.203431, 0.031725, 0.778159, 0.0, 0.0, 0.0, 1.0],
                [-0.191112, 0.03107, 0.981076, 0.047787, 0.253481, 0.967159, 0.018748, 4.616586, -0.948274, 0.252267, -0.192711, 0.778159, 0.0, 0.0, 0.0, 1.0],
                [-0.440625, 0.120901, 0.889512, 0.047787, 0.306572, 0.951581, 0.022525, 4.701277, -0.84372, 0.282625, -0.456355, 0.778159, 0.0, 0.0, 0.0, 1.0],
                [-0.679875, 0.225602, 0.697763, 0.047787, 0.354648, 0.933984, 0.043579, 4.786153, -0.641868, 0.277089, -0.715002, 0.778159, 0.0, 0.0, 0.0, 1.0],
                [-0.8523, 0.319433, 0.414182, 0.047787, 0.384381, 0.919544, 0.081789, 4.870545, -0.354732, 0.228912, -0.906512, 0.778159, 0.0, 0.0, 0.0, 1.0],
                [-0.922127, 0.376252, 0.090088, 0.047787, 0.385332, 0.914034, 0.126733, 4.953784, -0.03466, 0.151577, -0.987838, 0.778159, 0.0, 0.0, 0.0, 1.0],
                [-0.898381, 0.385117, -0.211181, 0.047787, 0.355946, 0.920067, 0.163642, 5.035199, 0.257322, 0.071844, -0.963651, 0.778159, 0.0, 0.0, 0.0, 1.0],
                [-0.820269, 0.351477, -0.451245, 0.047787, 0.301073, 0.936102, 0.181846, 5.114123, 0.486326, 0.013305, -0.873676, 0.778159, 0.0, 0.0, 0.0, 1.0],
                [-0.727772, 0.28627, -0.623215, 0.047787, 0.225199, 0.958081, 0.177108, 5.189884, 0.647791, -0.011453, -0.761732, 0.778159, 0.0, 0.0, 0.0, 1.0],
                [-0.646961, 0.196491, -0.736772, 0.047787, 0.128103, 0.980503, 0.149004, 5.261814, 0.751685, 0.002017, -0.659519, 0.778159, 0.0, 0.0, 0.0, 1.0],
                [-0.567942, 0.103096, -0.816587, 0.047787, 0.026734, 0.993911, 0.10689, 5.329387, 0.822635, 0.038877, -0.56724, 0.778159, 0.0, 0.0, 0.0, 1.0],
                [-0.473388, 0.024831, -0.880503, 0.047787, -0.0603, 0.996344, 0.060516, 5.392652, 0.878787, 0.081742, -0.470161, 0.778159, 0.0, 0.0, 0.0, 1.0],
                [-0.365879, -0.03992, -0.929806, 0.047787, -0.134762, 0.990822, 0.01049, 5.451802, 0.920854, 0.12914, -0.367901, 0.778159, 0.0, 0.0, 0.0, 1.0],
                [-0.247047, -0.092326, -0.964595, 0.047787, -0.197757, 0.979304, -0.043085, 5.50703, 0.948609, 0.180111, -0.260192, 0.778159, 0.0, 0.0, 0.0, 1.0],
                [-0.118306, -0.1331, -0.984016, 0.047787, -0.249724, 0.963114, -0.100249, 5.558529, 0.961063, 0.233872, -0.147181, 0.778159, 0.0, 0.0, 0.0, 1.0],
                [0.018615, -0.162581, -0.98652, 0.047787, -0.290507, 0.943243, -0.16093, 5.606493, 0.956692, 0.289587, -0.029672, 0.778159, 0.0, 0.0, 0.0, 1.0],
                [0.16126, -0.180891, -0.970193, 0.047787, -0.319497, 0.920551, -0.22474, 5.651112, 0.933765, 0.346215, 0.090654, 0.778159, 0.0, 0.0, 0.0, 1.0],
                [0.306167, -0.188144, -0.933201, 0.047787, -0.335827, 0.895909, -0.290805, 5.69258, 0.890776, 0.402429, 0.211114, 0.778159, 0.0, 0.0, 0.0, 1.0],
                [0.448808, -0.184686, -0.874335, 0.047787, -0.338649, 0.870283, -0.357664, 5.731091, 0.826975, 0.456616, 0.328046, 0.778159, 0.0, 0.0, 0.0, 1.0],
                [0.583811, -0.171339, -0.793604, 0.047787, -0.327467, 0.844748, -0.42328, 5.766839, 0.74292, 0.506995, 0.437066, 0.778159, 0.0, 0.0, 0.0, 1.0],
                [0.705524, -0.149581, -0.69272, 0.047787, -0.302453, 0.820429, -0.4852, 5.800014, 0.640904, 0.551836, 0.533591, 0.778159, 0.0, 0.0, 0.0, 1.0],
                [0.808845, -0.121602, -0.575311, 0.047787, -0.264676, 0.79838, -0.540866, 5.83081, 0.525088, 0.589748, 0.61358, 0.778159, 0.0, 0.0, 0.0, 1.0],
                [0.890124, -0.09018, -0.446707, 0.047787, -0.216134, 0.779431, -0.588025, 5.85942, 0.401205, 0.619964, 0.674299, 0.778159, 0.0, 0.0, 0.0, 1.0],
                [0.947857, -0.058396, -0.313299, 0.047787, -0.159552, 0.764048, -0.62512, 5.886037, 0.27588, 0.642512, 0.714891, 0.778159, 0.0, 0.0, 0.0, 1.0],
                [0.982926, -0.029285, -0.181658, 0.047787, -0.098002, 0.752255, -0.651543, 5.910854, 0.155734, 0.658221, 0.73654, 0.778159, 0.0, 0.0, 0.0, 1.0],
                [0.99832, -0.005521, -0.057672, 0.047787, -0.034459, 0.743649, -0.667681, 5.934064, 0.046575, 0.668547, 0.74221, 0.778159, 0.0, 0.0, 0.0, 1.0],
                [0.998481, 0.010757, 0.05403, 0.047787, 0.028568, 0.73748, -0.674764, 5.95586, -0.047104, 0.675283, 0.736053, 0.778159, 0.0, 0.0, 0.0, 1.0],
                [0.988483, 0.017961, 0.150263, 0.047787, 0.089234, 0.732768, -0.674603, 5.976434, -0.122224, 0.680242, 0.722726, 0.778159, 0.0, 0.0, 0.0, 1.0],
                [0.973286, 0.014923, 0.229111, 0.047787, 0.146388, 0.728414, -0.669315, 5.995979, -0.176876, 0.684974, 0.706771, 0.778159, 0.0, 0.0, 0.0, 1.0],
                [0.95717, 0.000704, 0.289527, 0.047787, 0.199443, 0.723293, -0.661112, 6.014689, -0.209878, 0.690541, 0.692174, 0.778159, 0.0, 0.0, 0.0, 1.0],
                [0.942111, -0.016847, 0.334877, 0.047685, 0.244983, 0.716489, -0.653166, 6.032732, -0.228932, 0.697395, 0.67914, 0.778054, 0.0, 0.0, 0.0, 1.0],
                [0.928415, -0.029785, 0.370349, 0.047387, 0.281063, 0.708222, -0.647631, 6.050186, -0.243, 0.705362, 0.665895, 0.777746, 0.0, 0.0, 0.0, 1.0],
                [0.916654, -0.038839, 0.39779, 0.046907, 0.309437, 0.698899, -0.644817, 6.067103, -0.252971, 0.714165, 0.652667, 0.777251, 0.0, 0.0, 0.0, 1.0],
                [0.906973, -0.044701, 0.41881, 0.046258, 0.331644, 0.688752, -0.644695, 6.083535, -0.259638, 0.723617, 0.639505, 0.776581, 0.0, 0.0, 0.0, 1.0],
                [0.899237, -0.048006, 0.43482, 0.045453, 0.349047, 0.677896, -0.647011, 6.099535, -0.263702, 0.733589, 0.626346, 0.775751, 0.0, 0.0, 0.0, 1.0],
                [0.893131, -0.049338, 0.447082, 0.044507, 0.362869, 0.666372, -0.651363, 6.115156, -0.265786, 0.743985, 0.613061, 0.774775, 0.0, 0.0, 0.0, 1.0],
                [0.888229, -0.049232, 0.456755, 0.043433, 0.374241, 0.654184, -0.657257, 6.13045, -0.266444, 0.754732, 0.599489, 0.773666, 0.0, 0.0, 0.0, 1.0],
                [0.884031, -0.048175, 0.464939, 0.042243, 0.384237, 0.641316, -0.664135, 6.145471, -0.266178, 0.765763, 0.585454, 0.772439, 0.0, 0.0, 0.0, 1.0],
                [0.879989, -0.046617, 0.472701, 0.040952, 0.393903, 0.627753, -0.671391, 6.16027, -0.265441, 0.777015, 0.570779, 0.771107, 0.0, 0.0, 0.0, 1.0],
                [0.875516, -0.044964, 0.481093, 0.039573, 0.404274, 0.613487, -0.678378, 6.174901, -0.264641, 0.788424, 0.555295, 0.769684, 0.0, 0.0, 0.0, 1.0],
                [0.870274, -0.044397, 0.490563, 0.038119, 0.416431, 0.598232, -0.684619, 6.189401, -0.263076, 0.800092, 0.539114, 0.768183, 0.0, 0.0, 0.0, 1.0],
                [0.86443, -0.045512, 0.500689, 0.036604, 0.430369, 0.581798, -0.69014, 6.203741, -0.25989, 0.812059, 0.52251, 0.76662, 0.0, 0.0, 0.0, 1.0],
                [0.858128, -0.047827, 0.511203, 0.035041, 0.445493, 0.564335, -0.695027, 6.217878, -0.255248, 0.824159, 0.505579, 0.765007, 0.0, 0.0, 0.0, 1.0],
                [0.851534, -0.050873, 0.521826, 0.033444, 0.461213, 0.546018, -0.699391, 6.231767, -0.249346, 0.836227, 0.488416, 0.763359, 0.0, 0.0, 0.0, 1.0],
                [0.844838, -0.054197, 0.53227, 0.031825, 0.476954, 0.527047, -0.703375, 6.245366, -0.24241, 0.848106, 0.471119, 0.761689, 0.0, 0.0, 0.0, 1.0],
                [0.838267, -0.057364, 0.542234, 0.0302, 0.492162, 0.507653, -0.707153, 6.258629, -0.234701, 0.85965, 0.453781, 0.760012, 0.0, 0.0, 0.0, 1.0],
                [0.832076, -0.059961, 0.551412, 0.02858, 0.506302, 0.488094, -0.710931, 6.271514, -0.226513, 0.870729, 0.436489, 0.758341, 0.0, 0.0, 0.0, 1.0],
                [0.826547, -0.061593, 0.559487, 0.02698, 0.518865, 0.468653, -0.714942, 6.283977, -0.21817, 0.881232, 0.419323, 0.756689, 0.0, 0.0, 0.0, 1.0],
                [0.821986, -0.061888, 0.566135, 0.025412, 0.529365, 0.449633, -0.719446, 6.295972, -0.210028, 0.891067, 0.402353, 0.755072, 0.0, 0.0, 0.0, 1.0],
                [0.818707, -0.060489, 0.571016, 0.023891, 0.537332, 0.431343, -0.724719, 6.307457, -0.202466, 0.900158, 0.385647, 0.753502, 0.0, 0.0, 0.0, 1.0],
                [0.816236, -0.058106, 0.574789, 0.022427, 0.543672, 0.413761, -0.730221, 6.318398, -0.195395, 0.908529, 0.369317, 0.751992, 0.0, 0.0, 0.0, 1.0],
                [0.813887, -0.055685, 0.578349, 0.021022, 0.549606, 0.39667, -0.735246, 6.328799, -0.188472, 0.916271, 0.353449, 0.750542, 0.0, 0.0, 0.0, 1.0],
                [0.811659, -0.053238, 0.581701, 0.019675, 0.55515, 0.380087, -0.739826, 6.338672, -0.18171, 0.923417, 0.338056, 0.749152, 0.0, 0.0, 0.0, 1.0],
                [0.80955, -0.050778, 0.58485, 0.018383, 0.560321, 0.364029, -0.743991, 6.348032, -0.175124, 0.930002, 0.323152, 0.747819, 0.0, 0.0, 0.0, 1.0],
                [0.80756, -0.048315, 0.587804, 0.017147, 0.565136, 0.348508, -0.747772, 6.356893, -0.168725, 0.93606, 0.308746, 0.746544, 0.0, 0.0, 0.0, 1.0],
                [0.805685, -0.04586, 0.590567, 0.015965, 0.569612, 0.333533, -0.751197, 6.365269, -0.162523, 0.941622, 0.294844, 0.745324, 0.0, 0.0, 0.0, 1.0],
                [0.803922, -0.043421, 0.593147, 0.014836, 0.573766, 0.319111, -0.754295, 6.373172, -0.156527, 0.946722, 0.281454, 0.744159, 0.0, 0.0, 0.0, 1.0],
                [0.802271, -0.041007, 0.59555, 0.013759, 0.577614, 0.305248, -0.75709, 6.380617, -0.150744, 0.951389, 0.268578, 0.743048, 0.0, 0.0, 0.0, 1.0],
                [0.800726, -0.038627, 0.597784, 0.012733, 0.581172, 0.291946, -0.75961, 6.387616, -0.14518, 0.955655, 0.256217, 0.741989, 0.0, 0.0, 0.0, 1.0],
                [0.799285, -0.036286, 0.599855, 0.011757, 0.584456, 0.279206, -0.761876, 6.394186, -0.139838, 0.959545, 0.244373, 0.740981, 0.0, 0.0, 0.0, 1.0],
                [0.797945, -0.033992, 0.601771, 0.010829, 0.58748, 0.267028, -0.763913, 6.400338, -0.134723, 0.963089, 0.233043, 0.740024, 0.0, 0.0, 0.0, 1.0],
                [0.796702, -0.031749, 0.603538, 0.009948, 0.590261, 0.255408, -0.76574, 6.406086, -0.129837, 0.966312, 0.222225, 0.739115, 0.0, 0.0, 0.0, 1.0],
                [0.795553, -0.029565, 0.605163, 0.009114, 0.592812, 0.244344, -0.767379, 6.411444, -0.12518, 0.969238, 0.211914, 0.738254, 0.0, 0.0, 0.0, 1.0],
                [0.794493, -0.027442, 0.606653, 0.008325, 0.595147, 0.233828, -0.768846, 6.416426, -0.120754, 0.971891, 0.202107, 0.73744, 0.0, 0.0, 0.0, 1.0],
                [0.793519, -0.025385, 0.608016, 0.00758, 0.597279, 0.223856, -0.77016, 6.421045, -0.116558, 0.974292, 0.192796, 0.736671, 0.0, 0.0, 0.0, 1.0],
                [0.792628, -0.023398, 0.609257, 0.006877, 0.59922, 0.21442, -0.771336, 6.425316, -0.112589, 0.976461, 0.183976, 0.735947, 0.0, 0.0, 0.0, 1.0],
                [0.791815, -0.021483, 0.610383, 0.006217, 0.600984, 0.205511, -0.772388, 6.429252, -0.108847, 0.978419, 0.175638, 0.735265, 0.0, 0.0, 0.0, 1.0],
                [0.791076, -0.019644, 0.611402, 0.005597, 0.602581, 0.197121, -0.77333, 6.432866, -0.105329, 0.980182, 0.167775, 0.734626, 0.0, 0.0, 0.0, 1.0],
                [0.790409, -0.017882, 0.612318, 0.005017, 0.604023, 0.189238, -0.774174, 6.436172, -0.10203, 0.981768, 0.160377, 0.734028, 0.0, 0.0, 0.0, 1.0],
                [0.789809, -0.0162, 0.613139, 0.004476, 0.605319, 0.181854, -0.774931, 6.439185, -0.098948, 0.983192, 0.153436, 0.733469, 0.0, 0.0, 0.0, 1.0],
                [0.789271, -0.014599, 0.613871, 0.003972, 0.606481, 0.174956, -0.77561, 6.441916, -0.096078, 0.984468, 0.146942, 0.732948, 0.0, 0.0, 0.0, 1.0],
                [0.788794, -0.013079, 0.614519, 0.003504, 0.607518, 0.168534, -0.776221, 6.444382, -0.093415, 0.985609, 0.140884, 0.732466, 0.0, 0.0, 0.0, 1.0],
                [0.788372, -0.011643, 0.615089, 0.003071, 0.608438, 0.162575, -0.77677, 6.446594, -0.090953, 0.986628, 0.135254, 0.732019, 0.0, 0.0, 0.0, 1.0],
                [0.788002, -0.010291, 0.615587, 0.002672, 0.609251, 0.157066, -0.777266, 6.448567, -0.088689, 0.987534, 0.130039, 0.731607, 0.0, 0.0, 0.0, 1.0],
                [0.787681, -0.009024, 0.616018, 0.002306, 0.609965, 0.151997, -0.777715, 6.450314, -0.086615, 0.98834, 0.125229, 0.731229, 0.0, 0.0, 0.0, 1.0],
                [0.787404, -0.007841, 0.616387, 0.001971, 0.610587, 0.147352, -0.77812, 6.451849, -0.084725, 0.989053, 0.120813, 0.730884, 0.0, 0.0, 0.0, 1.0],
                [0.787169, -0.006742, 0.6167, 0.001668, 0.611125, 0.14312, -0.778488, 6.453186, -0.083014, 0.989682, 0.11678, 0.730571, 0.0, 0.0, 0.0, 1.0],
                [0.786972, -0.005729, 0.616962, 0.001393, 0.611586, 0.139288, -0.778821, 6.454339, -0.081474, 0.990235, 0.113119, 0.730288, 0.0, 0.0, 0.0, 1.0],
                [0.786809, -0.004799, 0.617178, 0.001147, 0.611977, 0.135841, -0.779122, 6.45532, -0.080099, 0.990719, 0.109818, 0.730034, 0.0, 0.0, 0.0, 1.0],
                [0.786677, -0.003954, 0.617352, 0.000929, 0.612305, 0.132767, -0.779395, 6.456145, -0.078882, 0.991139, 0.106866, 0.729809, 0.0, 0.0, 0.0, 1.0],
                [0.786573, -0.003193, 0.617489, 0.000736, 0.612575, 0.130051, -0.77964, 6.456826, -0.077816, 0.991502, 0.10425, 0.72961, 0.0, 0.0, 0.0, 1.0],
                [0.786493, -0.002514, 0.617594, 0.000569, 0.612794, 0.12768, -0.77986, 6.457376, -0.076893, 0.991812, 0.10196, 0.729437, 0.0, 0.0, 0.0, 1.0],
                [0.786434, -0.001919, 0.617671, 0.000425, 0.612967, 0.12564, -0.780055, 6.457812, -0.076107, 0.992074, 0.099983, 0.729289, 0.0, 0.0, 0.0, 1.0],
                [0.786394, -0.001405, 0.617724, 0.000305, 0.613101, 0.123917, -0.780226, 6.458144, -0.07545, 0.992292, 0.098309, 0.729165, 0.0, 0.0, 0.0, 1.0],
                [0.786367, -0.000972, 0.617758, 0.000205, 0.6132, 0.122498, -0.780372, 6.458389, -0.074915, 0.992468, 0.096924, 0.729062, 0.0, 0.0, 0.0, 1.0],
                [0.786353, -0.00062, 0.617777, 0.000127, 0.61327, 0.121368, -0.780493, 6.458558, -0.074494, 0.992607, 0.095818, 0.728981, 0.0, 0.0, 0.0, 1.0],
                [0.786347, -0.000348, 0.617785, 6.8e-05, 0.613315, 0.120513, -0.78059, 6.458665, -0.07418, 0.992712, 0.094979, 0.72892, 0.0, 0.0, 0.0, 1.0],
                [0.786346, -0.000154, 0.617786, 2.7e-05, 0.613342, 0.119921, -0.78066, 6.458724, -0.073965, 0.992783, 0.094394, 0.728878, 0.0, 0.0, 0.0, 1.0],
                [0.786348, -3.8e-05, 0.617783, 3e-06, 0.613355, 0.119575, -0.780704, 6.45875, -0.073842, 0.992825, 0.094051, 0.728853, 0.0, 0.0, 0.0, 1.0],
                [0.78635, 0.0, 0.617782, -5e-06, 0.613357, 0.119463, -0.780718, 6.458756, -0.073802, 0.992839, 0.09394, 0.728846, 0.0, 0.0, 0.0, 1.0]
            ]
        },
        {
            "name": "Thigh_R",
            "time": [0.0, 0.0167, 0.0333, 0.05, 0.0667, 0.0833, 0.1, 0.1167, 0.1333, 0.15, 0.1667, 0.1833, 0.2, 0.2167, 0.2333, 0.25, 0.2667, 0.2833, 0.3, 0.3167, 0.3333, 0.35, 0.3667, 0.3833, 0.4, 0.4167, 0.4333, 0.45, 0.4667, 0.4833, 0.5, 0.5167, 0.5333, 0.55, 0.5667, 0.5833, 0.6, 0.6167, 0.6333, 0.65, 0.6667, 0.6833, 0.7, 0.7167, 0.7333, 0.75, 0.7667, 0.7833, 0.8, 0.8167, 0.8333, 0.85, 0.8667, 0.8833, 0.9, 0.9167, 0.9333, 0.95, 0.9667, 0.9833, 1.0, 1.0167, 1.0333, 1.05, 1.0667, 1.0833, 1.1, 1.1167, 1.1333, 1.15, 1.1667, 1.1833, 1.2, 1.2167, 1.2333, 1.25, 1.2667, 1.2833, 1.3, 1.3167, 1.3333, 1.35, 1.3667, 1.3833, 1.4, 1.4167, 1.4333, 1.45, 1.4667, 1.4833, 1.5, 1.5167, 1.5333, 1.55, 1.5667, 1.5833, 1.6, 1.6167, 1.6333, 1.65, 1.6667, 1.6833, 1.7, 1.7167, 1.7333, 1.75, 1.7667, 1.7833, 1.8, 1.8167, 1.8333, 1.85, 1.8667, 1.8833, 1.9, 1.9167, 1.9333, 1.95, 1.9667, 1.9833, 2.0],
            "transform": [
                [0.921209, 0.36532, 0.133845, 0.124994, -0.217318, 0.197796, 0.95585, -0.002831, 0.322718, -0.909623, 0.261602, -1.2e-05, 0.0, 0.0, 0.0, 1.0],
                [0.919353, 0.367781, 0.139734, 0.124994, -0.221163, 0.189371, 0.956675, -0.002831, 0.325385, -0.910424, 0.255438, -1.2e-05, 0.0, 0.0, 0.0, 1.0],
                [0.914261, 0.373791, 0.15622, 0.124994, -0.230081, 0.161689, 0.959646, -0.002831, 0.333449, -0.913309, 0.233829, -1.2e-05, 0.0, 0.0, 0.0, 1.0],
                [0.906555, 0.380788, 0.182094, 0.124994, -0.240022, 0.110205, 0.964492, -0.002831, 0.3472, -0.91807, 0.191305, -1.2e-05, 0.0, 0.0, 0.0, 1.0],
                [0.89676, 0.385593, 0.217115, 0.124994, -0.247282, 0.029772, 0.968487, -0.002831, 0.366978, -0.922186, 0.122048, -1.2e-05, 0.0, 0.0, 0.0, 1.0],
                [0.885239, 0.384413, 0.261871, 0.124994, -0.249168, -0.083488, 0.964855, -0.002831, 0.392767, -0.919376, 0.021876, -1.2e-05, 0.0, 0.0, 0.0, 1.0],
                [0.872225, 0.374997, 0.314005, 0.124994, -0.243327, -0.224221, 0.943672, -0.002831, 0.424281, -0.899499, -0.104325, -1.2e-05, 0.0, 0.0, 0.0, 1.0],
                [0.857522, 0.344764, 0.381828, 0.124994, -0.233168, -0.401128, 0.885849, -0.002831, 0.458572, -0.848664, -0.263589, -1.2e-05, 0.0, 0.0, 0.0, 1.0],
                [0.840715, 0.27167, 0.468393, 0.124994, -0.228952, -0.605544, 0.762165, -0.002831, 0.490692, -0.748002, -0.446891, -1.2e-05, 0.0, 0.0, 0.0, 1.0],
                [0.821151, 0.143417, 0.552397, 0.124994, -0.241612, -0.789533, 0.564145, -0.002831, 0.517045, -0.596713, -0.613675, -1.2e-05, 0.0, 0.0, 0.0, 1.0],
                [0.797525, -0.03808, 0.602083, 0.124994, -0.273535, -0.912349, 0.304622, -0.002831, 0.53771, -0.407634, -0.738039, -1.2e-05, 0.0, 0.0, 0.0, 1.0],
                [0.780307, -0.197172, 0.593501, 0.124994, -0.277554, -0.9596, 0.046118, -0.002831, 0.560432, -0.200715, -0.803511, -1.2e-05, 0.0, 0.0, 0.0, 1.0],
                [0.774903, -0.320276, 0.54493, 0.124994, -0.236751, -0.946428, -0.219588, -0.002831, 0.586067, 0.041146, -0.809218, -1.2e-05, 0.0, 0.0, 0.0, 1.0],
                [0.779025, -0.280109, 0.560944, 0.124994, -0.183913, -0.957389, -0.222663, -0.002831, 0.599413, 0.070295, -0.797348, -1.2e-05, 0.0, 0.0, 0.0, 1.0],
                [0.803009, -0.200339, 0.561285, 0.124994, -0.149523, -0.979406, -0.135661, -0.002831, 0.576905, 0.025012, -0.816428, -1.2e-05, 0.0, 0.0, 0.0, 1.0],
                [0.858662, -0.108575, 0.50091, 0.124994, -0.155491, -0.986427, 0.052729, -0.002831, 0.488387, -0.123163, -0.863892, -1.2e-05, 0.0, 0.0, 0.0, 1.0],
                [0.925017, -0.091835, 0.368658, 0.124994, -0.172529, -0.966059, 0.192249, -0.00283, 0.338491, -0.241438, -0.909468, -1.2e-05, 0.0, 0.0, 0.0, 1.0],
                [0.984552, -0.092349, 0.148758, 0.124994, -0.135025, -0.941335, 0.309279, -0.002831, 0.11147, -0.324586, -0.939265, -1.2e-05, 0.0, 0.0, 0.0, 1.0],
                [0.980221, -0.116346, -0.160095, 0.124994, -0.057354, -0.941229, 0.332859, -0.002832, -0.189413, -0.317092, -0.929287, -1.2e-05, 0.0, 0.0, 0.0, 1.0],
                [0.99708, -0.064595, -0.040724, 0.124994, -0.053786, -0.972656, 0.225928, -0.002831, -0.054204, -0.223077, -0.973293, -1.2e-05, 0.0, 0.0, 0.0, 1.0],
                [0.974233, -0.073603, 0.213197, 0.124994, -0.085273, -0.995291, 0.04606, -0.002831, 0.208803, -0.063053, -0.975924, -1.2e-05, 0.0, 0.0, 0.0, 1.0],
                [0.928802, -0.197349, 0.313657, 0.124994, -0.141336, -0.971071, -0.192462, -0.002831, 0.342565, 0.134428, -0.929827, -1.2e-05, 0.0, 0.0, 0.0, 1.0],
                [0.95328, -0.259618, 0.154452, 0.124994, -0.239486, -0.961121, -0.137442, -0.002832, 0.18413, 0.094032, -0.978394, -1.2e-05, 0.0, 0.0, 0.0, 1.0],
                [0.93382, -0.269149, -0.235665, 0.124994, -0.266615, -0.962834, 0.043181, -0.002831, -0.238529, 0.022509, -0.970875, -1.2e-05, 0.0, 0.0, 0.0, 1.0],
                [0.93229, -0.250499, -0.260928, 0.124994, -0.207626, -0.961306, 0.181047, -0.002831, -0.296185, -0.114613, -0.948229, -1.2e-05, 0.0, 0.0, 0.0, 1.0],
                [0.980762, -0.190011, -0.044738, 0.124994, -0.174558, -0.956261, 0.234711, -0.00283, -0.087379, -0.222386, -0.971035, -1.2e-05, 0.0, 0.0, 0.0, 1.0],
                [0.97844, -0.127185, 0.16272, 0.124994, -0.164111, -0.957127, 0.23869, -0.00283, 0.125386, -0.260248, -0.957366, -1.2e-05, 0.0, 0.0, 0.0, 1.0],
                [0.950824, -0.094494, 0.294963, 0.124994, -0.166924, -0.958523, 0.231014, -0.002832, 0.260899, -0.26889, -0.927163, -1.2e-05, 0.0, 0.0, 0.0, 1.0],
                [0.921557, -0.091001, 0.377426, 0.124994, -0.180905, -0.960805, 0.210056, -0.00283, 0.343518, -0.261856, -0.901901, -1.2e-05, 0.0, 0.0, 0.0, 1.0],
                [0.89764, -0.112296, 0.426182, 0.124994, -0.201928, -0.964317, 0.171217, -0.00283, 0.391747, -0.239749, -0.888287, -1.2e-05, 0.0, 0.0, 0.0, 1.0],
                [0.881822, -0.157062, 0.444658, 0.124994, -0.22657, -0.968056, 0.107382, -0.002831, 0.413589, -0.195438, -0.88924, -1.2e-05, 0.0, 0.0, 0.0, 1.0],
                [0.889497, -0.241405, 0.387967, 0.124994, -0.265635, -0.964028, 0.009176, -0.00283, 0.371796, -0.11122, -0.921628, -1.2e-05, 0.0, 0.0, 0.0, 1.0],
                [0.929707, -0.343041, 0.134038, 0.124994, -0.33968, -0.939317, -0.047918, -0.002829, 0.142342, -0.00098, -0.989817, -1.2e-05, 0.0, 0.0, 0.0, 1.0],
                [0.881297, -0.410754, -0.233656, 0.124994, -0.394791, -0.911709, 0.113679, -0.002831, -0.259721, -0.00794, -0.965651, -1.2e-05, 0.0, 0.0, 0.0, 1.0],
                [0.808151, -0.465765, -0.360492, 0.124994, -0.40527, -0.883881, 0.233468, -0.002832, -0.427374, -0.042581, -0.903072, -1.2e-05, 0.0, 0.0, 0.0, 1.0],
                [0.821991, -0.489369, -0.291286, 0.124994, -0.420346, -0.866432, 0.269448, -0.002831, -0.384239, -0.099043, -0.917905, -1.2e-05, 0.0, 0.0, 0.0, 1.0],
                [0.859531, -0.472565, -0.194649, 0.124994, -0.413983, -0.867096, 0.277058, -0.00283, -0.299707, -0.157559, -0.940931, -1.2e-05, 0.0, 0.0, 0.0, 1.0],
                [0.897798, -0.420265, -0.131666, 0.124994, -0.374359, -0.885725, 0.274489, -0.002829, -0.231978, -0.197145, -0.952534, -1.2e-05, 0.0, 0.0, 0.0, 1.0],
                [0.931726, -0.359116, -0.054055, 0.124994, -0.306823, -0.858042, 0.411852, -0.00283, -0.194284, -0.367147, -0.909647, -1.2e-05, 0.0, 0.0, 0.0, 1.0],
                [0.957439, -0.285504, -0.04239, 0.124994, -0.221958, -0.822163, 0.524196, -0.00283, -0.184512, -0.492476, -0.850543, -1.2e-05, 0.0, 0.0, 0.0, 1.0],
                [0.972686, -0.217755, -0.080395, 0.124994, -0.128911, -0.79478, 0.593046, -0.002831, -0.193035, -0.566483, -0.801144, -1.2e-05, 0.0, 0.0, 0.0, 1.0],
                [0.979508, -0.163657, -0.117386, 0.124994, -0.050388, -0.763436, 0.643914, -0.002831, -0.194998, -0.624803, -0.75604, -1.2e-05, 0.0, 0.0, 0.0, 1.0],
                [0.983044, -0.126106, -0.133122, 0.124994, 0.001801, -0.719299, 0.694697, -0.002831, -0.18336, -0.683156, -0.706877, -1.2e-05, 0.0, 0.0, 0.0, 1.0],
                [0.983765, -0.109902, -0.14187, 0.124994, 0.034136, -0.661509, 0.749159, -0.00283, -0.176183, -0.741838, -0.647019, -1.2e-05, 0.0, 0.0, 0.0, 1.0],
                [0.98014, -0.12704, -0.152265, 0.124994, 0.048787, -0.589754, 0.806108, -0.002831, -0.192207, -0.797526, -0.571846, -1.2e-05, 0.0, 0.0, 0.0, 1.0],
                [0.967481, -0.191257, -0.16553, 0.124994, 0.048323, -0.502606, 0.863164, -0.00283, -0.248283, -0.843092, -0.477021, -1.2e-05, 0.0, 0.0, 0.0, 1.0],
                [0.937625, -0.314348, -0.148473, 0.124994, 0.013703, -0.393328, 0.919297, -0.002831, -0.347378, -0.863988, -0.364487, -1.2e-05, 0.0, 0.0, 0.0, 1.0],
                [0.890459, -0.449563, -0.070529, 0.124993, -0.048161, -0.247218, 0.967763, -0.002832, -0.452507, -0.858355, -0.24179, -1.2e-05, 0.0, 0.0, 0.0, 1.0],
                [0.850428, -0.525252, 0.02967, 0.124994, -0.093765, -0.095835, 0.990971, -0.002831, -0.517667, -0.84553, -0.130751, -1.2e-05, 0.0, 0.0, 0.0, 1.0],
                [0.83959, -0.534458, 0.097174, 0.124994, -0.113194, 0.002831, 0.993569, -0.00283, -0.531296, -0.845188, -0.058121, -1.1e-05, 0.0, 0.0, 0.0, 1.0],
                [0.856415, -0.501696, 0.121871, 0.124994, -0.122026, 0.03267, 0.991989, -0.00283, -0.50166, -0.864424, -0.033241, -1.2e-05, 0.0, 0.0, 0.0, 1.0],
                [0.885014, -0.450107, 0.118964, 0.124995, -0.125403, 0.015614, 0.991984, -0.002829, -0.448357, -0.892836, -0.042626, -1.1e-05, 0.0, 0.0, 0.0, 1.0],
                [0.913939, -0.392671, 0.102593, 0.124994, -0.121679, -0.023956, 0.992281, -0.002831, -0.387182, -0.919366, -0.069674, -1.1e-05, 0.0, 0.0, 0.0, 1.0],
                [0.93922, -0.332325, 0.086159, 0.124993, -0.116731, -0.073118, 0.990469, -0.002831, -0.322859, -0.940324, -0.107467, -1.2e-05, 0.0, 0.0, 0.0, 1.0],
                [0.958881, -0.273474, 0.075878, 0.124994, -0.113646, -0.125004, 0.985626, -0.002829, -0.260059, -0.95372, -0.150944, -1.2e-05, 0.0, 0.0, 0.0, 1.0],
                [0.972553, -0.220692, 0.073724, 0.124994, -0.113995, -0.175706, 0.977822, -0.002829, -0.202844, -0.959386, -0.196042, -1.3e-05, 0.0, 0.0, 0.0, 1.0],
                [0.980935, -0.177462, 0.079211, 0.124994, -0.118413, -0.2226, 0.967693, -0.002829, -0.154096, -0.958621, -0.23937, -1.3e-05, 0.0, 0.0, 0.0, 1.0],
                [0.985214, -0.145356, 0.090687, 0.124994, -0.126903, -0.263526, 0.956269, -0.002831, -0.115101, -0.953637, -0.278076, -1.2e-05, 0.0, 0.0, 0.0, 1.0],
                [0.986595, -0.123756, 0.106368, 0.124994, -0.139066, -0.296571, 0.944832, -0.002832, -0.085383, -0.946957, -0.309807, -1.3e-05, 0.0, 0.0, 0.0, 1.0],
                [0.986017, -0.110156, 0.125044, 0.124994, -0.154306, -0.320175, 0.934707, -0.002831, -0.062927, -0.94093, -0.332696, -1.2e-05, 0.0, 0.0, 0.0, 1.0],
                [0.98409, -0.10091, 0.146232, 0.124994, -0.171926, -0.333271, 0.927024, -0.002829, -0.044811, -0.937414, -0.345318, -1.2e-05, 0.0, 0.0, 0.0, 1.0],
                [0.981992, -0.092026, 0.164994, 0.124994, -0.186616, -0.336429, 0.923034, -0.00283, -0.029435, -0.9372, -0.347544, -1.1e-05, 0.0, 0.0, 0.0, 1.0],
                [0.980762, -0.081391, 0.177424, 0.124994, -0.194528, -0.332036, 0.922991, -0.00283, -0.016212, -0.939747, -0.341481, -1.1e-05, 0.0, 0.0, 0.0, 1.0],
                [0.980409, -0.068489, 0.184679, 0.124993, -0.19693, -0.32199, 0.926035, -0.002833, -0.003958, -0.944261, -0.329171, -1.1e-05, 0.0, 0.0, 0.0, 1.0],
                [0.980778, -0.053321, 0.187696, 0.124994, -0.194953, -0.307933, 0.93122, -0.002831, 0.008144, -0.949911, -0.31241, -1.1e-05, 0.0, 0.0, 0.0, 1.0],
                [0.981641, -0.036172, 0.187274, 0.124994, -0.189615, -0.291323, 0.937645, -0.00283, 0.020641, -0.955939, -0.292834, -1.2e-05, 0.0, 0.0, 0.0, 1.0],
                [0.982742, -0.017422, 0.184156, 0.124993, -0.181843, -0.273521, 0.944521, -0.002832, 0.033915, -0.961707, -0.271969, -1.2e-05, 0.0, 0.0, 0.0, 1.0],
                [0.983825, 0.002569, 0.179109, 0.124994, -0.172504, -0.255806, 0.951213, -0.002831, 0.048261, -0.966723, -0.251225, -1.2e-05, 0.0, 0.0, 0.0, 1.0],
                [0.984646, 0.023572, 0.172962, 0.124994, -0.162423, -0.239306, 0.957263, -0.002832, 0.063956, -0.970656, -0.231803, -1.1e-05, 0.0, 0.0, 0.0, 1.0],
                [0.984969, 0.045537, 0.16662, 0.124994, -0.152393, -0.225018, 0.962364, -0.002831, 0.081315, -0.973289, -0.214697, -1.3e-05, 0.0, 0.0, 0.0, 1.0],
                [0.984556, 0.068624, 0.161054, 0.124994, -0.143179, -0.213721, 0.966346, -0.002831, 0.100735, -0.97448, -0.200596, -1.2e-05, 0.0, 0.0, 0.0, 1.0],
                [0.983206, 0.09294, 0.15706, 0.124994, -0.13534, -0.206013, 0.969145, -0.002832, 0.122429, -0.974124, -0.189975, -1.1e-05, 0.0, 0.0, 0.0, 1.0],
                [0.980933, 0.118052, 0.154378, 0.124994, -0.128478, -0.20209, 0.970903, -0.002831, 0.145815, -0.972224, -0.18307, -1.2e-05, 0.0, 0.0, 0.0, 1.0],
                [0.977842, 0.143447, 0.152467, 0.124993, -0.121905, -0.201902, 0.97179, -0.00283, 0.170184, -0.968842, -0.179942, -1.1e-05, 0.0, 0.0, 0.0, 1.0],
                [0.974079, 0.168594, 0.150819, 0.124994, -0.114944, -0.205338, 0.971919, -0.002831, 0.194829, -0.964059, -0.180637, -1.2e-05, 0.0, 0.0, 0.0, 1.0],
                [0.969838, 0.192947, 0.148944, 0.124994, -0.106942, -0.212277, 0.97134, -0.002831, 0.219035, -0.95797, -0.185241, -1.1e-05, 0.0, 0.0, 0.0, 1.0],
                [0.965369, 0.215983, 0.146336, 0.124994, -0.097265, -0.222511, 0.970067, -0.002831, 0.242079, -0.950704, -0.193798, -1.2e-05, 0.0, 0.0, 0.0, 1.0],
                [0.960958, 0.237193, 0.142469, 0.124994, -0.085317, -0.235801, 0.968049, -0.00283, 0.263209, -0.942408, -0.206359, -1.3e-05, 0.0, 0.0, 0.0, 1.0],
                [0.956926, 0.256109, 0.136747, 0.124994, -0.070523, -0.251854, 0.965192, -0.00283, 0.281635, -0.93326, -0.222945, -1.2e-05, 0.0, 0.0, 0.0, 1.0],
                [0.953594, 0.272303, 0.128483, 0.124994, -0.052332, -0.270334, 0.961343, -0.002832, 0.296511, -0.923454, -0.243539, -1.2e-05, 0.0, 0.0, 0.0, 1.0],
                [0.951261, 0.285393, 0.116847, 0.124994, -0.030194, -0.290882, 0.956282, -0.00283, 0.306905, -0.9132, -0.268088, -1.2e-05, 0.0, 0.0, 0.0, 1.0],
                [0.949347, 0.296621, 0.103714, 0.124994, -0.005828, -0.313378, 0.949611, -0.002831, 0.314177, -0.902112, -0.295776, -1.1e-05, 0.0, 0.0, 0.0, 1.0],
                [0.94712, 0.307454, 0.091847, 0.124994, 0.018415, -0.337843, 0.941023, -0.002831, 0.320351, -0.889568, -0.32564, -1.2e-05, 0.0, 0.0, 0.0, 1.0],
                [0.94462, 0.317857, 0.0816, 0.124993, 0.04214, -0.364085, 0.930412, -0.002831, 0.325448, -0.875446, -0.357317, -1.2e-05, 0.0, 0.0, 0.0, 1.0],
                [0.941909, 0.327767, 0.073315, 0.124995, 0.064946, -0.391909, 0.917709, -0.00283, 0.329528, -0.859636, -0.39043, -1.1e-05, 0.0, 0.0, 0.0, 1.0],
                [0.939064, 0.337085, 0.067316, 0.124994, 0.086455, -0.421146, 0.902863, -0.002831, 0.332692, -0.842025, -0.424627, -1.2e-05, 0.0, 0.0, 0.0, 1.0],
                [0.936173, 0.345687, 0.063869, 0.124993, 0.106322, -0.451606, 0.88586, -0.00283, 0.335075, -0.822526, -0.459536, -1.3e-05, 0.0, 0.0, 0.0, 1.0],
                [0.933319, 0.353463, 0.063064, 0.124994, 0.124313, -0.482901, 0.866805, -0.002831, 0.336838, -0.801165, -0.494643, -1.2e-05, 0.0, 0.0, 0.0, 1.0],
                [0.930576, 0.3603, 0.06489, 0.124994, 0.140281, -0.51465, 0.845846, -0.002831, 0.338154, -0.77802, -0.529466, -1.4e-05, 0.0, 0.0, 0.0, 1.0],
                [0.928001, 0.366076, 0.069277, 0.124994, 0.154136, -0.546506, 0.823147, -0.002831, 0.339196, -0.753203, -0.563586, -1.2e-05, 0.0, 0.0, 0.0, 1.0],
                [0.925638, 0.37068, 0.076091, 0.124993, 0.165843, -0.578126, 0.798916, -0.002831, 0.340133, -0.726886, -0.596611, -1.4e-05, 0.0, 0.0, 0.0, 1.0],
                [0.92351, 0.374004, 0.085138, 0.124994, 0.175413, -0.609189, 0.773381, -0.00283, 0.341113, -0.699289, -0.6282, -1.1e-05, 0.0, 0.0, 0.0, 1.0],
                [0.92161, 0.376038, 0.096067, 0.124994, 0.182997, -0.639297, 0.746867, -0.002831, 0.342266, -0.670738, -0.657999, -1.2e-05, 0.0, 0.0, 0.0, 1.0],
                [0.919914, 0.376813, 0.108487, 0.124994, 0.188771, -0.668066, 0.719757, -0.002831, 0.343691, -0.641634, -0.685697, -1.3e-05, 0.0, 0.0, 0.0, 1.0],
                [0.918393, 0.376395, 0.121986, 0.124995, 0.192896, -0.695105, 0.692545, -0.00283, 0.345464, -0.612497, -0.710986, -1.4e-05, 0.0, 0.0, 0.0, 1.0],
                [0.917014, 0.374907, 0.136123, 0.124994, 0.195525, -0.720009, 0.66585, -0.002831, 0.347642, -0.583977, -0.733563, -1.1e-05, 0.0, 0.0, 0.0, 1.0],
                [0.915739, 0.372565, 0.150386, 0.124993, 0.196803, -0.742279, 0.640538, -0.002831, 0.35027, -0.556968, -0.753058, -1.2e-05, 0.0, 0.0, 0.0, 1.0],
                [0.914537, 0.369681, 0.164187, 0.124994, 0.196854, -0.761345, 0.617739, -0.002831, 0.35337, -0.532624, -0.769052, -1.2e-05, 0.0, 0.0, 0.0, 1.0],
                [0.91337, 0.366709, 0.17686, 0.124994, 0.195798, -0.776518, 0.598899, -0.00283, 0.356957, -0.512387, -0.781051, -1.1e-05, 0.0, 0.0, 0.0, 1.0],
                [0.912204, 0.364198, 0.187728, 0.124995, 0.193746, -0.787115, 0.585586, -0.00283, 0.361033, -0.497802, -0.788572, -1.2e-05, 0.0, 0.0, 0.0, 1.0],
                [0.911011, 0.362688, 0.196253, 0.124994, 0.190793, -0.792602, 0.579119, -0.00283, 0.365591, -0.490139, -0.791269, -1.1e-05, 0.0, 0.0, 0.0, 1.0],
                [0.909716, 0.361921, 0.203541, 0.124993, 0.187498, -0.795412, 0.576335, -0.002831, 0.370488, -0.486137, -0.79146, -1.3e-05, 0.0, 0.0, 0.0, 1.0],
                [0.908276, 0.361342, 0.210871, 0.124992, 0.18435, -0.798122, 0.573599, -0.002831, 0.375566, -0.482111, -0.791529, -1.1e-05, 0.0, 0.0, 0.0, 1.0],
                [0.906705, 0.360942, 0.218187, 0.124995, 0.181347, -0.800695, 0.570963, -0.00283, 0.380786, -0.478127, -0.791452, -1.1e-05, 0.0, 0.0, 0.0, 1.0],
                [0.905018, 0.360715, 0.225443, 0.124994, 0.178491, -0.803109, 0.568467, -0.002831, 0.38611, -0.474233, -0.791215, -1.2e-05, 0.0, 0.0, 0.0, 1.0],
                [0.903235, 0.360647, 0.232591, 0.124994, 0.17578, -0.805352, 0.566134, -0.002831, 0.391493, -0.470467, -0.790819, -1.2e-05, 0.0, 0.0, 0.0, 1.0],
                [0.901375, 0.360721, 0.239588, 0.124994, 0.17321, -0.807413, 0.563986, -0.002831, 0.396889, -0.466863, -0.790264, -1.2e-05, 0.0, 0.0, 0.0, 1.0],
                [0.899458, 0.360923, 0.24639, 0.124994, 0.170784, -0.809289, 0.562033, -0.002831, 0.402252, -0.463445, -0.789564, -1.1e-05, 0.0, 0.0, 0.0, 1.0],
                [0.897508, 0.361233, 0.252956, 0.124994, 0.168498, -0.810983, 0.560279, -0.00283, 0.407535, -0.460232, -0.788733, -1e-05, 0.0, 0.0, 0.0, 1.0],
                [0.895552, 0.361637, 0.25924, 0.124994, 0.166358, -0.812492, 0.558732, -0.002831, 0.412689, -0.457246, -0.787791, -1.2e-05, 0.0, 0.0, 0.0, 1.0],
                [0.893613, 0.362108, 0.265204, 0.124994, 0.164362, -0.813827, 0.557377, -0.002831, 0.417661, -0.45449, -0.786765, -1.3e-05, 0.0, 0.0, 0.0, 1.0],
                [0.891721, 0.36263, 0.270798, 0.124994, 0.162516, -0.814991, 0.556216, -0.00283, 0.422399, -0.45198, -0.785679, -1.1e-05, 0.0, 0.0, 0.0, 1.0],
                [0.889905, 0.363182, 0.275983, 0.124994, 0.160824, -0.815992, 0.555239, -0.002831, 0.426853, -0.449724, -0.784566, -1.2e-05, 0.0, 0.0, 0.0, 1.0],
                [0.888195, 0.363743, 0.280715, 0.124994, 0.159295, -0.816842, 0.55443, -0.002831, 0.43097, -0.447724, -0.783459, -1.1e-05, 0.0, 0.0, 0.0, 1.0],
                [0.88662, 0.364293, 0.284949, 0.124993, 0.157934, -0.817545, 0.553782, -0.002831, 0.434697, -0.44599, -0.782388, -1.3e-05, 0.0, 0.0, 0.0, 1.0],
