{
    "animation": [
        {
            "name": "Root",
            "time": [0.0, 0.0111, 0.0222, 0.0333, 0.0444, 0.0556, 0.0667, 0.0778, 0.0889, 0.1, 0.1111, 0.1222, 0.1333, 0.1444, 0.1556, 0.1667, 0.1778, 0.1889, 0.2, 0.2111, 0.2222, 0.2333, 0.2444, 0.2556, 0.2667, 0.2778, 0.2889, 0.3, 0.3111, 0.3222, 0.3333, 0.3444, 0.3556, 0.3667, 0.3778, 0.3889, 0.4, 0.4111, 0.4222, 0.4333, 0.4444, 0.4556, 0.4667, 0.4778, 0.4889, 0.5, 0.5111, 0.5222, 0.5333, 0.5444, 0.5556, 0.5667, 0.5778, 0.5889, 0.6, 0.6111, 0.6222, 0.6333, 0.6444, 0.6556, 0.6667, 0.6778, 0.6889, 0.7, 0.7111, 0.7222, 0.7333, 0.7444, 0.7556, 0.7667],
            "transform": [
                [0.979141, 0.0, -0.20318, -5e-06, -0.20318, 0.0, -0.979141, 0.000946, 0.0, 1.0, 0.0, 0.743041, 0.0, 0.0, 0.0, 1.0],
                [0.979141, 0.0, -0.20318, -5e-06, -0.20318, 0.0, -0.979141, 0.000946, 0.0, 1.0, 0.0, 0.743041, 0.0, 0.0, 0.0, 1.0],
                [0.979141, 0.0, -0.20318, -5e-06, -0.20318, 0.0, -0.979141, 0.000946, 0.0, 1.0, 0.0, 0.743041, 0.0, 0.0, 0.0, 1.0],
                [0.979141, 0.0, -0.20318, -5e-06, -0.20318, 0.0, -0.979141, 0.000946, 0.0, 1.0, 0.0, 0.743041, 0.0, 0.0, 0.0, 1.0],
                [0.973832, 0.0, -0.227269, -5e-06, -0.227269, 0.0, -0.973832, 0.000946, 0.0, 1.0, 0.0, 0.732911, 0.0, 0.0, 0.0, 1.0],
                [0.957337, 0.0, -0.288973, -5e-06, -0.288973, 0.0, -0.957337, 0.000946, 0.0, 1.0, 0.0, 0.706546, 0.0, 0.0, 0.0, 1.0],
                [0.928321, 0.0, -0.371779, -5e-06, -0.371779, 0.0, -0.928321, 0.000946, 0.0, 1.0, 0.0, 0.669983, 0.0, 0.0, 0.0, 1.0],
                [0.888489, 0.0, -0.458898, -5e-06, -0.458898, 0.0, -0.888489, 0.000946, 0.0, 1.0, 0.0, 0.629259, 0.0, 0.0, 0.0, 1.0],
                [0.844841, 0.0, -0.535017, -5e-06, -0.535017, 0.0, -0.844841, 0.000946, 0.0, 1.0, 0.0, 0.590411, 0.0, 0.0, 0.0, 1.0],
                [0.808959, 0.0, -0.587864, -5e-06, -0.587864, 0.0, -0.808959, 0.000946, 0.0, 1.0, 0.0, 0.559477, 0.0, 0.0, 0.0, 1.0],
                [0.794202, 0.0, -0.607653, -5e-06, -0.607653, 0.0, -0.794202, 0.000946, 0.0, 1.0, 0.0, 0.542493, 0.0, 0.0, 0.0, 1.0],
                [0.794197, 3e-06, -0.60766, -5e-06, -0.607655, 0.004373, -0.794189, 0.000963, 0.002655, 0.99999, 0.003475, 0.535989, 0.0, 0.0, 0.0, 1.0],
                [0.794233, 9e-06, -0.607614, -5e-06, -0.607547, 0.014802, -0.794146, 0.001077, 0.008987, 0.99989, 0.011762, 0.532045, 0.0, 0.0, 0.0, 1.0],
                [0.794346, 1.3e-05, -0.607466, -5e-06, -0.607241, 0.027247, -0.794051, 0.001388, 0.016541, 0.999629, 0.021651, 0.530019, 0.0, 0.0, 0.0, 1.0],
                [0.794571, 1.2e-05, -0.607171, -5e-06, -0.606741, 0.037671, -0.794007, 0.001993, 0.022863, 0.99929, 0.029939, 0.529273, 0.0, 0.0, 0.0, 1.0],
                [0.794944, 0.0, -0.606683, -5e-06, -0.606146, 0.042044, -0.794241, 0.002991, 0.025507, 0.999116, 0.033422, 0.529166, 0.0, 0.0, 0.0, 1.0],
                [0.799902, -0.000169, -0.600131, -5e-06, -0.599619, 0.041082, -0.799231, 0.015656, 0.024789, 0.999156, 0.03276, 0.529176, 0.0, 0.0, 0.0, 1.0],
                [0.81246, -0.000566, -0.583017, -5e-06, -0.582569, 0.038424, -0.811873, 0.048649, 0.022862, 0.999261, 0.030889, 0.529246, 0.0, 0.0, 0.0, 1.0],
                [0.830352, -0.001048, -0.557238, -5e-06, -0.556878, 0.03443, -0.829881, 0.098151, 0.020055, 0.999407, 0.028006, 0.529436, 0.0, 0.0, 0.0, 1.0],
                [0.851268, -0.001467, -0.52473, -5e-06, -0.524466, 0.029464, -0.850922, 0.160341, 0.016709, 0.999565, 0.024313, 0.529807, 0.0, 0.0, 0.0, 1.0],
                [0.873044, -0.001706, -0.487638, -5e-06, -0.487463, 0.023906, -0.872816, 0.2314, 0.013147, 0.999713, 0.02004, 0.530418, 0.0, 0.0, 0.0, 1.0],
                [0.893839, -0.001701, -0.448386, -5e-06, -0.448285, 0.018149, -0.893707, 0.307507, 0.009658, 0.999834, 0.01546, 0.531329, 0.0, 0.0, 0.0, 1.0],
                [0.912233, -0.001453, -0.409669, -5e-06, -0.40962, 0.012591, -0.912169, 0.384842, 0.006484, 0.99992, 0.010891, 0.5326, 0.0, 0.0, 0.0, 1.0],
                [0.927275, -0.001028, -0.374379, -5e-06, -0.374361, 0.007624, -0.927252, 0.459584, 0.003808, 0.99997, 0.006685, 0.534293, 0.0, 0.0, 0.0, 1.0],
                [0.938417, -0.000547, -0.345505, -5e-06, -0.345501, 0.003628, -0.938411, 0.527915, 0.001766, 0.999993, 0.003216, 0.536465, 0.0, 0.0, 0.0, 1.0],
                [0.945356, -0.000156, -0.326041, -5e-06, -0.326041, 0.000967, -0.945355, 0.586013, 0.000463, 1.0, 0.000864, 0.539179, 0.0, 0.0, 0.0, 1.0],
                [0.947782, 0.0, -0.318919, -5e-06, -0.318919, 0.0, -0.947782, 0.630058, 0.0, 1.0, 0.0, 0.542493, 0.0, 0.0, 0.0, 1.0],
                [0.947782, -0.0, -0.318919, -5e-06, -0.318919, -0.0, -0.947782, 0.657675, -0.0, 1.0, -0.0, 0.546644, 0.0, 0.0, 0.0, 1.0],
                [0.947782, -0.0, -0.318919, -5e-06, -0.318919, -0.0, -0.947782, 0.672263, -0.0, 1.0, -0.0, 0.551559, 0.0, 0.0, 0.0, 1.0],
                [0.947782, 0.0, -0.318919, -5e-06, -0.318919, 0.0, -0.947782, 0.678669, 0.0, 1.0, 0.0, 0.55683, 0.0, 0.0, 0.0, 1.0],
                [0.947782, -0.0, -0.318919, -5e-06, -0.318919, -0.0, -0.947782, 0.681735, 0.0, 1.0, -0.0, 0.562053, 0.0, 0.0, 0.0, 1.0],
                [0.947782, -0.0, -0.318919, -5e-06, -0.318919, 0.0, -0.947782, 0.686308, 0.0, 1.0, 0.0, 0.566822, 0.0, 0.0, 0.0, 1.0],
                [0.947782, 0.0, -0.318919, -5e-06, -0.318919, 0.0, -0.947782, 0.697232, 0.0, 1.0, 0.0, 0.570731, 0.0, 0.0, 0.0, 1.0],
                [0.947782, 0.0, -0.318919, -5e-06, -0.318919, 0.0, -0.947782, 0.719351, 0.0, 1.0, 0.0, 0.573373, 0.0, 0.0, 0.0, 1.0],
                [0.947782, 0.0, -0.318919, -5e-06, -0.318919, 0.0, -0.947782, 0.757511, 0.0, 1.0, 0.0, 0.574344, 0.0, 0.0, 0.0, 1.0],
                [0.979042, 0.0, -0.20366, -5e-06, -0.20366, 0.0, -0.979042, 0.822334, 0.0, 1.0, 0.0, 0.57241, 0.0, 0.0, 0.0, 1.0],
                [0.997987, 0.0, 0.063424, -5e-06, 0.063424, 0.0, -0.997987, 0.902812, 0.0, 1.0, 0.0, 0.568154, 0.0, 0.0, 0.0, 1.0],
                [0.945384, 0.0, 0.32596, -5e-06, 0.32596, 0.0, -0.945384, 0.971341, 0.0, 1.0, 0.0, 0.563898, 0.0, 0.0, 0.0, 1.0],
                [0.899785, 0.0, 0.436335, -5e-06, 0.436335, 0.0, -0.899785, 1.000318, 0.0, 1.0, 0.0, 0.561964, 0.0, 0.0, 0.0, 1.0],
                [0.899785, 0.0, 0.436335, -5e-06, 0.436335, 0.0, -0.899785, 1.000318, 0.0, 1.0, 0.0, 0.561964, 0.0, 0.0, 0.0, 1.0],
                [0.899785, 0.0, 0.436335, -5e-06, 0.436335, 0.0, -0.899785, 1.000318, 0.0, 1.0, 0.0, 0.561964, 0.0, 0.0, 0.0, 1.0],
                [0.899785, 0.0, 0.436335, -5e-06, 0.436335, 0.0, -0.899785, 1.000318, 0.0, 1.0, 0.0, 0.561964, 0.0, 0.0, 0.0, 1.0],
                [0.899785, 0.0, 0.436335, -5e-06, 0.436335, 0.0, -0.899785, 1.000318, 0.0, 1.0, 0.0, 0.561964, 0.0, 0.0, 0.0, 1.0],
                [0.899785, 0.0, 0.436335, -5e-06, 0.436335, 0.0, -0.899785, 1.000318, 0.0, 1.0, 0.0, 0.561964, 0.0, 0.0, 0.0, 1.0],
                [0.899785, 0.0, 0.436335, -5e-06, 0.436335, 0.0, -0.899785, 1.000318, 0.0, 1.0, 0.0, 0.561964, 0.0, 0.0, 0.0, 1.0],
                [0.899785, 0.0, 0.436335, -5e-06, 0.436335, 0.0, -0.899785, 1.000318, 0.0, 1.0, 0.0, 0.561964, 0.0, 0.0, 0.0, 1.0],
                [0.899785, 0.0, 0.436335, -5e-06, 0.436335, 0.0, -0.899785, 1.000318, 0.0, 1.0, 0.0, 0.561964, 0.0, 0.0, 0.0, 1.0],
                [0.899785, 0.0, 0.436335, -5e-06, 0.436335, 0.0, -0.899785, 1.000318, 0.0, 1.0, 0.0, 0.561964, 0.0, 0.0, 0.0, 1.0],
                [0.899785, 0.0, 0.436335, -5e-06, 0.436335, 0.0, -0.899785, 1.000318, 0.0, 1.0, 0.0, 0.561964, 0.0, 0.0, 0.0, 1.0],
                [0.899785, 0.0, 0.436335, -5e-06, 0.436335, 0.0, -0.899785, 1.000318, 0.0, 1.0, 0.0, 0.561964, 0.0, 0.0, 0.0, 1.0],
                [0.899785, 0.0, 0.436335, -5e-06, 0.436335, 0.0, -0.899785, 1.000318, 0.0, 1.0, 0.0, 0.561964, 0.0, 0.0, 0.0, 1.0],
                [0.902028, 0.0, 0.431677, -5e-06, 0.431677, 0.0, -0.902028, 1.000529, 0.0, 1.0, 0.0, 0.569819, 0.0, 0.0, 0.0, 1.0],
                [0.90831, 0.0, 0.418298, -5e-06, 0.418298, 0.0, -0.90831, 1.002008, 0.0, 1.0, 0.0, 0.589961, 0.0, 0.0, 0.0, 1.0],
                [0.917817, 0.0, 0.397003, -5e-06, 0.397003, 0.0, -0.917817, 1.006022, 0.0, 1.0, 0.0, 0.617253, 0.0, 0.0, 0.0, 1.0],
                [0.92961, 0.0, 0.368546, -5e-06, 0.368546, 0.0, -0.92961, 1.013839, 0.0, 1.0, 0.0, 0.646559, 0.0, 0.0, 0.0, 1.0],
                [0.94268, 0.0, 0.333698, -5e-06, 0.333698, 0.0, -0.94268, 1.026726, 0.0, 1.0, 0.0, 0.672744, 0.0, 0.0, 0.0, 1.0],
                [0.956019, 0.0, 0.293304, -5e-06, 0.293304, 0.0, -0.956019, 1.045952, 0.0, 1.0, 0.0, 0.69067, 0.0, 0.0, 0.0, 1.0],
                [0.968679, 0.0, 0.248316, -5e-06, 0.248316, 0.0, -0.968679, 1.072566, 0.0, 1.0, 0.0, 0.70185, 0.0, 0.0, 0.0, 1.0],
                [0.979833, 0.0, 0.199817, -5e-06, 0.199817, 0.0, -0.979833, 1.105764, 0.0, 1.0, 0.0, 0.711314, 0.0, 0.0, 0.0, 1.0],
                [0.988836, 0.0, 0.14901, -5e-06, 0.14901, 0.0, -0.988836, 1.144029, 0.0, 1.0, 0.0, 0.719204, 0.0, 0.0, 0.0, 1.0],
                [0.995265, 0.0, 0.097196, -5e-06, 0.097196, 0.0, -0.995265, 1.185846, 0.0, 1.0, 0.0, 0.725664, 0.0, 0.0, 0.0, 1.0],
                [0.998954, 0.0, 0.045729, -5e-06, 0.045729, 0.0, -0.998954, 1.229698, 0.0, 1.0, 0.0, 0.730836, 0.0, 0.0, 0.0, 1.0],
                [0.999992, 0.0, -0.004025, -5e-06, -0.004025, 0.0, -0.999992, 1.274069, 0.0, 1.0, 0.0, 0.734865, 0.0, 0.0, 0.0, 1.0],
                [0.998712, 0.0, -0.050742, -5e-06, -0.050742, 0.0, -0.998712, 1.317443, 0.0, 1.0, 0.0, 0.737892, 0.0, 0.0, 0.0, 1.0],
                [0.99565, 0.0, -0.093172, -5e-06, -0.093172, 0.0, -0.99565, 1.358304, 0.0, 1.0, 0.0, 0.740061, 0.0, 0.0, 0.0, 1.0],
                [0.991493, 0.0, -0.130158, -5e-06, -0.130158, 0.0, -0.991493, 1.395136, 0.0, 1.0, 0.0, 0.741515, 0.0, 0.0, 0.0, 1.0],
                [0.987014, 0.0, -0.160634, -5e-06, -0.160634, 0.0, -0.987014, 1.426422, 0.0, 1.0, 0.0, 0.742397, 0.0, 0.0, 0.0, 1.0],
                [0.983, 0.0, -0.183607, -5e-06, -0.183607, 0.0, -0.983, 1.450646, 0.0, 1.0, 0.0, 0.74285, 0.0, 0.0, 0.0, 1.0],
                [0.980179, 0.0, -0.198116, -5e-06, -0.198116, 0.0, -0.980179, 1.466292, 0.0, 1.0, 0.0, 0.743017, 0.0, 0.0, 0.0, 1.0],
                [0.979141, 0.0, -0.20318, -5e-06, -0.20318, 0.0, -0.979141, 1.471845, 0.0, 1.0, 0.0, 0.743041, 0.0, 0.0, 0.0, 1.0]
            ]
        },
        {
            "name": "Thigh_R",
            "time": [0.0, 0.0111, 0.0222, 0.0333, 0.0444, 0.0556, 0.0667, 0.0778, 0.0889, 0.1, 0.1111, 0.1222, 0.1333, 0.1444, 0.1556, 0.1667, 0.1778, 0.1889, 0.2, 0.2111, 0.2222, 0.2333, 0.2444, 0.2556, 0.2667, 0.2778, 0.2889, 0.3, 0.3111, 0.3222, 0.3333, 0.3444, 0.3556, 0.3667, 0.3778, 0.3889, 0.4, 0.4111, 0.4222, 0.4333, 0.4444, 0.4556, 0.4667, 0.4778, 0.4889, 0.5, 0.5111, 0.5222, 0.5333, 0.5444, 0.5556, 0.5667, 0.5778, 0.5889, 0.6, 0.6111, 0.6222, 0.6333, 0.6444, 0.6556, 0.6667, 0.6778, 0.6889, 0.7, 0.7111, 0.7222, 0.7333, 0.7444, 0.7556, 0.7667],
            "transform": [
                [0.856938, 0.138252, 0.496532, 0.124994, 0.176827, -0.983744, -0.031266, -0.002831, 0.484138, 0.114592, -0.867456, -1.2e-05, 0.0, 0.0, 0.0, 1.0],
                [0.856938, 0.138252, 0.496532, 0.124994, 0.176827, -0.983744, -0.031266, -0.002831, 0.484138, 0.114592, -0.867456, -1.2e-05, 0.0, 0.0, 0.0, 1.0],
                [0.856938, 0.138252, 0.496532, 0.124994, 0.176827, -0.983744, -0.031266, -0.002831, 0.484138, 0.114592, -0.867456, -1.2e-05, 0.0, 0.0, 0.0, 1.0],
                [0.856938, 0.138252, 0.496532, 0.124994, 0.176827, -0.983744, -0.031266, -0.002831, 0.484138, 0.114592, -0.867456, -1.2e-05, 0.0, 0.0, 0.0, 1.0],
                [0.865741, 0.197336, 0.459947, 0.124994, 0.189987, -0.979777, 0.062762, -0.002831, 0.463031, 0.033048, -0.885726, -1.2e-05, 0.0, 0.0, 0.0, 1.0],
                [0.884551, 0.281316, 0.372061, 0.124994, 0.227425, -0.956531, 0.182548, -0.002831, 0.407242, -0.076857, -0.910081, -1.2e-05, 0.0, 0.0, 0.0, 1.0],
                [0.899557, 0.355942, 0.253183, 0.124994, 0.287202, -0.918693, 0.271138, -0.002831, 0.329107, -0.17119, -0.928646, -1.2e-05, 0.0, 0.0, 0.0, 1.0],
                [0.898348, 0.421309, 0.12437, 0.124994, 0.365532, -0.873959, 0.320281, -0.002831, 0.243632, -0.242263, -0.939123, -1.2e-05, 0.0, 0.0, 0.0, 1.0],
                [0.875738, 0.482682, 0.009938, 0.124994, 0.452925, -0.828525, 0.329246, -0.002831, 0.167155, -0.283831, -0.944193, -1.2e-05, 0.0, 0.0, 0.0, 1.0],
                [0.838358, 0.541267, -0.064686, 0.124994, 0.533303, -0.789815, 0.302947, -0.002831, 0.112886, -0.288475, -0.95081, -1.2e-05, 0.0, 0.0, 0.0, 1.0],
                [0.803759, 0.589943, -0.07705, 0.124994, 0.588539, -0.769427, 0.248198, -0.002831, 0.087138, -0.244838, -0.965641, -1.2e-05, 0.0, 0.0, 0.0, 1.0],
                [0.789871, 0.609814, -0.065033, 0.124994, 0.610388, -0.771448, 0.179699, -0.002831, 0.059413, -0.181634, -0.98157, -1.2e-05, 0.0, 0.0, 0.0, 1.0],
                [0.794422, 0.602594, -0.075979, 0.124994, 0.607308, -0.786377, 0.113077, -0.002831, 0.008392, -0.135973, -0.990677, -1.2e-05, 0.0, 0.0, 0.0, 1.0],
                [0.805767, 0.583702, -0.100154, 0.124994, 0.590329, -0.805155, 0.056866, -0.002831, -0.047447, -0.104944, -0.993346, -1.2e-05, 0.0, 0.0, 0.0, 1.0],
                [0.815111, 0.565714, -0.124744, 0.124994, 0.572005, -0.820034, 0.018762, -0.002831, -0.09168, -0.086647, -0.992012, -1.2e-05, 0.0, 0.0, 0.0, 1.0],
                [0.817866, 0.55876, -0.137409, 0.124994, 0.564356, -0.825528, 0.00214, -0.002831, -0.112239, -0.079298, -0.990512, -1.2e-05, 0.0, 0.0, 0.0, 1.0],
                [0.820173, 0.551821, -0.151026, 0.124994, 0.559883, -0.82846, 0.013492, -0.002831, -0.117674, -0.095623, -0.988438, -1.2e-05, 0.0, 0.0, 0.0, 1.0],
                [0.829082, 0.528742, -0.181805, 0.124994, 0.545295, -0.836508, 0.053883, -0.002831, -0.123591, -0.14381, -0.981858, -1.2e-05, 0.0, 0.0, 0.0, 1.0],
                [0.842351, 0.491253, -0.221615, 0.124994, 0.523031, -0.844325, 0.11641, -0.002831, -0.129929, -0.213969, -0.968161, -1.2e-05, 0.0, 0.0, 0.0, 1.0],
                [0.857542, 0.442017, -0.263138, 0.124994, 0.495974, -0.846174, 0.194929, -0.002831, -0.136499, -0.297669, -0.94486, -1.2e-05, 0.0, 0.0, 0.0, 1.0],
                [0.872346, 0.38521, -0.301039, 0.124994, 0.467592, -0.837167, 0.283737, -0.002831, -0.142722, -0.388279, -0.910423, -1.2e-05, 0.0, 0.0, 0.0, 1.0],
                [0.885054, 0.326179, -0.332095, 0.124994, 0.441457, -0.814431, 0.376585, -0.002831, -0.147634, -0.479902, -0.864811, -1.2e-05, 0.0, 0.0, 0.0, 1.0],
                [0.89489, 0.270399, -0.355042, 0.124994, 0.420258, -0.778294, 0.466519, -0.002831, -0.150181, -0.566692, -0.810127, -1.2e-05, 0.0, 0.0, 0.0, 1.0],
                [0.90204, 0.222219, -0.370057, 0.124994, 0.404905, -0.732691, 0.547004, -0.002831, -0.149583, -0.643256, -0.750896, -1.2e-05, 0.0, 0.0, 0.0, 1.0],
                [0.907388, 0.184138, -0.377809, 0.124994, 0.394318, -0.684091, 0.613622, -0.002831, -0.145465, -0.705769, -0.693346, -1.2e-05, 0.0, 0.0, 0.0, 1.0],
                [0.912216, 0.157015, -0.378429, 0.124994, 0.385949, -0.639291, 0.665094, -0.002831, -0.137497, -0.752762, -0.643772, -1.2e-05, 0.0, 0.0, 0.0, 1.0],
                [0.917964, 0.141247, -0.370662, 0.124994, 0.376659, -0.603391, 0.702884, -0.002831, -0.124374, -0.784834, -0.607094, -1.2e-05, 0.0, 0.0, 0.0, 1.0],
                [0.922661, 0.133831, -0.361642, 0.124994, 0.369199, -0.577289, 0.728305, -0.002831, -0.111303, -0.805496, -0.582053, -1.2e-05, 0.0, 0.0, 0.0, 1.0],
                [0.925075, 0.124284, -0.358872, 0.124994, 0.365131, -0.550992, 0.750391, -0.002831, -0.104474, -0.825201, -0.55509, -1.2e-05, 0.0, 0.0, 0.0, 1.0],
                [0.927975, 0.104625, -0.357653, 0.124994, 0.358574, -0.51193, 0.78061, -0.002831, -0.101422, -0.85263, -0.512575, -1.2e-05, 0.0, 0.0, 0.0, 1.0],
                [0.934288, 0.07062, -0.349453, 0.124994, 0.342531, -0.449661, 0.82491, -0.002831, -0.09888, -0.890401, -0.444303, -1.2e-05, 0.0, 0.0, 0.0, 1.0],
                [0.946893, 0.027993, -0.320327, 0.124994, 0.307892, -0.366166, 0.878137, -0.002831, -0.092711, -0.930126, -0.35534, -1.2e-05, 0.0, 0.0, 0.0, 1.0],
                [0.96651, -0.024215, -0.255482, 0.124994, 0.234729, -0.31898, 0.918234, -0.002831, -0.103729, -0.94745, -0.302614, -1.2e-05, 0.0, 0.0, 0.0, 1.0],
                [0.980762, -0.069841, -0.182283, 0.124994, 0.141421, -0.389447, 0.910127, -0.002831, -0.134554, -0.918395, -0.372079, -1.2e-05, 0.0, 0.0, 0.0, 1.0],
                [0.98577, -0.073431, -0.151213, 0.124994, 0.055575, -0.706595, 0.705431, -0.002831, -0.158647, -0.703795, -0.69246, -1.2e-05, 0.0, 0.0, 0.0, 1.0],
                [0.998962, -0.039364, -0.022923, 0.124994, -0.011535, -0.705419, 0.708696, -0.002831, -0.044067, -0.707694, -0.705143, -1.2e-05, 0.0, 0.0, 0.0, 1.0],
                [0.970729, 0.170321, 0.169339, 0.124994, -0.031264, -0.609448, 0.792209, -0.002831, 0.238133, -0.774313, -0.586285, -1.2e-05, 0.0, 0.0, 0.0, 1.0],
                [0.86111, 0.443628, 0.248359, 0.124994, -0.004112, -0.4824, 0.875941, -0.002831, 0.508401, -0.755302, -0.413577, -1.2e-05, 0.0, 0.0, 0.0, 1.0],
                [0.790422, 0.547689, 0.274353, 0.124994, 0.0177, -0.468109, 0.883493, -0.002831, 0.612307, -0.693475, -0.379698, -1.2e-05, 0.0, 0.0, 0.0, 1.0],
                [0.808265, 0.533228, 0.249748, 0.124994, 0.036409, -0.468598, 0.882661, -0.002831, 0.587691, -0.70433, -0.398167, -1.2e-05, 0.0, 0.0, 0.0, 1.0],
                [0.829846, 0.514031, 0.217086, 0.124994, 0.060572, -0.469735, 0.880727, -0.002831, 0.554694, -0.717717, -0.420945, -1.2e-05, 0.0, 0.0, 0.0, 1.0],
                [0.80855, 0.532988, 0.24934, 0.124994, 0.036715, -0.468609, 0.882642, -0.002831, 0.587281, -0.704504, -0.398463, -1.2e-05, 0.0, 0.0, 0.0, 1.0],
                [0.785853, 0.551215, 0.280351, 0.124994, 0.013069, -0.46804, 0.883611, -0.002831, 0.618275, -0.690722, -0.375015, -1.2e-05, 0.0, 0.0, 0.0, 1.0],
                [0.785853, 0.551215, 0.280351, 0.124994, 0.013069, -0.46804, 0.883611, -0.002831, 0.618275, -0.690722, -0.375015, -1.2e-05, 0.0, 0.0, 0.0, 1.0],
                [0.785853, 0.551215, 0.280351, 0.124994, 0.013069, -0.46804, 0.883611, -0.002831, 0.618275, -0.690722, -0.375015, -1.2e-05, 0.0, 0.0, 0.0, 1.0],
                [0.785853, 0.551215, 0.280351, 0.124994, 0.013069, -0.46804, 0.88361, -0.002831, 0.618275, -0.690722, -0.375015, -1.2e-05, 0.0, 0.0, 0.0, 1.0],
                [0.785853, 0.551215, 0.280351, 0.124994, 0.013069, -0.46804, 0.883611, -0.002831, 0.618275, -0.690722, -0.375015, -1.2e-05, 0.0, 0.0, 0.0, 1.0],
                [0.785853, 0.551215, 0.280351, 0.124994, 0.013069, -0.46804, 0.883611, -0.002831, 0.618275, -0.690722, -0.375015, -1.2e-05, 0.0, 0.0, 0.0, 1.0],
                [0.785853, 0.551215, 0.280351, 0.124994, 0.013069, -0.46804, 0.883611, -0.002831, 0.618275, -0.690722, -0.375015, -1.2e-05, 0.0, 0.0, 0.0, 1.0],
                [0.785853, 0.551215, 0.280351, 0.124994, 0.013069, -0.46804, 0.883611, -0.002831, 0.618275, -0.690722, -0.375015, -1.2e-05, 0.0, 0.0, 0.0, 1.0],
                [0.785853, 0.551215, 0.280351, 0.124994, 0.013069, -0.46804, 0.883611, -0.002831, 0.618275, -0.690722, -0.375015, -1.2e-05, 0.0, 0.0, 0.0, 1.0],
                [0.787572, 0.541485, 0.294148, 0.124994, 0.010616, -0.48919, 0.872112, -0.002831, 0.61613, -0.683728, -0.391022, -1.2e-05, 0.0, 0.0, 0.0, 1.0],
                [0.79215, 0.513888, 0.329267, 0.124994, 0.004099, -0.54396, 0.839101, -0.002831, 0.610313, -0.663343, -0.433005, -1.2e-05, 0.0, 0.0, 0.0, 1.0],
                [0.798666, 0.469773, 0.37609, 0.124994, -0.005016, -0.619749, 0.784783, -0.002831, 0.601752, -0.628665, -0.492618, -1.2e-05, 0.0, 0.0, 0.0, 1.0],
                [0.806339, 0.411316, 0.425012, 0.124994, -0.015207, -0.703933, 0.710102, -0.002831, 0.591258, -0.579045, -0.561356, -1.2e-05, 0.0, 0.0, 0.0, 1.0],
                [0.814605, 0.345126, 0.466161, 0.124994, -0.025022, -0.782043, 0.622721, -0.002831, 0.579476, -0.518935, -0.628422, -1.2e-05, 0.0, 0.0, 0.0, 1.0],
                [0.823074, 0.291326, 0.487523, 0.124994, -0.033086, -0.832358, 0.553248, -0.002831, 0.566969, -0.471493, -0.675455, -1.2e-05, 0.0, 0.0, 0.0, 1.0],
                [0.83129, 0.261421, 0.490526, 0.124994, -0.03778, -0.85388, 0.519094, -0.002831, 0.554554, -0.450049, -0.699947, -1.2e-05, 0.0, 0.0, 0.0, 1.0],
                [0.838952, 0.239975, 0.488436, 0.124994, -0.037716, -0.869725, 0.492091, -0.002831, 0.542895, -0.431263, -0.720609, -1.2e-05, 0.0, 0.0, 0.0, 1.0],
                [0.845945, 0.223378, 0.484231, 0.124994, -0.032061, -0.885091, 0.464309, -0.002831, 0.532305, -0.408304, -0.741578, -1.2e-05, 0.0, 0.0, 0.0, 1.0],
                [0.852107, 0.209707, 0.479517, 0.124994, -0.020351, -0.902244, 0.430742, -0.002831, 0.522972, -0.376796, -0.764542, -1.2e-05, 0.0, 0.0, 0.0, 1.0],
                [0.857228, 0.198416, 0.475175, 0.124994, -0.002617, -0.92109, 0.389336, -0.002831, 0.514931, -0.334993, -0.789067, -1.2e-05, 0.0, 0.0, 0.0, 1.0],
                [0.861063, 0.189406, 0.471907, 0.124994, 0.020522, -0.940226, 0.339927, -0.002831, 0.508084, -0.283014, -0.813483, -1.2e-05, 0.0, 0.0, 0.0, 1.0],
                [0.863399, 0.182383, 0.470402, 0.124994, 0.047821, -0.957758, 0.283568, -0.002831, 0.502249, -0.222337, -0.835651, -1.2e-05, 0.0, 0.0, 0.0, 1.0],
                [0.86415, 0.176566, 0.471242, 0.124994, 0.077453, -0.971933, 0.222136, -0.002831, 0.497238, -0.15546, -0.853573, -1.2e-05, 0.0, 0.0, 0.0, 1.0],
                [0.863445, 0.170704, 0.474681, 0.124994, 0.107145, -0.981591, 0.158102, -0.002831, 0.492931, -0.085653, -0.865842, -1.2e-05, 0.0, 0.0, 0.0, 1.0],
                [0.861685, 0.163422, 0.480409, 0.124994, 0.134381, -0.98641, 0.09452, -0.002831, 0.489327, -0.016889, -0.871938, -1.2e-05, 0.0, 0.0, 0.0, 1.0],
                [0.859505, 0.153922, 0.487399, 0.124994, 0.156617, -0.987019, 0.035518, -0.002831, 0.48654, 0.045808, -0.872457, -1.2e-05, 0.0, 0.0, 0.0, 1.0],
                [0.857678, 0.143574, 0.493735, 0.124994, 0.171468, -0.985122, -0.011395, -0.002831, 0.484754, 0.094432, -0.869538, -1.2e-05, 0.0, 0.0, 0.0, 1.0],
                [0.856938, 0.138252, 0.496532, 0.124994, 0.176827, -0.983744, -0.031266, -0.002831, 0.484138, 0.114593, -0.867456, -1.2e-05, 0.0, 0.0, 0.0, 1.0]
            ]
        },
        {
            "name": "Leg_R",
            "time": [0.0, 0.0111, 0.0222, 0.0333, 0.0444, 0.0556, 0.0667, 0.0778, 0.0889, 0.1, 0.1111, 0.1222, 0.1333, 0.1444, 0.1556, 0.1667, 0.1778, 0.1889, 0.2, 0.2111, 0.2222, 0.2333, 0.2444, 0.2556, 0.2667, 0.2778, 0.2889, 0.3, 0.3111, 0.3222, 0.3333, 0.3444, 0.3556, 0.3667, 0.3778, 0.3889, 0.4, 0.4111, 0.4222, 0.4333, 0.4444, 0.4556, 0.4667, 0.4778, 0.4889, 0.5, 0.5111, 0.5222, 0.5333, 0.5444, 0.5556, 0.5667, 0.5778, 0.5889, 0.6, 0.6111, 0.6222, 0.6333, 0.6444, 0.6556, 0.6667, 0.6778, 0.6889, 0.7, 0.7111, 0.7222, 0.7333, 0.7444, 0.7556, 0.7667],
            "transform": [
                [1.0, -0.0, 1e-06, -0.0, -0.0, 0.982223, 0.18773, 0.374726, -1e-06, -0.187731, 0.982218, 0.0, 0.0, 0.0, 0.0, 1.0],
                [1.0, -0.0, 1e-06, -0.0, -0.0, 0.982223, 0.18773, 0.374726, -1e-06, -0.187731, 0.982218, 0.0, 0.0, 0.0, 0.0, 1.0],
                [1.0, -0.0, 1e-06, -0.0, -0.0, 0.982223, 0.18773, 0.374726, -1e-06, -0.187731, 0.982218, 0.0, 0.0, 0.0, 0.0, 1.0],
                [1.0, -0.0, 1e-06, -0.0, -0.0, 0.982223, 0.18773, 0.374726, -1e-06, -0.187731, 0.982218, 0.0, 0.0, 0.0, 0.0, 1.0],
                [1.0, -0.0, 1e-06, -0.0, -0.0, 0.924586, 0.380978, 0.374726, -1e-06, -0.38098, 0.924581, 0.0, 0.0, 0.0, 0.0, 1.0],
                [1.0, -0.0, 1e-06, 0.0, -0.0, 0.784053, 0.620694, 0.374726, -1e-06, -0.620697, 0.78405, 0.0, 0.0, 0.0, 0.0, 1.0],
                [1.0, -1e-06, 1e-06, 0.0, -0.0, 0.612448, 0.79051, 0.374726, -1e-06, -0.790513, 0.612446, 0.0, 0.0, 0.0, 0.0, 1.0],
                [1.0, -1e-06, 1e-06, -0.0, -0.0, 0.45677, 0.889584, 0.374726, -1e-06, -0.889586, 0.456769, -0.0, 0.0, 0.0, 0.0, 1.0],
                [1.0, -1e-06, 1e-06, 0.0, -0.0, 0.351306, 0.93626, 0.374726, -1e-06, -0.936262, 0.351305, 0.0, 0.0, 0.0, 0.0, 1.0],
                [1.0, -1e-06, 1e-06, 0.0, -0.0, 0.314634, 0.949212, 0.374726, -1e-06, -0.949214, 0.314633, 0.0, 0.0, 0.0, 0.0, 1.0],
                [1.0, -1e-06, 1e-06, -0.0, -0.0, 0.352672, 0.935746, 0.374726, -1e-06, -0.935748, 0.352671, -0.0, 0.0, 0.0, 0.0, 1.0],
                [1.0, -1e-06, 0.0, -0.0, -0.0, 0.42393, 0.905694, 0.374726, -1e-06, -0.905696, 0.423929, 0.0, 0.0, 0.0, 0.0, 1.0],
                [1.0, -1e-06, 0.0, 0.0, -0.0, 0.482403, 0.875949, 0.374726, -1e-06, -0.875951, 0.482402, -0.0, 0.0, 0.0, 0.0, 1.0],
                [1.0, -1e-06, 1e-06, -0.0, -0.0, 0.525634, 0.85071, 0.374726, -1e-06, -0.850713, 0.525633, 0.0, 0.0, 0.0, 0.0, 1.0],
                [1.0, -1e-06, 1e-06, 0.0, -0.0, 0.553468, 0.83287, 0.374726, -1e-06, -0.832872, 0.553466, 0.0, 0.0, 0.0, 0.0, 1.0],
                [1.0, -1e-06, 1e-06, -0.0, -0.0, 0.567183, 0.823591, 0.374726, -1e-06, -0.823593, 0.567181, -0.0, 0.0, 0.0, 0.0, 1.0],
                [1.000001, -1e-06, 1e-06, -0.0, -0.0, 0.547663, 0.836699, 0.374726, -1e-06, -0.836702, 0.547661, -0.0, 0.0, 0.0, 0.0, 1.0],
                [1.0, -1e-06, 1e-06, -0.0, -0.0, 0.483171, 0.875525, 0.374726, -1e-06, -0.875528, 0.483169, -0.0, 0.0, 0.0, 0.0, 1.0],
                [1.0, -1e-06, 1e-06, -0.0, -0.0, 0.389177, 0.921162, 0.374726, -1e-06, -0.921164, 0.389176, -0.0, 0.0, 0.0, 0.0, 1.0],
                [1.0, -1e-06, 1e-06, -0.0, -0.0, 0.282029, 0.959405, 0.374726, -1e-06, -0.959407, 0.282028, -0.0, 0.0, 0.0, 0.0, 1.0],
                [1.0, -1e-06, 0.0, 0.0, -0.0, 0.176601, 0.984282, 0.374726, -1e-06, -0.984284, 0.1766, -0.0, 0.0, 0.0, 0.0, 1.0],
                [1.0, -1e-06, 0.0, 0.0, -0.0, 0.084663, 0.996408, 0.374726, -1e-06, -0.996411, 0.084663, -0.0, 0.0, 0.0, 0.0, 1.0],
                [1.0, -1e-06, 0.0, 0.0, -0.0, 0.013879, 0.999902, 0.374726, -1e-06, -0.999904, 0.013879, -0.0, 0.0, 0.0, 0.0, 1.0],
                [1.0, -1e-06, 0.0, -0.0, -0.0, -0.032583, 0.999469, 0.374726, -1e-06, -0.99947, -0.032583, -0.0, 0.0, 0.0, 0.0, 1.0],
                [1.0, -1e-06, 0.0, -0.0, -0.0, -0.055846, 0.998439, 0.374726, -1e-06, -0.99844, -0.055846, -0.0, 0.0, 0.0, 0.0, 1.0],
                [1.0, -1e-06, 0.0, 0.0, -0.0, -0.060571, 0.998163, 0.374726, -1e-06, -0.998165, -0.060571, 0.0, 0.0, 0.0, 0.0, 1.0],
                [1.0, -1e-06, 0.0, -0.0, -0.0, -0.053622, 0.998561, 0.374726, -1e-06, -0.998562, -0.053622, 0.0, 0.0, 0.0, 0.0, 1.0],
                [1.0, -1e-06, 0.0, 0.0, -0.0, -0.051128, 0.998691, 0.374726, -1e-06, -0.998693, -0.051128, -0.0, 0.0, 0.0, 0.0, 1.0],
                [1.0, -1e-06, 0.0, -0.0, -0.0, -0.059705, 0.998215, 0.374726, -1e-06, -0.998217, -0.059705, -0.0, 0.0, 0.0, 0.0, 1.0],
                [1.0, -1e-06, 0.0, 0.0, -0.0, -0.067799, 0.997698, 0.374726, -1e-06, -0.9977, -0.067799, -0.0, 0.0, 0.0, 0.0, 1.0],
                [1.0, -1e-06, 0.0, -0.0, -0.0, -0.054473, 0.998514, 0.374726, -1e-06, -0.998516, -0.054473, 0.0, 0.0, 0.0, 0.0, 1.0],
                [1.0, -1e-06, 0.0, 0.0, -0.0, 0.02352, 0.999723, 0.374726, -1e-06, -0.999725, 0.02352, 0.0, 0.0, 0.0, 0.0, 1.0],
                [1.0, -1e-06, 0.0, -0.0, -0.0, 0.238202, 0.971215, 0.374726, -1e-06, -0.971217, 0.238202, 0.0, 0.0, 0.0, 0.0, 1.0],
                [1.0, -1e-06, 1e-06, -0.0, -0.0, 0.602792, 0.797898, 0.374726, -1e-06, -0.7979, 0.60279, -0.0, 0.0, 0.0, 0.0, 1.0],
                [1.0, -0.0, 1e-06, 0.0, 0.0, 0.999992, 0.004683, 0.374726, -1e-06, -0.004683, 0.999986, -0.0, 0.0, 0.0, 0.0, 1.0],
                [1.0, -0.0, 1e-06, 0.0, 0.0, 0.999992, 0.004724, 0.374726, -1e-06, -0.004724, 0.999986, 0.0, 0.0, 0.0, 0.0, 1.0],
                [1.0, -0.0, 1e-06, -0.0, -0.0, 0.916986, 0.398924, 0.374726, -1e-06, -0.398926, 0.916981, -0.0, 0.0, 0.0, 0.0, 1.0],
                [1.0, -1e-06, 1e-06, 0.0, -0.0, 0.598258, 0.801303, 0.374726, -1e-06, -0.801305, 0.598256, -0.0, 0.0, 0.0, 0.0, 1.0],
                [1.0, -1e-06, 1e-06, -0.0, -0.0, 0.486879, 0.873469, 0.374726, -1e-06, -0.873471, 0.486877, -0.0, 0.0, 0.0, 0.0, 1.0],
                [1.0, -1e-06, 1e-06, 0.0, -0.0, 0.486879, 0.873469, 0.374726, -1e-06, -0.873471, 0.486877, -0.0, 0.0, 0.0, 0.0, 1.0],
                [1.0, -1e-06, 1e-06, 0.0, -0.0, 0.486878, 0.873469, 0.374726, -1e-06, -0.873471, 0.486877, -0.0, 0.0, 0.0, 0.0, 1.0],
                [1.0, -1e-06, 1e-06, -0.0, -0.0, 0.486878, 0.873469, 0.374726, -1e-06, -0.873471, 0.486877, -0.0, 0.0, 0.0, 0.0, 1.0],
                [1.0, -1e-06, 1e-06, 0.0, -0.0, 0.486879, 0.873469, 0.374726, -1e-06, -0.873471, 0.486877, -0.0, 0.0, 0.0, 0.0, 1.0],
                [1.0, -1e-06, 1e-06, -0.0, -0.0, 0.486879, 0.873469, 0.374726, -1e-06, -0.873471, 0.486877, -0.0, 0.0, 0.0, 0.0, 1.0],
                [1.0, -1e-06, 1e-06, -0.0, -0.0, 0.486879, 0.873469, 0.374726, -1e-06, -0.873471, 0.486877, -0.0, 0.0, 0.0, 0.0, 1.0],
                [1.0, -1e-06, 1e-06, 0.0, -0.0, 0.486879, 0.873469, 0.374726, -1e-06, -0.873471, 0.486877, 0.0, 0.0, 0.0, 0.0, 1.0],
                [1.0, -1e-06, 1e-06, 0.0, -0.0, 0.486878, 0.873469, 0.374726, -1e-06, -0.873471, 0.486877, 0.0, 0.0, 0.0, 0.0, 1.0],
                [1.0, -1e-06, 1e-06, 0.0, -0.0, 0.486878, 0.873469, 0.374726, -1e-06, -0.873471, 0.486877, 0.0, 0.0, 0.0, 0.0, 1.0],
                [1.0, -1e-06, 1e-06, 0.0, -0.0, 0.486879, 0.873469, 0.374726, -1e-06, -0.873471, 0.486877, -0.0, 0.0, 0.0, 0.0, 1.0],
                [1.0, -1e-06, 1e-06, -0.0, -0.0, 0.486878, 0.873469, 0.374726, -1e-06, -0.873471, 0.486877, 0.0, 0.0, 0.0, 0.0, 1.0],
                [1.0, -1e-06, 1e-06, -0.0, -0.0, 0.486879, 0.873469, 0.374726, -1e-06, -0.873471, 0.486877, -0.0, 0.0, 0.0, 0.0, 1.0],
                [1.0, -1e-06, 1e-06, -0.0, -0.0, 0.516551, 0.856256, 0.374726, -1e-06, -0.856258, 0.516549, -0.0, 0.0, 0.0, 0.0, 1.0],
                [1.0, -1e-06, 1e-06, 0.0, -0.0, 0.592256, 0.805749, 0.374726, -1e-06, -0.805752, 0.592254, -0.0, 0.0, 0.0, 0.0, 1.0],
                [1.0, -1e-06, 1e-06, 0.0, -0.0, 0.694463, 0.719528, 0.374726, -1e-06, -0.719531, 0.694461, 0.0, 0.0, 0.0, 0.0, 1.0],
                [1.0, -0.0, 1e-06, -0.0, -0.0, 0.801781, 0.597619, 0.374726, -1e-06, -0.597622, 0.801777, -0.0, 0.0, 0.0, 0.0, 1.0],
                [1.0, -0.0, 1e-06, -0.0, -0.0, 0.889542, 0.456856, 0.374726, -1e-06, -0.456858, 0.889538, 0.0, 0.0, 0.0, 0.0, 1.0],
                [1.0, -0.0, 1e-06, -0.0, -0.0, 0.930383, 0.366594, 0.374726, -1e-06, -0.366596, 0.930378, -0.0, 0.0, 0.0, 0.0, 1.0],
                [1.000001, -0.0, 1e-06, -0.0, -0.0, 0.929694, 0.368339, 0.374726, -1e-06, -0.368341, 0.929689, -0.0, 0.0, 0.0, 0.0, 1.0],
                [1.0, -0.0, 1e-06, -0.0, -0.0, 0.916569, 0.39988, 0.374726, -1e-06, -0.399882, 0.916564, -0.0, 0.0, 0.0, 0.0, 1.0],
                [1.0, -0.0, 1e-06, -0.0, -0.0, 0.89819, 0.439611, 0.374726, -1e-06, -0.439614, 0.898185, 0.0, 0.0, 0.0, 0.0, 1.0],
                [1.0, -0.0, 1e-06, -0.0, -0.0, 0.880745, 0.473593, 0.374726, -1e-06, -0.473595, 0.880741, 0.0, 0.0, 0.0, 0.0, 1.0],
                [1.0, -0.0, 1e-06, -0.0, -0.0, 0.86898, 0.49485, 0.374726, -1e-06, -0.494853, 0.868975, 0.0, 0.0, 0.0, 0.0, 1.0],
                [1.0, -0.0, 1e-06, 0.0, -0.0, 0.865895, 0.500229, 0.374726, -1e-06, -0.500231, 0.865891, 0.0, 0.0, 0.0, 0.0, 1.0],
                [1.0, -0.0, 1e-06, 0.0, -0.0, 0.872607, 0.488426, 0.374726, -1e-06, -0.488428, 0.872602, 0.0, 0.0, 0.0, 0.0, 1.0],
                [1.0, -0.0, 1e-06, 0.0, -0.0, 0.888365, 0.45914, 0.374726, -1e-06, -0.459142, 0.888361, -0.0, 0.0, 0.0, 0.0, 1.0],
                [1.0, -0.0, 1e-06, -0.0, -0.0, 0.910725, 0.413016, 0.374726, -1e-06, -0.413018, 0.910721, -0.0, 0.0, 0.0, 0.0, 1.0],
                [1.0, -0.0, 1e-06, -0.0, -0.0, 0.935879, 0.352328, 0.374726, -1e-06, -0.35233, 0.935873, -0.0, 0.0, 0.0, 0.0, 1.0],
                [1.0, -0.0, 1e-06, 0.0, -0.0, 0.959225, 0.282649, 0.374726, -1e-06, -0.28265, 0.959221, -0.0, 0.0, 0.0, 0.0, 1.0],
                [1.0, -0.0, 1e-06, -0.0, -0.0, 0.975995, 0.217801, 0.374726, -1e-06, -0.217802, 0.97599, 0.0, 0.0, 0.0, 0.0, 1.0],
                [1.0, -0.0, 1e-06, -0.0, -0.0, 0.982223, 0.187729, 0.374726, -1e-06, -0.18773, 0.982218, -0.0, 0.0, 0.0, 0.0, 1.0]
            ]
        },
        {
            "name": "Knee_R",
            "time": [0.0, 0.7667],
            "transform": [
                [1.0, -0.0, -0.0, -0.0, -0.0, 0.00567, -0.999984, 0.374726, 0.0, 0.999984, 0.00567, 0.0, 0.0, 0.0, 0.0, 1.0],
                [1.0, 0.0, -0.0, -0.0, -0.0, 0.00567, -0.999984, 0.374726, 0.0, 0.999984, 0.00567, -0.0, 0.0, 0.0, 0.0, 1.0]
            ]
        },
        {
            "name": "Thigh_L",
            "time": [0.0, 0.0111, 0.0222, 0.0333, 0.0444, 0.0556, 0.0667, 0.0778, 0.0889, 0.1, 0.1111, 0.1222, 0.1333, 0.1444, 0.1556, 0.1667, 0.1778, 0.1889, 0.2, 0.2111, 0.2222, 0.2333, 0.2444, 0.2556, 0.2667, 0.2778, 0.2889, 0.3, 0.3111, 0.3222, 0.3333, 0.3444, 0.3556, 0.3667, 0.3778, 0.3889, 0.4, 0.4111, 0.4222, 0.4333, 0.4444, 0.4556, 0.4667, 0.4778, 0.4889, 0.5, 0.5111, 0.5222, 0.5333, 0.5444, 0.5556, 0.5667, 0.5778, 0.5889, 0.6, 0.6111, 0.6222, 0.6333, 0.6444, 0.6556, 0.6667, 0.6778, 0.6889, 0.7, 0.7111, 0.7222, 0.7333, 0.7444, 0.7556, 0.7667],
            "transform": [
                [0.941429, -0.135597, -0.308748, -0.125006, -0.0292, -0.944931, 0.325963, -0.002831, -0.335945, -0.297856, -0.893545, -1.2e-05, 0.0, 0.0, 0.0, 1.0],
                [0.941428, -0.135597, -0.308748, -0.125006, -0.0292, -0.944931, 0.325963, -0.002831, -0.335945, -0.297856, -0.893545, -1.2e-05, 0.0, 0.0, 0.0, 1.0],
                [0.941428, -0.135597, -0.308748, -0.125006, -0.0292, -0.944931, 0.325963, -0.002831, -0.335945, -0.297856, -0.893545, -1.2e-05, 0.0, 0.0, 0.0, 1.0],
                [0.941428, -0.135597, -0.308748, -0.125006, -0.0292, -0.944931, 0.325963, -0.002831, -0.335945, -0.297856, -0.893545, -1.2e-05, 0.0, 0.0, 0.0, 1.0],
                [0.9326, -0.166963, -0.31997, -0.125006, -0.028773, -0.918132, 0.395228, -0.002831, -0.359763, -0.359383, -0.861054, -1.2e-05, 0.0, 0.0, 0.0, 1.0],
                [0.906798, -0.238334, -0.347726, -0.125006, -0.027922, -0.856991, 0.514574, -0.002831, -0.420639, -0.456905, -0.783773, -1.2e-05, 0.0, 0.0, 0.0, 1.0],
                [0.864445, -0.334565, -0.375234, -0.125006, -0.027353, -0.776592, 0.629408, -0.002831, -0.501982, -0.533825, -0.680473, -1.2e-05, 0.0, 0.0, 0.0, 1.0],
                [0.809157, -0.442355, -0.386762, -0.125006, -0.027354, -0.68586, 0.727218, -0.002831, -0.586954, -0.577855, -0.567069, -1.2e-05, 0.0, 0.0, 0.0, 1.0],
                [0.750437, -0.543314, -0.376369, -0.125006, -0.02746, -0.594581, 0.803567, -0.002831, -0.660371, -0.592691, -0.461115, -1.2e-05, 0.0, 0.0, 0.0, 1.0],
                [0.703176, -0.618609, -0.350522, -0.125006, -0.026596, -0.515527, 0.85646, -0.002831, -0.710517, -0.59292, -0.378959, -1.2e-05, 0.0, 0.0, 0.0, 1.0],
                [0.684456, -0.652834, -0.324542, -0.125006, -0.023684, -0.46483, 0.885083, -0.002831, -0.728669, -0.598114, -0.333618, -1.2e-05, 0.0, 0.0, 0.0, 1.0],
                [0.68733, -0.659136, -0.305148, -0.125006, -0.020826, -0.437826, 0.898818, -0.002831, -0.726046, -0.61143, -0.314658, -1.2e-05, 0.0, 0.0, 0.0, 1.0],
                [0.693132, -0.660731, -0.288101, -0.125006, -0.020481, -0.417581, 0.908409, -0.002831, -0.72052, -0.623746, -0.302971, -1.2e-05, 0.0, 0.0, 0.0, 1.0],
                [0.700209, -0.659257, -0.274018, -0.125006, -0.022133, -0.403673, 0.914636, -0.002831, -0.713594, -0.634372, -0.297247, -1.2e-05, 0.0, 0.0, 0.0, 1.0],
                [0.707392, -0.655897, -0.263428, -0.125006, -0.025177, -0.39584, 0.917974, -0.002831, -0.706372, -0.642735, -0.296528, -1.2e-05, 0.0, 0.0, 0.0, 1.0],
                [0.714148, -0.651291, -0.25654, -0.125006, -0.029228, -0.393913, 0.918683, -0.002831, -0.699384, -0.648577, -0.300348, -1.2e-05, 0.0, 0.0, 0.0, 1.0],
                [0.724913, -0.63981, -0.255233, -0.125006, -0.034713, -0.403986, 0.914106, -0.002831, -0.687965, -0.653787, -0.315065, -1.2e-05, 0.0, 0.0, 0.0, 1.0],
                [0.742936, -0.615824, -0.26231, -0.125006, -0.041637, -0.433638, 0.900124, -0.002831, -0.668066, -0.657813, -0.347807, -1.2e-05, 0.0, 0.0, 0.0, 1.0],
                [0.766023, -0.578885, -0.279465, -0.125006, -0.049443, -0.486525, 0.872266, -0.002831, -0.640908, -0.654358, -0.401312, -1.2e-05, 0.0, 0.0, 0.0, 1.0],
                [0.791846, -0.52832, -0.306362, -0.125006, -0.057826, -0.564245, 0.823579, -0.002831, -0.607977, -0.634432, -0.477346, -1.2e-05, 0.0, 0.0, 0.0, 1.0],
                [0.818162, -0.464485, -0.338917, -0.125006, -0.066636, -0.662057, 0.746485, -0.002831, -0.571114, -0.588162, -0.572621, -1.2e-05, 0.0, 0.0, 0.0, 1.0],
                [0.842995, -0.390322, -0.370146, -0.125006, -0.07582, -0.767452, 0.636606, -0.002831, -0.532551, -0.508591, -0.676553, -1.2e-05, 0.0, 0.0, 0.0, 1.0],
                [0.865269, -0.311299, -0.392939, -0.125006, -0.085125, -0.863685, 0.496791, -0.002831, -0.494026, -0.396409, -0.77382, -1.2e-05, 0.0, 0.0, 0.0, 1.0],
                [0.884091, -0.234413, -0.404268, -0.125006, -0.093853, -0.936527, 0.337796, -0.002831, -0.457792, -0.260701, -0.849977, -1.2e-05, 0.0, 0.0, 0.0, 1.0],
                [0.898379, -0.165835, -0.40671, -0.125006, -0.1016, -0.97933, 0.174897, -0.002831, -0.427307, -0.115802, -0.89666, -1.2e-05, 0.0, 0.0, 0.0, 1.0],
                [0.907327, -0.108736, -0.406119, -0.125006, -0.108395, -0.99382, 0.02392, -0.002831, -0.40621, 0.022317, -0.913507, -1.2e-05, 0.0, 0.0, 0.0, 1.0],
                [0.910094, -0.064165, -0.409404, -0.125006, -0.1147, -0.988346, -0.100074, -0.002831, -0.398211, 0.138035, -0.906848, -1.2e-05, 0.0, 0.0, 0.0, 1.0],
                [0.909945, -0.032652, -0.41344, -0.125006, -0.118957, -0.975556, -0.184769, -0.002831, -0.397301, 0.217311, -0.891587, -1.2e-05, 0.0, 0.0, 0.0, 1.0],
                [0.910375, -0.013516, -0.413562, -0.125006, -0.120409, -0.964867, -0.233523, -0.002831, -0.395876, 0.26239, -0.880019, -1.2e-05, 0.0, 0.0, 0.0, 1.0],
                [0.910628, -0.004346, -0.413204, -0.125006, -0.121062, -0.958875, -0.256713, -0.002831, -0.395095, 0.283793, -0.873705, -1.2e-05, 0.0, 0.0, 0.0, 1.0],
                [0.910038, -0.0012, -0.414522, -0.125006, -0.122787, -0.955898, -0.266798, -0.002831, -0.39592, 0.293694, -0.870052, -1.2e-05, 0.0, 0.0, 0.0, 1.0],
                [0.908011, 0.000607, -0.418944, -0.125006, -0.127314, -0.952305, -0.277317, -0.002831, -0.399131, 0.305145, -0.864627, -1.2e-05, 0.0, 0.0, 0.0, 1.0],
                [0.903647, -0.033638, -0.426955, -0.125006, -0.141034, -0.964679, -0.222494, -0.002831, -0.40439, 0.261271, -0.876473, -1.2e-05, 0.0, 0.0, 0.0, 1.0],
                [0.895765, -0.103077, -0.432411, -0.125006, -0.165796, -0.980024, -0.10984, -0.002831, -0.412451, 0.170082, -0.894961, -1.2e-05, 0.0, 0.0, 0.0, 1.0],
                [0.882949, -0.15778, -0.44216, -0.125006, -0.197666, -0.979222, -0.045294, -0.002831, -0.425826, 0.127393, -0.895792, -1.2e-05, 0.0, 0.0, 0.0, 1.0],
                [0.91327, -0.1752, -0.367753, -0.125006, -0.225993, -0.969025, -0.099577, -0.002831, -0.338916, 0.17405, -0.924577, -1.2e-05, 0.0, 0.0, 0.0, 1.0],
                [0.952249, -0.236372, -0.193257, -0.125006, -0.275779, -0.937503, -0.212212, -0.002831, -0.131018, 0.255375, -0.957924, -1.2e-05, 0.0, 0.0, 0.0, 1.0],
                [0.943433, -0.331221, 0.01502, -0.125006, -0.311204, -0.900227, -0.304536, -0.002831, 0.11439, 0.282635, -0.952382, -1.2e-05, 0.0, 0.0, 0.0, 1.0],
                [0.917156, -0.387282, 0.094008, -0.125006, -0.335527, -0.877662, -0.342242, -0.002831, 0.215051, 0.282347, -0.934897, -1.2e-05, 0.0, 0.0, 0.0, 1.0],
                [0.916604, -0.390566, 0.085416, -0.125006, -0.341859, -0.87645, -0.339068, -0.002831, 0.207291, 0.281591, -0.936876, -1.2e-05, 0.0, 0.0, 0.0, 1.0],
