{
    "animation": [
        {
            "name": "Root",
            "time": [0.0, 0.0167, 0.0333, 0.05, 0.0667, 0.0833, 0.1, 0.1167, 0.1333, 0.15, 0.1667, 0.1833, 0.2, 0.2167, 0.2333, 0.25, 0.2667, 0.2833, 0.3, 0.3167, 0.3333, 0.35, 0.3667, 0.3833, 0.4, 0.4167, 0.4333, 0.45, 0.4667, 0.4833, 0.5, 0.5167, 0.5333, 0.55, 0.5667, 0.5833, 0.6, 0.6167, 0.6333, 0.65, 0.6667, 0.6833, 0.7, 0.7167, 0.7333, 0.75, 0.7667, 0.7833, 0.8, 0.8167, 0.8333, 0.85, 0.8667, 0.8833, 0.9, 0.9167, 0.9333, 0.95, 0.9667, 0.9833, 1.0, 1.0167, 1.0333, 1.05, 1.0667, 1.0833, 1.1, 1.1167, 1.1333, 1.15, 1.1667, 1.1833, 1.2, 1.2167, 1.2333, 1.25],
            "transform": [
                [0.78635, 0.0, 0.617782, -5e-06, 0.613358, 0.119463, -0.780718, -0.081316, -0.073802, 0.992839, 0.09394, 0.728846, 0.0, 0.0, 0.0, 1.0],
                [0.784628, -0.000541, 0.619966, -5e-06, 0.61537, 0.122226, -0.778705, -0.081298, -0.075355, 0.992502, 0.096235, 0.728829, 0.0, 0.0, 0.0, 1.0],
                [0.77984, -0.002077, 0.625975, -5e-06, 0.620887, 0.129855, -0.77307, -0.081175, -0.07968, 0.991531, 0.102556, 0.728715, 0.0, 0.0, 0.0, 1.0],
                [0.772527, -0.004512, 0.634966, -5e-06, 0.62909, 0.141347, -0.764373, -0.080841, -0.086302, 0.98995, 0.112033, 0.728406, 0.0, 0.0, 0.0, 1.0],
                [0.763225, -0.007754, 0.646086, -5e-06, 0.639148, 0.155693, -0.75316, -0.08019, -0.094751, 0.987775, 0.123785, 0.727804, 0.0, 0.0, 0.0, 1.0],
                [0.752497, -0.01169, 0.658492, -5e-06, 0.650247, 0.171881, -0.740024, -0.079117, -0.104531, 0.985048, 0.136942, 0.726811, 0.0, 0.0, 0.0, 1.0],
                [0.74094, -0.016154, 0.671376, -5e-06, 0.661632, 0.18891, -0.725641, -0.077515, -0.115108, 0.981862, 0.150659, 0.725329, 0.0, 0.0, 0.0, 1.0],
                [0.729198, -0.020916, 0.683983, -5e-06, 0.672623, 0.205797, -0.710793, -0.075281, -0.125895, 0.978371, 0.164135, 0.723262, 0.0, 0.0, 0.0, 1.0],
                [0.717953, -0.02568, 0.695618, -5e-06, 0.682624, 0.221594, -0.696362, -0.072307, -0.136262, 0.974801, 0.176624, 0.720511, 0.0, 0.0, 0.0, 1.0],
                [0.707923, -0.030091, 0.705648, -5e-06, 0.691132, 0.235388, -0.683322, -0.068489, -0.145539, 0.971436, 0.187433, 0.716978, 0.0, 0.0, 0.0, 1.0],
                [0.699845, -0.033751, 0.713497, -5e-06, 0.69771, 0.246301, -0.672709, -0.063721, -0.15303, 0.968606, 0.195921, 0.712566, 0.0, 0.0, 0.0, 1.0],
                [0.694461, -0.036242, 0.718617, -5e-06, 0.701961, 0.253479, -0.665582, -0.057897, -0.158032, 0.966662, 0.201471, 0.707178, 0.0, 0.0, 0.0, 1.0],
                [0.692508, -0.037156, 0.720453, -5e-06, 0.703478, 0.256065, -0.662985, -0.050912, -0.159849, 0.965945, 0.203466, 0.700715, 0.0, 0.0, 0.0, 1.0],
                [0.692508, -0.037156, 0.720453, -0.000262, 0.703478, 0.256065, -0.662985, -0.038763, -0.159849, 0.965945, 0.203466, 0.691227, 0.0, 0.0, 0.0, 1.0],
                [0.692508, -0.037156, 0.720453, -0.001023, 0.703478, 0.256065, -0.662985, -0.018982, -0.159849, 0.965945, 0.203466, 0.67803, 0.0, 0.0, 0.0, 1.0],
                [0.692508, -0.037156, 0.720453, -0.002274, 0.703478, 0.256065, -0.662985, 0.006227, -0.159849, 0.965945, 0.203466, 0.662931, 0.0, 0.0, 0.0, 1.0],
                [0.692508, -0.037156, 0.720453, -0.003999, 0.703478, 0.256065, -0.662985, 0.034664, -0.159849, 0.965945, 0.203466, 0.647734, 0.0, 0.0, 0.0, 1.0],
                [0.692508, -0.037156, 0.720453, -0.006183, 0.703478, 0.256065, -0.662985, 0.064128, -0.159849, 0.965945, 0.203466, 0.634245, 0.0, 0.0, 0.0, 1.0],
                [0.692508, -0.037156, 0.720453, -0.008812, 0.703478, 0.256065, -0.662985, 0.092416, -0.159849, 0.965945, 0.203466, 0.624269, 0.0, 0.0, 0.0, 1.0],
                [0.692508, -0.037156, 0.720453, -0.011869, 0.703478, 0.256065, -0.662985, 0.117329, -0.159849, 0.965945, 0.203466, 0.619612, 0.0, 0.0, 0.0, 1.0],
                [0.692508, -0.037156, 0.720453, -0.015309, 0.703478, 0.256065, -0.662985, 0.137816, -0.159849, 0.965945, 0.203466, 0.618382, 0.0, 0.0, 0.0, 1.0],
                [0.692508, -0.037156, 0.720453, -0.018957, 0.703478, 0.256065, -0.662985, 0.157434, -0.159849, 0.965945, 0.203466, 0.617459, 0.0, 0.0, 0.0, 1.0],
                [0.692508, -0.037156, 0.720453, -0.022609, 0.703478, 0.256065, -0.662985, 0.18089, -0.159849, 0.965945, 0.203466, 0.616797, 0.0, 0.0, 0.0, 1.0],
                [0.692508, -0.037156, 0.720453, -0.026057, 0.703478, 0.256065, -0.662985, 0.212892, -0.159849, 0.965945, 0.203466, 0.616353, 0.0, 0.0, 0.0, 1.0],
                [0.692508, -0.037156, 0.720453, -0.029097, 0.703478, 0.256065, -0.662985, 0.258148, -0.159849, 0.965945, 0.203466, 0.616084, 0.0, 0.0, 0.0, 1.0],
                [0.692508, -0.037156, 0.720453, -0.031523, 0.703478, 0.256065, -0.662985, 0.321366, -0.159849, 0.965945, 0.203466, 0.615946, 0.0, 0.0, 0.0, 1.0],
                [0.692508, -0.037156, 0.720453, -0.03313, 0.703478, 0.256065, -0.662985, 0.407253, -0.159849, 0.965945, 0.203466, 0.615895, 0.0, 0.0, 0.0, 1.0],
                [0.692508, -0.037156, 0.720453, -0.033711, 0.703478, 0.256065, -0.662985, 0.520518, -0.159849, 0.965945, 0.203466, 0.615888, 0.0, 0.0, 0.0, 1.0],
                [0.692508, -0.037156, 0.720453, -0.033711, 0.703478, 0.256065, -0.662985, 0.649026, -0.159849, 0.965945, 0.203466, 0.615888, 0.0, 0.0, 0.0, 1.0],
                [0.692508, -0.037156, 0.720453, -0.033711, 0.703478, 0.256065, -0.662985, 0.713272, -0.159849, 0.965945, 0.203466, 0.615888, 0.0, 0.0, 0.0, 1.0],
                [0.692508, -0.037156, 0.720453, -0.033711, 0.703478, 0.256065, -0.662985, 0.713272, -0.159849, 0.965945, 0.203466, 0.615888, 0.0, 0.0, 0.0, 1.0],
                [0.692508, -0.037156, 0.720453, -0.033711, 0.703478, 0.256065, -0.662985, 0.713272, -0.159849, 0.965945, 0.203466, 0.615888, 0.0, 0.0, 0.0, 1.0],
                [0.692508, -0.037156, 0.720453, -0.033711, 0.703478, 0.256065, -0.662985, 0.713272, -0.159849, 0.965945, 0.203466, 0.615888, 0.0, 0.0, 0.0, 1.0],
                [0.692508, -0.037156, 0.720453, -0.033711, 0.703478, 0.256065, -0.662985, 0.713272, -0.159849, 0.965945, 0.203466, 0.615888, 0.0, 0.0, 0.0, 1.0],
                [0.692508, -0.037156, 0.720453, -0.033711, 0.703478, 0.256065, -0.662985, 0.713272, -0.159849, 0.965945, 0.203466, 0.615888, 0.0, 0.0, 0.0, 1.0],
                [0.692508, -0.037156, 0.720453, -0.033711, 0.703478, 0.256065, -0.662985, 0.713272, -0.159849, 0.965945, 0.203466, 0.615888, 0.0, 0.0, 0.0, 1.0],
                [0.692691, -0.03707, 0.720282, -0.033743, 0.703337, 0.255823, -0.663229, 0.713562, -0.159679, 0.966013, 0.203279, 0.616096, 0.0, 0.0, 0.0, 1.0],
                [0.693228, -0.036818, 0.719777, -0.033838, 0.70292, 0.255113, -0.663943, 0.714412, -0.159179, 0.96621, 0.202732, 0.616707, 0.0, 0.0, 0.0, 1.0],
                [0.6941, -0.036411, 0.718957, -0.033992, 0.702243, 0.253958, -0.665102, 0.715793, -0.158368, 0.96653, 0.201841, 0.617699, 0.0, 0.0, 0.0, 1.0],
                [0.695287, -0.035857, 0.717837, -0.034202, 0.701316, 0.252383, -0.666678, 0.717675, -0.157265, 0.966963, 0.200626, 0.619051, 0.0, 0.0, 0.0, 1.0],
                [0.69677, -0.035169, 0.716432, -0.034464, 0.700151, 0.25041, -0.668643, 0.720028, -0.155886, 0.967501, 0.199101, 0.620741, 0.0, 0.0, 0.0, 1.0],
                [0.698529, -0.034356, 0.714757, -0.034776, 0.698759, 0.248063, -0.67097, 0.722824, -0.154252, 0.968135, 0.197286, 0.62275, 0.0, 0.0, 0.0, 1.0],
                [0.700544, -0.033431, 0.712826, -0.035134, 0.69715, 0.245364, -0.673631, 0.726033, -0.152382, 0.968854, 0.195194, 0.625055, 0.0, 0.0, 0.0, 1.0],
                [0.702794, -0.032404, 0.710655, -0.035535, 0.695336, 0.242336, -0.676595, 0.729625, -0.150293, 0.969651, 0.192844, 0.627635, 0.0, 0.0, 0.0, 1.0],
                [0.705261, -0.031287, 0.708257, -0.035975, 0.693326, 0.239003, -0.679835, 0.733571, -0.148006, 0.970514, 0.190252, 0.63047, 0.0, 0.0, 0.0, 1.0],
                [0.707923, -0.030091, 0.705648, -0.036451, 0.691132, 0.235388, -0.683322, 0.737842, -0.145539, 0.971436, 0.187433, 0.633537, 0.0, 0.0, 0.0, 1.0],
                [0.710761, -0.028828, 0.702843, -0.03696, 0.688763, 0.231513, -0.687027, 0.742407, -0.142912, 0.972405, 0.184406, 0.636817, 0.0, 0.0, 0.0, 1.0],
                [0.713754, -0.027508, 0.699856, -0.037499, 0.686232, 0.227402, -0.690922, 0.747237, -0.140142, 0.973412, 0.181186, 0.640287, 0.0, 0.0, 0.0, 1.0],
                [0.716884, -0.026143, 0.696703, -0.038064, 0.68355, 0.223078, -0.694979, 0.752303, -0.13725, 0.97445, 0.177791, 0.643926, 0.0, 0.0, 0.0, 1.0],
                [0.720128, -0.024743, 0.6934, -0.038653, 0.680728, 0.218566, -0.699169, 0.757576, -0.134254, 0.975508, 0.174239, 0.647714, 0.0, 0.0, 0.0, 1.0],
                [0.723469, -0.023318, 0.689963, -0.03926, 0.67778, 0.21389, -0.703466, 0.763025, -0.131172, 0.976579, 0.170547, 0.651628, 0.0, 0.0, 0.0, 1.0],
                [0.726887, -0.021879, 0.686409, -0.039885, 0.674719, 0.209073, -0.707843, 0.768622, -0.128023, 0.977655, 0.166735, 0.655649, 0.0, 0.0, 0.0, 1.0],
                [0.730361, -0.020434, 0.682755, -0.040522, 0.671559, 0.204142, -0.712274, 0.774337, -0.124824, 0.978728, 0.16282, 0.659754, 0.0, 0.0, 0.0, 1.0],
                [0.733874, -0.018993, 0.67902, -0.041169, 0.668314, 0.199121, -0.716734, 0.780141, -0.121594, 0.979791, 0.158823, 0.663923, 0.0, 0.0, 0.0, 1.0],
                [0.737407, -0.017563, 0.675221, -0.041823, 0.665, 0.194035, -0.721197, 0.786003, -0.11835, 0.980837, 0.154762, 0.668134, 0.0, 0.0, 0.0, 1.0],
                [0.74094, -0.016154, 0.671376, -0.042481, 0.661633, 0.18891, -0.725641, 0.791895, -0.115107, 0.981862, 0.150659, 0.672367, 0.0, 0.0, 0.0, 1.0],
                [0.744457, -0.014772, 0.667507, -0.043138, 0.658229, 0.183772, -0.730043, 0.797787, -0.111885, 0.982858, 0.146534, 0.676599, 0.0, 0.0, 0.0, 1.0],
                [0.747939, -0.013424, 0.663632, -0.043792, 0.654807, 0.178647, -0.734379, 0.803649, -0.108698, 0.983822, 0.142407, 0.68081, 0.0, 0.0, 0.0, 1.0],
                [0.751368, -0.012116, 0.659772, -0.044439, 0.651385, 0.173563, -0.73863, 0.809452, -0.105562, 0.984748, 0.138302, 0.684979, 0.0, 0.0, 0.0, 1.0],
                [0.754729, -0.010855, 0.655947, -0.045076, 0.647981, 0.168545, -0.742774, 0.815167, -0.102494, 0.985634, 0.134239, 0.689084, 0.0, 0.0, 0.0, 1.0],
                [0.758003, -0.009645, 0.65218, -0.045701, 0.644616, 0.16362, -0.746792, 0.820764, -0.099507, 0.986476, 0.130242, 0.693105, 0.0, 0.0, 0.0, 1.0],
                [0.761175, -0.008491, 0.648491, -0.046309, 0.641309, 0.158816, -0.750666, 0.826214, -0.096617, 0.987272, 0.126332, 0.69702, 0.0, 0.0, 0.0, 1.0],
                [0.764229, -0.007397, 0.644903, -0.046897, 0.638082, 0.154159, -0.754378, 0.831486, -0.093838, 0.988018, 0.122533, 0.700807, 0.0, 0.0, 0.0, 1.0],
                [0.767149, -0.006367, 0.641437, -0.047462, 0.634955, 0.149677, -0.757911, 0.836553, -0.091183, 0.988714, 0.118867, 0.704447, 0.0, 0.0, 0.0, 1.0],
                [0.76992, -0.005404, 0.638117, -0.048001, 0.63195, 0.145397, -0.761248, 0.841383, -0.088667, 0.989359, 0.115359, 0.707917, 0.0, 0.0, 0.0, 1.0],
                [0.772527, -0.004512, 0.634966, -0.04851, 0.62909, 0.141347, -0.764373, 0.845948, -0.086302, 0.98995, 0.112033, 0.711196, 0.0, 0.0, 0.0, 1.0],
                [0.774954, -0.003692, 0.632007, -0.048986, 0.626397, 0.137554, -0.767272, 0.850218, -0.084102, 0.990487, 0.108911, 0.714263, 0.0, 0.0, 0.0, 1.0],
                [0.777188, -0.002948, 0.629261, -0.049426, 0.623892, 0.134044, -0.769929, 0.854164, -0.082079, 0.990971, 0.106017, 0.717098, 0.0, 0.0, 0.0, 1.0],
                [0.779214, -0.002282, 0.626754, -0.049827, 0.6216, 0.130847, -0.77233, 0.857756, -0.080246, 0.9914, 0.103376, 0.719678, 0.0, 0.0, 0.0, 1.0],
                [0.781017, -0.001696, 0.624507, -0.050185, 0.619542, 0.127988, -0.774459, 0.860965, -0.078616, 0.991774, 0.101011, 0.721983, 0.0, 0.0, 0.0, 1.0],
                [0.782584, -0.001192, 0.622544, -0.050497, 0.61774, 0.125494, -0.776304, 0.863761, -0.077201, 0.992094, 0.098946, 0.723992, 0.0, 0.0, 0.0, 1.0],
                [0.783899, -0.000772, 0.620889, -0.050759, 0.616218, 0.123394, -0.777849, 0.866115, -0.076013, 0.992357, 0.097204, 0.725683, 0.0, 0.0, 0.0, 1.0],
                [0.784948, -0.00044, 0.619562, -0.050969, 0.614998, 0.121714, -0.779079, 0.867997, -0.075067, 0.992565, 0.09581, 0.727035, 0.0, 0.0, 0.0, 1.0],
                [0.785716, -0.000198, 0.618587, -0.051123, 0.6141, 0.120481, -0.779978, 0.869378, -0.074373, 0.992716, 0.094786, 0.728027, 0.0, 0.0, 0.0, 1.0],
                [0.786189, -5e-05, 0.617987, -0.051218, 0.613546, 0.119722, -0.78053, 0.870228, -0.073947, 0.992807, 0.094155, 0.728637, 0.0, 0.0, 0.0, 1.0],
                [0.78635, 0.0, 0.617782, -0.05125, 0.613358, 0.119463, -0.780718, 0.870518, -0.073802, 0.992839, 0.09394, 0.728846, 0.0, 0.0, 0.0, 1.0]
            ]
        },
        {
            "name": "Thigh_R",
            "time": [0.0, 0.0167, 0.0333, 0.05, 0.0667, 0.0833, 0.1, 0.1167, 0.1333, 0.15, 0.1667, 0.1833, 0.2, 0.2167, 0.2333, 0.25, 0.2667, 0.2833, 0.3, 0.3167, 0.3333, 0.35, 0.3667, 0.3833, 0.4, 0.4167, 0.4333, 0.45, 0.4667, 0.4833, 0.5, 0.5167, 0.5333, 0.55, 0.5667, 0.5833, 0.6, 0.6167, 0.6333, 0.65, 0.6667, 0.6833, 0.7, 0.7167, 0.7333, 0.75, 0.7667, 0.7833, 0.8, 0.8167, 0.8333, 0.85, 0.8667, 0.8833, 0.9, 0.9167, 0.9333, 0.95, 0.9667, 0.9833, 1.0, 1.0167, 1.0333, 1.05, 1.0667, 1.0833, 1.1, 1.1167, 1.1333, 1.15, 1.1667, 1.1833, 1.2, 1.2167, 1.2333, 1.25],
            "transform": [
                [0.881669, 0.366225, 0.297552, 0.124994, 0.1539, -0.81928, 0.552352, -0.002831, 0.446064, -0.441199, -0.778697, -1.2e-05, 0.0, 0.0, 0.0, 1.0],
                [0.87944, 0.369442, 0.300161, 0.124994, 0.153497, -0.816993, 0.555841, -0.002831, 0.450581, -0.442755, -0.775207, -1.2e-05, 0.0, 0.0, 0.0, 1.0],
                [0.873152, 0.378488, 0.307166, 0.124994, 0.152264, -0.810399, 0.565745, -0.00283, 0.463055, -0.447211, -0.765233, -1.2e-05, 0.0, 0.0, 0.0, 1.0],
                [0.863384, 0.392444, 0.317104, 0.124994, 0.150152, -0.799868, 0.581089, -0.002831, 0.481687, -0.454088, -0.749521, -1.2e-05, 0.0, 0.0, 0.0, 1.0],
                [0.850739, 0.410355, 0.328407, 0.124994, 0.147131, -0.785793, 0.600733, -0.002831, 0.504574, -0.462748, -0.728882, -1.2e-05, 0.0, 0.0, 0.0, 1.0],
                [0.83589, 0.431219, 0.339612, 0.124994, 0.143228, -0.768637, 0.623443, -0.002831, 0.529879, -0.472487, -0.704261, -1.2e-05, 0.0, 0.0, 0.0, 1.0],
                [0.819597, 0.453986, 0.34951, 0.124994, 0.138548, -0.748967, 0.64796, -0.002831, 0.555937, -0.482641, -0.67675, -1.2e-05, 0.0, 0.0, 0.0, 1.0],
                [0.802694, 0.477561, 0.357236, 0.124994, 0.133272, -0.72748, 0.67306, -0.002831, 0.58131, -0.492651, -0.647591, -1.2e-05, 0.0, 0.0, 0.0, 1.0],
                [0.786083, 0.500827, 0.362276, 0.124994, 0.127661, -0.704999, 0.697623, -0.002831, 0.604794, -0.50214, -0.618126, -1.2e-05, 0.0, 0.0, 0.0, 1.0],
                [0.770704, 0.522676, 0.364451, 0.124994, 0.122035, -0.682451, 0.720671, -0.00283, 0.625398, -0.510947, -0.589754, -1.2e-05, 0.0, 0.0, 0.0, 1.0],
                [0.757507, 0.542021, 0.363862, 0.124994, 0.11675, -0.660855, 0.741377, -0.002831, 0.642302, -0.519116, -0.563884, -1.2e-05, 0.0, 0.0, 0.0, 1.0],
                [0.747434, 0.557805, 0.360826, 0.124994, 0.11217, -0.641301, 0.759046, -0.002831, 0.654798, -0.526862, -0.5419, -1.2e-05, 0.0, 0.0, 0.0, 1.0],
                [0.741388, 0.569004, 0.355776, 0.124994, 0.108621, -0.624914, 0.773099, -0.002831, 0.662227, -0.53452, -0.525111, -1.2e-05, 0.0, 0.0, 0.0, 1.0],
                [0.737757, 0.578573, 0.347803, 0.124994, 0.105981, -0.60809, 0.78676, -0.00283, 0.666695, -0.543576, -0.509942, -1.2e-05, 0.0, 0.0, 0.0, 1.0],
                [0.734295, 0.588007, 0.339202, 0.124994, 0.104043, -0.591267, 0.799736, -0.00283, 0.67081, -0.551948, -0.495343, -1.2e-05, 0.0, 0.0, 0.0, 1.0],
                [0.730932, 0.594946, 0.334331, 0.124994, 0.102922, -0.580392, 0.807806, -0.002831, 0.674645, -0.55604, -0.48546, -1.2e-05, 0.0, 0.0, 0.0, 1.0],
                [0.727626, 0.598109, 0.335893, 0.124994, 0.102671, -0.579097, 0.808766, -0.002831, 0.678247, -0.553992, -0.482776, -1.2e-05, 0.0, 0.0, 0.0, 1.0],
                [0.724366, 0.596941, 0.344896, 0.124994, 0.103277, -0.588585, 0.80181, -0.002831, 0.681636, -0.545183, -0.488003, -1.2e-05, 0.0, 0.0, 0.0, 1.0],
                [0.72118, 0.591356, 0.360826, 0.124994, 0.104636, -0.607873, 0.787109, -0.002831, 0.684799, -0.529891, -0.500264, -1.2e-05, 0.0, 0.0, 0.0, 1.0],
                [0.718144, 0.581647, 0.38204, 0.124994, 0.106536, -0.634411, 0.765618, -0.002831, 0.687691, -0.509122, -0.517566, -1.2e-05, 0.0, 0.0, 0.0, 1.0],
                [0.715108, 0.570894, 0.403359, 0.124994, 0.109236, -0.661218, 0.742197, -0.002831, 0.690425, -0.486689, -0.535206, -1.2e-05, 0.0, 0.0, 0.0, 1.0],
                [0.712125, 0.559372, 0.42424, 0.124994, 0.112582, -0.687451, 0.717449, -0.002831, 0.692967, -0.463151, -0.552527, -1.2e-05, 0.0, 0.0, 0.0, 1.0],
                [0.710913, 0.668878, 0.217264, 0.124994, 0.107667, -0.408799, 0.906251, -0.002831, 0.694989, -0.620871, -0.362637, -1.2e-05, 0.0, 0.0, 0.0, 1.0],
                [0.709631, 0.701791, -0.062537, 0.124994, 0.107018, -0.019633, 0.994063, -0.002831, 0.696398, -0.712109, -0.089037, -1.2e-05, 0.0, 0.0, 0.0, 1.0],
                [0.707116, 0.706761, -0.021765, 0.124994, 0.11913, -0.088736, 0.988905, -0.002831, 0.69699, -0.701861, -0.146943, -1.2e-05, 0.0, 0.0, 0.0, 1.0],
                [0.707602, 0.664743, 0.239613, 0.124994, 0.120514, -0.447664, 0.886043, -0.002831, 0.696259, -0.598088, -0.396879, -1.2e-05, 0.0, 0.0, 0.0, 1.0],
                [0.710864, 0.654907, 0.25645, 0.124994, 0.114009, -0.467096, 0.876825, -0.002831, 0.694027, -0.594064, -0.406708, -1.2e-05, 0.0, 0.0, 0.0, 1.0],
                [0.71674, 0.66352, 0.21453, 0.124994, 0.1023, -0.404358, 0.908861, -0.00283, 0.689796, -0.629469, -0.357699, -1.2e-05, 0.0, 0.0, 0.0, 1.0],
                [0.724384, 0.674269, 0.143622, 0.124994, 0.088744, -0.297798, 0.950494, -0.002831, 0.68366, -0.675776, -0.275559, -1.2e-05, 0.0, 0.0, 0.0, 1.0],
                [0.728539, 0.668291, 0.150387, 0.124994, 0.081768, -0.302814, 0.949535, -0.002831, 0.680106, -0.679475, -0.275257, -1.2e-05, 0.0, 0.0, 0.0, 1.0],
                [0.732787, 0.664989, 0.144261, 0.124994, 0.088358, -0.303199, 0.948822, -0.002831, 0.674697, -0.682537, -0.280938, -1.2e-05, 0.0, 0.0, 0.0, 1.0],
                [0.730672, 0.666641, 0.147327, 0.124994, 0.085066, -0.303003, 0.949185, -0.002831, 0.677408, -0.68101, -0.278105, -1.2e-05, 0.0, 0.0, 0.0, 1.0],
                [0.728539, 0.668291, 0.150387, 0.124994, 0.081768, -0.302815, 0.949535, -0.002831, 0.680106, -0.679474, -0.275258, -1.2e-05, 0.0, 0.0, 0.0, 1.0],
                [0.728539, 0.668291, 0.150387, 0.124994, 0.081768, -0.302814, 0.949535, -0.002831, 0.680106, -0.679475, -0.275258, -1.2e-05, 0.0, 0.0, 0.0, 1.0],
                [0.728539, 0.668291, 0.150387, 0.124994, 0.081768, -0.302815, 0.949535, -0.002831, 0.680106, -0.679474, -0.275258, -1.2e-05, 0.0, 0.0, 0.0, 1.0],
                [0.728539, 0.668291, 0.150387, 0.124994, 0.081768, -0.302814, 0.949535, -0.002831, 0.680106, -0.679475, -0.275258, -1.2e-05, 0.0, 0.0, 0.0, 1.0],
                [0.728817, 0.667893, 0.150812, 0.124994, 0.081967, -0.303776, 0.949212, -0.002831, 0.679785, -0.679438, -0.276143, -1.2e-05, 0.0, 0.0, 0.0, 1.0],
                [0.729633, 0.666719, 0.152053, 0.124994, 0.082549, -0.306597, 0.948254, -0.002831, 0.678838, -0.679323, -0.278741, -1.2e-05, 0.0, 0.0, 0.0, 1.0],
                [0.730959, 0.664802, 0.154063, 0.124994, 0.083489, -0.311182, 0.946676, -0.002831, 0.677295, -0.679117, -0.282966, -1.2e-05, 0.0, 0.0, 0.0, 1.0],
                [0.732768, 0.662168, 0.156789, 0.124994, 0.084765, -0.317437, 0.944484, -0.002831, 0.675178, -0.678796, -0.288737, -1.2e-05, 0.0, 0.0, 0.0, 1.0],
                [0.735034, 0.658838, 0.160175, 0.124994, 0.086347, -0.32527, 0.941672, -0.002831, 0.672509, -0.678329, -0.295973, -1.2e-05, 0.0, 0.0, 0.0, 1.0],
                [0.737731, 0.654831, 0.164164, 0.124994, 0.088209, -0.334586, 0.938228, -0.002831, 0.669308, -0.677678, -0.304597, -1.2e-05, 0.0, 0.0, 0.0, 1.0],
                [0.74083, 0.650163, 0.168694, 0.124994, 0.090322, -0.345292, 0.934139, -0.002831, 0.665592, -0.6768, -0.314527, -1.2e-05, 0.0, 0.0, 0.0, 1.0],
                [0.744307, 0.644851, 0.173704, 0.124994, 0.092656, -0.357293, 0.929386, -0.002831, 0.661379, -0.675652, -0.325686, -1.2e-05, 0.0, 0.0, 0.0, 1.0],
                [0.748134, 0.638911, 0.179129, 0.124994, 0.095183, -0.370495, 0.923945, -0.002831, 0.656686, -0.674183, -0.337993, -1.2e-05, 0.0, 0.0, 0.0, 1.0],
                [0.752284, 0.632359, 0.184904, 0.124994, 0.097871, -0.384797, 0.917798, -0.002831, 0.651528, -0.672347, -0.351367, -1.2e-05, 0.0, 0.0, 0.0, 1.0],
                [0.75673, 0.625212, 0.190965, 0.124994, 0.100693, -0.400104, 0.910921, -0.002831, 0.645925, -0.670092, -0.365726, -1.2e-05, 0.0, 0.0, 0.0, 1.0],
                [0.761445, 0.61749, 0.197246, 0.124994, 0.103619, -0.416315, 0.903297, -0.002831, 0.639894, -0.667371, -0.380985, -1.2e-05, 0.0, 0.0, 0.0, 1.0],
                [0.7664, 0.609217, 0.20368, 0.124994, 0.10662, -0.433322, 0.89491, -0.002831, 0.633454, -0.664141, -0.397053, -1.2e-05, 0.0, 0.0, 0.0, 1.0],
                [0.771565, 0.600417, 0.210204, 0.124994, 0.109669, -0.451025, 0.885747, -0.002831, 0.626626, -0.660358, -0.413843, -1.2e-05, 0.0, 0.0, 0.0, 1.0],
                [0.776913, 0.59112, 0.216754, 0.124994, 0.112739, -0.469315, 0.875805, -0.002831, 0.619432, -0.655986, -0.43126, -1.2e-05, 0.0, 0.0, 0.0, 1.0],
                [0.782413, 0.581359, 0.223271, 0.124994, 0.115805, -0.488086, 0.865079, -0.002831, 0.611898, -0.650991, -0.44921, -1.2e-05, 0.0, 0.0, 0.0, 1.0],
                [0.788036, 0.571173, 0.229697, 0.124994, 0.118843, -0.50723, 0.853577, -0.002831, 0.60405, -0.64535, -0.467596, -1.2e-05, 0.0, 0.0, 0.0, 1.0],
                [0.79375, 0.560602, 0.235978, 0.124994, 0.12183, -0.526637, 0.841316, -0.002831, 0.595919, -0.639043, -0.486316, -1.2e-05, 0.0, 0.0, 0.0, 1.0],
                [0.799525, 0.549694, 0.242064, 0.124994, 0.124744, -0.546197, 0.828316, -0.002831, 0.587535, -0.632062, -0.505271, -1.2e-05, 0.0, 0.0, 0.0, 1.0],
                [0.805331, 0.538499, 0.24791, 0.124994, 0.127569, -0.565803, 0.814611, -0.002831, 0.578936, -0.624405, -0.524356, -1.2e-05, 0.0, 0.0, 0.0, 1.0],
                [0.811135, 0.527074, 0.253478, 0.124994, 0.130285, -0.585348, 0.800245, -0.002831, 0.570162, -0.616082, -0.543467, -1.2e-05, 0.0, 0.0, 0.0, 1.0],
                [0.816908, 0.515478, 0.258734, 0.124994, 0.132877, -0.604726, 0.785271, -0.002831, 0.561253, -0.607112, -0.562502, -1.2e-05, 0.0, 0.0, 0.0, 1.0],
                [0.822616, 0.503777, 0.263649, 0.124994, 0.135335, -0.623832, 0.769752, -0.002831, 0.552257, -0.597528, -0.581353, -1.2e-05, 0.0, 0.0, 0.0, 1.0],
                [0.828229, 0.492036, 0.268207, 0.124994, 0.137644, -0.642566, 0.753766, -0.002831, 0.543221, -0.587372, -0.59992, -1.2e-05, 0.0, 0.0, 0.0, 1.0],
                [0.833718, 0.480329, 0.272394, 0.124994, 0.139801, -0.660831, 0.737399, -0.002831, 0.534201, -0.576701, -0.618098, -1.2e-05, 0.0, 0.0, 0.0, 1.0],
                [0.839049, 0.468729, 0.276203, 0.124994, 0.141795, -0.678531, 0.720756, -0.002831, 0.525252, -0.565585, -0.635785, -1.2e-05, 0.0, 0.0, 0.0, 1.0],
                [0.844195, 0.457315, 0.279635, 0.124994, 0.143624, -0.695573, 0.703953, -0.002831, 0.516435, -0.55411, -0.652883, -1.2e-05, 0.0, 0.0, 0.0, 1.0],
                [0.849126, 0.446168, 0.282697, 0.124994, 0.145288, -0.711869, 0.687118, -0.002831, 0.507815, -0.542377, -0.669291, -1.2e-05, 0.0, 0.0, 0.0, 1.0],
                [0.853812, 0.435371, 0.285402, 0.124994, 0.146786, -0.727334, 0.6704, -0.002831, 0.499457, -0.530502, -0.684915, -1.2e-05, 0.0, 0.0, 0.0, 1.0],
                [0.858226, 0.425011, 0.287769, 0.124994, 0.148122, -0.741886, 0.65396, -0.002831, 0.491432, -0.518621, -0.699661, -1.2e-05, 0.0, 0.0, 0.0, 1.0],
                [0.862342, 0.415178, 0.289815, 0.124994, 0.149299, -0.755439, 0.637982, -0.002831, 0.483814, -0.506889, -0.713433, -1.2e-05, 0.0, 0.0, 0.0, 1.0],
                [0.866131, 0.405961, 0.291569, 0.124994, 0.150323, -0.76792, 0.622656, -0.002831, 0.476676, -0.495471, -0.726145, -1.2e-05, 0.0, 0.0, 0.0, 1.0],
                [0.869568, 0.397457, 0.293052, 0.124994, 0.151202, -0.779244, 0.608207, -0.002831, 0.470096, -0.484566, -0.737703, -1.2e-05, 0.0, 0.0, 0.0, 1.0],
                [0.872626, 0.38976, 0.294292, 0.124994, 0.151943, -0.789336, 0.594862, -0.002831, 0.46415, -0.474376, -0.748019, -1.2e-05, 0.0, 0.0, 0.0, 1.0],
                [0.875284, 0.382972, 0.295311, 0.124994, 0.152555, -0.798114, 0.582871, -0.002831, 0.458916, -0.465126, -0.757003, -1.2e-05, 0.0, 0.0, 0.0, 1.0],
                [0.877514, 0.377197, 0.296125, 0.124994, 0.153045, -0.805493, 0.5725, -0.00283, 0.454472, -0.457055, -0.764562, -1.2e-05, 0.0, 0.0, 0.0, 1.0],
                [0.879294, 0.372536, 0.296749, 0.124994, 0.15342, -0.811387, 0.564014, -0.002831, 0.450893, -0.450406, -0.770604, -1.2e-05, 0.0, 0.0, 0.0, 1.0],
                [0.880596, 0.369089, 0.297193, 0.124994, 0.153686, -0.815711, 0.557669, -0.002831, 0.448254, -0.445406, -0.775037, -1.2e-05, 0.0, 0.0, 0.0, 1.0],
                [0.881397, 0.366955, 0.297461, 0.124994, 0.153846, -0.818372, 0.553712, -0.002831, 0.446622, -0.442276, -0.777767, -1.2e-05, 0.0, 0.0, 0.0, 1.0],
                [0.881669, 0.366226, 0.297551, 0.124994, 0.1539, -0.819279, 0.552354, -0.002831, 0.446064, -0.4412, -0.778696, -1.2e-05, 0.0, 0.0, 0.0, 1.0]
            ]
        },
        {
            "name": "Leg_R",
            "time": [0.0, 0.0167, 0.0333, 0.05, 0.0667, 0.0833, 0.1, 0.1167, 0.1333, 0.15, 0.1667, 0.1833, 0.2, 0.2167, 0.2333, 0.25, 0.2667, 0.2833, 0.3, 0.3167, 0.3333, 0.35, 0.3667, 0.3833, 0.4, 0.4167, 0.4333, 0.45, 0.4667, 0.4833, 0.5, 0.5167, 0.5333, 0.55, 0.5667, 0.5833, 0.6, 0.6167, 0.6333, 0.65, 0.6667, 0.6833, 0.7, 0.7167, 0.7333, 0.75, 0.7667, 0.7833, 0.8, 0.8167, 0.8333, 0.85, 0.8667, 0.8833, 0.9, 0.9167, 0.9333, 0.95, 0.9667, 0.9833, 1.0, 1.0167, 1.0333, 1.05, 1.0667, 1.0833, 1.1, 1.1167, 1.1333, 1.15, 1.1667, 1.1833, 1.2, 1.2167, 1.2333, 1.25],
            "transform": [
                [1.0, -0.0, 1e-06, 0.0, -0.0, 0.885875, 0.463928, 0.374726, -1e-06, -0.46393, 0.885869, -0.0, 0.0, 0.0, 0.0, 1.0],
                [1.0, -0.0, 1e-06, 0.0, -0.0, 0.884569, 0.466415, 0.374726, -1e-06, -0.466417, 0.884561, 0.0, 0.0, 0.0, 0.0, 1.0],
                [1.0, -0.0, 1e-06, -0.0, -0.0, 0.880511, 0.474031, 0.374726, -1e-06, -0.474034, 0.880504, -0.0, 0.0, 0.0, 0.0, 1.0],
                [1.0, -0.0, 1e-06, -0.0, -0.0, 0.873494, 0.486839, 0.374726, -1e-06, -0.486842, 0.873487, 0.0, 0.0, 0.0, 0.0, 1.0],
                [1.0, -0.0, 1e-06, -0.0, -0.0, 0.863329, 0.504646, 0.374726, -1e-06, -0.504649, 0.863322, -0.0, 0.0, 0.0, 0.0, 1.0],
                [1.0, -0.0, 1e-06, 0.0, -0.0, 0.849846, 0.527036, 0.374726, -1e-06, -0.527039, 0.849838, 0.0, 0.0, 0.0, 0.0, 1.0],
                [1.0, -0.0, 1e-06, -0.0, -0.0, 0.832895, 0.553435, 0.374726, -1e-06, -0.553437, 0.832889, -0.0, 0.0, 0.0, 0.0, 1.0],
                [1.000001, -0.0, 1e-06, -0.0, -0.0, 0.812371, 0.583144, 0.374726, -1e-06, -0.583147, 0.812364, -0.0, 0.0, 0.0, 0.0, 1.0],
                [1.0, -0.0, 1e-06, 0.0, -0.0, 0.788193, 0.615431, 0.374726, -1e-06, -0.615434, 0.788186, -0.0, 0.0, 0.0, 0.0, 1.0],
                [1.0, -0.0, 1e-06, -0.0, -0.0, 0.760299, 0.649575, 0.374726, -1e-06, -0.649577, 0.760293, -0.0, 0.0, 0.0, 0.0, 1.0],
                [1.0, -0.0, 1e-06, 0.0, -0.0, 0.72866, 0.684877, 0.374726, -1e-06, -0.68488, 0.728655, -0.0, 0.0, 0.0, 0.0, 1.0],
                [1.0, -0.0, 1e-06, -0.0, -0.0, 0.693283, 0.720666, 0.374726, -1e-06, -0.720669, 0.693278, -0.0, 0.0, 0.0, 0.0, 1.0],
                [1.0, -1e-06, 1e-06, 0.0, -0.0, 0.654193, 0.756328, 0.374726, -1e-06, -0.75633, 0.654188, 0.0, 0.0, 0.0, 0.0, 1.0],
                [1.0, -1e-06, 1e-06, 0.0, -0.0, 0.598011, 0.801487, 0.374726, -1e-06, -0.801491, 0.598006, -0.0, 0.0, 0.0, 0.0, 1.0],
                [1.0, -1e-06, 1e-06, 0.0, -0.0, 0.520569, 0.853819, 0.374726, -1e-06, -0.853822, 0.520565, 0.0, 0.0, 0.0, 0.0, 1.0],
                [1.0, -1e-06, 1e-06, -0.0, -0.0, 0.43549, 0.900193, 0.374726, -1e-06, -0.900195, 0.435486, -0.0, 0.0, 0.0, 0.0, 1.0],
                [1.0, -1e-06, 0.0, -0.0, -0.0, 0.355024, 0.934856, 0.374726, -1e-06, -0.934859, 0.355021, -0.0, 0.0, 0.0, 0.0, 1.0],
                [1.0, -1e-06, 0.0, -0.0, -0.0, 0.289249, 0.957253, 0.374726, -1e-06, -0.957255, 0.289247, -0.0, 0.0, 0.0, 0.0, 1.0],
                [1.0, -1e-06, 0.0, 0.0, -0.0, 0.245839, 0.96931, 0.374726, -1e-06, -0.969311, 0.245837, 0.0, 0.0, 0.0, 0.0, 1.0],
                [1.0, -1e-06, 0.0, -0.0, -0.0, 0.230406, 0.973093, 0.374726, -1e-06, -0.973095, 0.230405, 0.0, 0.0, 0.0, 0.0, 1.0],
                [1.0, -1e-06, 0.0, -0.0, -0.0, 0.232451, 0.972607, 0.374726, -1e-06, -0.972608, 0.23245, -0.0, 0.0, 0.0, 0.0, 1.0],
                [1.0, -1e-06, 0.0, 0.0, -0.0, 0.238558, 0.971127, 0.374726, -1e-06, -0.971129, 0.238556, 0.0, 0.0, 0.0, 0.0, 1.0],
                [1.0, -1e-06, 0.0, 0.0, -0.0, 0.01056, 0.999944, 0.374726, -1e-06, -0.999945, 0.01056, 0.0, 0.0, 0.0, 0.0, 1.0],
                [1.0, -1e-06, 0.0, -0.0, -0.0, 0.128925, 0.991653, 0.374726, -1e-06, -0.991655, 0.128924, 0.0, 0.0, 0.0, 0.0, 1.0],
                [1.0, -1e-06, 1e-06, -0.0, -0.0, 0.635455, 0.772138, 0.374726, -1e-06, -0.772141, 0.635449, 0.0, 0.0, 0.0, 0.0, 1.0],
                [1.0, 0.0, 1e-06, -0.0, -0.0, 0.999994, 0.004682, 0.374726, -1e-06, -0.004682, 0.999984, 0.0, 0.0, 0.0, 0.0, 1.0],
                [1.0, 0.0, 1e-06, -0.0, 0.0, 0.999994, 0.00471, 0.374726, -1e-06, -0.00471, 0.999983, -0.0, 0.0, 0.0, 0.0, 1.0],
                [1.0, -0.0, 1e-06, -0.0, -0.0, 0.949101, 0.314985, 0.374726, -1e-06, -0.314987, 0.949091, 0.0, 0.0, 0.0, 0.0, 1.0],
                [1.0, -1e-06, 1e-06, 0.0, -0.0, 0.674734, 0.738061, 0.374726, -1e-06, -0.738064, 0.674729, 0.0, 0.0, 0.0, 0.0, 1.0],
                [1.0, -1e-06, 1e-06, -0.0, -0.0, 0.550084, 0.83511, 0.374726, -1e-06, -0.835113, 0.550079, 0.0, 0.0, 0.0, 0.0, 1.0],
                [1.0, -1e-06, 1e-06, -0.0, -0.0, 0.550084, 0.835109, 0.374726, -1e-06, -0.835112, 0.550079, -0.0, 0.0, 0.0, 0.0, 1.0],
                [1.0, -1e-06, 1e-06, 0.0, -0.0, 0.550084, 0.835109, 0.374726, -1e-06, -0.835112, 0.550079, -0.0, 0.0, 0.0, 0.0, 1.0],
                [1.0, -1e-06, 1e-06, 0.0, -0.0, 0.550084, 0.835109, 0.374726, -1e-06, -0.835112, 0.55008, 0.0, 0.0, 0.0, 0.0, 1.0],
                [1.0, -1e-06, 1e-06, 0.0, -0.0, 0.550084, 0.835109, 0.374726, -1e-06, -0.835112, 0.550079, 0.0, 0.0, 0.0, 0.0, 1.0],
                [1.0, -1e-06, 1e-06, 0.0, -0.0, 0.550084, 0.835109, 0.374726, -1e-06, -0.835112, 0.55008, 0.0, 0.0, 0.0, 0.0, 1.0],
                [1.0, -1e-06, 1e-06, 0.0, -0.0, 0.550084, 0.835109, 0.374726, -1e-06, -0.835112, 0.550079, 0.0, 0.0, 0.0, 0.0, 1.0],
                [1.0, -1e-06, 1e-06, 0.0, -0.0, 0.550463, 0.834859, 0.374726, -1e-06, -0.834862, 0.550458, 0.0, 0.0, 0.0, 0.0, 1.0],
                [1.0, -1e-06, 1e-06, -0.0, -0.0, 0.551584, 0.834119, 0.374726, -1e-06, -0.834122, 0.55158, -0.0, 0.0, 0.0, 0.0, 1.0],
                [1.0, -1e-06, 1e-06, -0.0, -0.0, 0.553421, 0.832902, 0.374726, -1e-06, -0.832905, 0.553417, -0.0, 0.0, 0.0, 0.0, 1.0],
                [1.0, -1e-06, 1e-06, 0.0, -0.0, 0.555957, 0.831211, 0.374726, -1e-06, -0.831214, 0.555952, 0.0, 0.0, 0.0, 0.0, 1.0],
                [1.0, -1e-06, 1e-06, -0.0, -0.0, 0.559182, 0.829045, 0.374726, -1e-06, -0.829048, 0.559178, 0.0, 0.0, 0.0, 0.0, 1.0],
                [1.0, -1e-06, 1e-06, -0.0, -0.0, 0.563092, 0.826394, 0.374726, -1e-06, -0.826397, 0.563088, 0.0, 0.0, 0.0, 0.0, 1.0],
                [1.0, -1e-06, 1e-06, -0.0, -0.0, 0.567682, 0.823248, 0.374726, -1e-06, -0.823251, 0.567677, -0.0, 0.0, 0.0, 0.0, 1.0],
                [1.0, -1e-06, 1e-06, 0.0, -0.0, 0.572949, 0.819591, 0.374726, -1e-06, -0.819594, 0.572944, 0.0, 0.0, 0.0, 0.0, 1.0],
                [1.0, -1e-06, 1e-06, -0.0, -0.0, 0.578894, 0.815403, 0.374726, -1e-06, -0.815406, 0.57889, 0.0, 0.0, 0.0, 0.0, 1.0],
                [1.000001, -1e-06, 1e-06, -0.0, -0.0, 0.585513, 0.810664, 0.374726, -1e-06, -0.810667, 0.585508, 0.0, 0.0, 0.0, 0.0, 1.0],
                [1.0, -1e-06, 1e-06, 0.0, -0.0, 0.592804, 0.805348, 0.374726, -1e-06, -0.80535, 0.592799, 0.0, 0.0, 0.0, 0.0, 1.0],
                [1.000001, -1e-06, 1e-06, -0.0, -0.0, 0.600761, 0.799429, 0.374726, -1e-06, -0.799433, 0.600756, -0.0, 0.0, 0.0, 0.0, 1.0],
                [1.0, -1e-06, 1e-06, -0.0, -0.0, 0.609368, 0.792888, 0.374726, -1e-06, -0.79289, 0.609363, -0.0, 0.0, 0.0, 0.0, 1.0],
                [1.0, -1e-06, 1e-06, 0.0, -0.0, 0.618616, 0.785694, 0.374726, -1e-06, -0.785697, 0.618611, 0.0, 0.0, 0.0, 0.0, 1.0],
                [1.0, -1e-06, 1e-06, -0.0, -0.0, 0.628478, 0.777827, 0.374726, -1e-06, -0.77783, 0.628473, 0.0, 0.0, 0.0, 0.0, 1.0],
                [1.0, -1e-06, 1e-06, -0.0, -0.0, 0.638935, 0.769261, 0.374726, -1e-06, -0.769265, 0.638929, 0.0, 0.0, 0.0, 0.0, 1.0],
                [1.0, -1e-06, 1e-06, -0.0, -0.0, 0.64995, 0.759978, 0.374726, -1e-06, -0.759981, 0.649945, 0.0, 0.0, 0.0, 0.0, 1.0],
                [1.0, -1e-06, 1e-06, 0.0, -0.0, 0.661485, 0.74996, 0.374726, -1e-06, -0.749962, 0.661479, 0.0, 0.0, 0.0, 0.0, 1.0],
                [1.0, -0.0, 1e-06, 0.0, -0.0, 0.673492, 0.739195, 0.374726, -1e-06, -0.739198, 0.673488, -0.0, 0.0, 0.0, 0.0, 1.0],
                [1.0, -1e-06, 1e-06, 0.0, -0.0, 0.685922, 0.727677, 0.374726, -1e-06, -0.727679, 0.685917, 0.0, 0.0, 0.0, 0.0, 1.0],
                [1.0, -1e-06, 1e-06, 0.0, -0.0, 0.698711, 0.715405, 0.374726, -1e-06, -0.715408, 0.698706, -0.0, 0.0, 0.0, 0.0, 1.0],
                [1.0, -1e-06, 1e-06, 0.0, -0.0, 0.711793, 0.702391, 0.374726, -1e-06, -0.702394, 0.711786, 0.0, 0.0, 0.0, 0.0, 1.0],
                [1.0, -1e-06, 1e-06, -0.0, -0.0, 0.72509, 0.688656, 0.374726, -1e-06, -0.688659, 0.725085, 0.0, 0.0, 0.0, 0.0, 1.0],
                [1.000001, -0.0, 1e-06, 0.0, -0.0, 0.738525, 0.674228, 0.374726, -1e-06, -0.674231, 0.738517, 0.0, 0.0, 0.0, 0.0, 1.0],
                [1.0, -0.0, 1e-06, -0.0, -0.0, 0.752008, 0.659156, 0.374726, -1e-06, -0.659158, 0.752002, 0.0, 0.0, 0.0, 0.0, 1.0],
                [1.0, -0.0, 1e-06, 0.0, -0.0, 0.765444, 0.643505, 0.374726, -1e-06, -0.643508, 0.765438, 0.0, 0.0, 0.0, 0.0, 1.0],
                [1.0, -0.0, 1e-06, 0.0, -0.0, 0.778734, 0.627357, 0.374726, -1e-06, -0.62736, 0.778727, 0.0, 0.0, 0.0, 0.0, 1.0],
                [1.0, -0.0, 1e-06, 0.0, -0.0, 0.791768, 0.610824, 0.374726, -1e-06, -0.610827, 0.791762, 0.0, 0.0, 0.0, 0.0, 1.0],
                [1.0, -0.0, 1e-06, -0.0, -0.0, 0.804441, 0.594036, 0.374726, -1e-06, -0.594039, 0.804434, 0.0, 0.0, 0.0, 0.0, 1.0],
                [1.0, -0.0, 1e-06, 0.0, -0.0, 0.816635, 0.577157, 0.374726, -1e-06, -0.57716, 0.816629, -0.0, 0.0, 0.0, 0.0, 1.0],
                [1.0, -0.0, 1e-06, -0.0, -0.0, 0.828229, 0.560394, 0.374726, -1e-06, -0.560396, 0.828223, 0.0, 0.0, 0.0, 0.0, 1.0],
                [1.000001, -0.0, 1e-06, 0.0, -0.0, 0.839112, 0.543963, 0.374726, -1e-06, -0.543966, 0.839105, -0.0, 0.0, 0.0, 0.0, 1.0],
                [1.0, -0.0, 1e-06, 0.0, -0.0, 0.84915, 0.528156, 0.374726, -1e-06, -0.528158, 0.849143, 0.0, 0.0, 0.0, 0.0, 1.0],
                [1.000001, -0.0, 1e-06, -0.0, -0.0, 0.858232, 0.513268, 0.374726, -1e-06, -0.513271, 0.858223, -0.0, 0.0, 0.0, 0.0, 1.0],
                [1.0, -0.0, 1e-06, -0.0, -0.0, 0.86623, 0.49965, 0.374726, -1e-06, -0.499653, 0.866223, -0.0, 0.0, 0.0, 0.0, 1.0],
                [1.000001, -0.0, 1e-06, 0.0, -0.0, 0.873023, 0.487685, 0.374726, -1e-06, -0.487687, 0.873015, -0.0, 0.0, 0.0, 0.0, 1.0],
                [1.0, -0.0, 1e-06, 0.0, -0.0, 0.878492, 0.477764, 0.374726, -1e-06, -0.477766, 0.878484, 0.0, 0.0, 0.0, 0.0, 1.0],
                [1.0, -0.0, 1e-06, 0.0, -0.0, 0.882529, 0.470264, 0.374726, -1e-06, -0.470267, 0.882521, 0.0, 0.0, 0.0, 0.0, 1.0],
                [1.0, -0.0, 1e-06, 0.0, -0.0, 0.885023, 0.465553, 0.374726, -1e-06, -0.465556, 0.885014, 0.0, 0.0, 0.0, 0.0, 1.0],
                [1.0, -0.0, 1e-06, -0.0, -0.0, 0.885874, 0.463931, 0.374726, -1e-06, -0.463933, 0.885867, 0.0, 0.0, 0.0, 0.0, 1.0]
            ]
        },
        {
            "name": "Knee_R",
            "time": [0.0, 1.25],
            "transform": [
                [1.0, 0.0, -0.0, -0.0, -0.0, 0.00567, -0.999984, 0.374726, -0.0, 0.999984, 0.00567, -0.0, 0.0, 0.0, 0.0, 1.0],
                [1.0, 0.0, -0.0, -0.0, -0.0, 0.00567, -0.999984, 0.374726, -0.0, 0.999984, 0.00567, -0.0, 0.0, 0.0, 0.0, 1.0]
            ]
        },
        {
            "name": "Thigh_L",
            "time": [0.0, 0.0167, 0.0333, 0.05, 0.0667, 0.0833, 0.1, 0.1167, 0.1333, 0.15, 0.1667, 0.1833, 0.2, 0.2167, 0.2333, 0.25, 0.2667, 0.2833, 0.3, 0.3167, 0.3333, 0.35, 0.3667, 0.3833, 0.4, 0.4167, 0.4333, 0.45, 0.4667, 0.4833, 0.5, 0.5167, 0.5333, 0.55, 0.5667, 0.5833, 0.6, 0.6167, 0.6333, 0.65, 0.6667, 0.6833, 0.7, 0.7167, 0.7333, 0.75, 0.7667, 0.7833, 0.8, 0.8167, 0.8333, 0.85, 0.8667, 0.8833, 0.9, 0.9167, 0.9333, 0.95, 0.9667, 0.9833, 1.0, 1.0167, 1.0333, 1.05, 1.0667, 1.0833, 1.1, 1.1167, 1.1333, 1.15, 1.1667, 1.1833, 1.2, 1.2167, 1.2333, 1.25],
            "transform": [
                [0.961191, -0.231895, -0.149455, -0.125006, -0.191686, -0.950966, 0.242736, -0.002831, -0.198416, -0.204668, -0.95851, -1.2e-05, 0.0, 0.0, 0.0, 1.0],
                [0.962023, -0.229922, -0.147132, -0.125006, -0.189822, -0.950834, 0.244708, -0.002831, -0.196162, -0.207486, -0.958369, -1.2e-05, 0.0, 0.0, 0.0, 1.0],
                [0.964246, -0.22456, -0.140722, -0.125006, -0.1848, -0.950368, 0.250297, -0.002831, -0.189945, -0.215342, -0.957887, -1.2e-05, 0.0, 0.0, 0.0, 1.0],
                [0.967415, -0.21662, -0.131083, -0.125006, -0.177494, -0.949423, 0.259021, -0.002831, -0.180562, -0.227314, -0.956935, -1.2e-05, 0.0, 0.0, 0.0, 1.0],
                [0.971087, -0.206897, -0.11909, -0.125006, -0.168785, -0.947841, 0.270386, -0.002831, -0.16882, -0.242468, -0.955358, -1.2e-05, 0.0, 0.0, 0.0, 1.0],
                [0.974857, -0.196209, -0.105617, -0.125006, -0.159534, -0.945477, 0.283936, -0.002831, -0.155569, -0.259948, -0.953008, -1.2e-05, 0.0, 0.0, 0.0, 1.0],
                [0.97839, -0.185408, -0.091525, -0.125006, -0.150562, -0.942223, 0.299241, -0.002831, -0.141719, -0.278994, -0.949777, -1.2e-05, 0.0, 0.0, 0.0, 1.0],
                [0.981433, -0.175384, -0.077651, -0.125006, -0.142634, -0.938019, 0.315871, -0.002831, -0.128238, -0.29893, -0.945619, -1.2e-05, 0.0, 0.0, 0.0, 1.0],
                [0.983812, -0.16707, -0.064802, -0.125006, -0.136462, -0.93287, 0.333361, -0.002831, -0.116146, -0.319122, -0.94057, -1.2e-05, 0.0, 0.0, 0.0, 1.0],
                [0.985417, -0.161447, -0.053735, -0.125006, -0.132706, -0.926865, 0.351154, -0.002831, -0.106498, -0.338902, -0.934774, -1.2e-05, 0.0, 0.0, 0.0, 1.0],
                [0.986156, -0.159551, -0.045157, -0.125006, -0.132005, -0.920199, 0.368521, -0.002831, -0.100351, -0.357458, -0.928522, -1.2e-05, 0.0, 0.0, 0.0, 1.0],
                [0.985911, -0.162489, -0.039714, -0.125006, -0.135014, -0.913186, 0.384527, -0.002831, -0.098748, -0.373748, -0.922258, -1.2e-05, 0.0, 0.0, 0.0, 1.0],
                [0.984461, -0.171438, -0.038007, -0.125006, -0.142449, -0.906239, 0.398043, -0.002831, -0.102683, -0.386443, -0.916579, -1.2e-05, 0.0, 0.0, 0.0, 1.0],
                [0.980975, -0.190024, -0.039723, -0.125006, -0.157577, -0.898925, 0.40878, -0.00283, -0.113386, -0.394744, -0.911767, -1.2e-05, 0.0, 0.0, 0.0, 1.0],
