{
    "animation": [
        {
            "name": "Root",
            "time": [0.0, 0.0167, 0.0333, 0.05, 0.0667, 0.0833, 0.1, 0.1167, 0.1333, 0.15, 0.1667, 0.1833, 0.2, 0.2167, 0.2333, 0.25, 0.2667, 0.2833, 0.3, 0.3167, 0.3333, 0.35, 0.3667, 0.3833, 0.4, 0.4167, 0.4333, 0.45, 0.4667, 0.4833, 0.5, 0.5167, 0.5333, 0.55, 0.5667, 0.5833, 0.6, 0.6167, 0.6333, 0.65, 0.6667, 0.6833, 0.7, 0.7167, 0.7333, 0.75, 0.7667, 0.7833, 0.8, 0.8167, 0.8333, 0.85, 0.8667, 0.8833, 0.9, 0.9167, 0.9333, 0.95, 0.9667, 0.9833, 1.0, 1.0167, 1.0333, 1.05, 1.0667, 1.0833, 1.1, 1.1167, 1.1333, 1.15, 1.1667, 1.1833, 1.2, 1.2167, 1.2333, 1.25, 1.2667, 1.2833, 1.3, 1.3167, 1.3333, 1.35, 1.3667, 1.3833, 1.4, 1.4167, 1.4333, 1.45, 1.4667, 1.4833, 1.5, 1.5167, 1.5333, 1.55, 1.5667, 1.5833, 1.6, 1.6167, 1.6333, 1.65, 1.6667],
            "transform": [
                [0.434724, -0.116169, 0.89304, 0.031932, 0.85527, 0.363787, -0.369015, -0.066583, -0.282008, 0.92421, 0.257503, 0.615888, 0.0, 0.0, 0.0, 1.0],
                [0.444771, -0.114416, 0.888306, 0.030133, 0.850487, 0.364907, -0.378834, -0.063906, -0.280805, 0.923987, 0.259609, 0.614578, 0.0, 0.0, 0.0, 1.0],
                [0.472348, -0.109533, 0.87458, 0.025158, 0.836627, 0.367983, -0.405763, -0.056244, -0.277386, 0.923359, 0.265454, 0.610956, 0.0, 0.0, 0.0, 1.0],
                [0.513358, -0.102023, 0.852089, 0.017643, 0.813953, 0.372506, -0.445781, -0.044145, -0.271928, 0.922405, 0.27427, 0.605485, 0.0, 0.0, 0.0, 1.0],
                [0.563441, -0.092381, 0.820975, 0.008223, 0.782644, 0.377931, -0.494607, -0.028163, -0.26458, 0.921213, 0.285244, 0.598627, 0.0, 0.0, 0.0, 1.0],
                [0.618135, -0.081174, 0.78187, -0.002467, 0.743365, 0.383752, -0.547853, -0.008846, -0.255573, 0.919861, 0.297552, 0.590844, 0.0, 0.0, 0.0, 1.0],
                [0.673143, -0.069068, 0.73628, -0.013792, 0.697641, 0.389573, -0.601273, 0.013255, -0.245306, 0.918402, 0.310423, 0.582599, 0.0, 0.0, 0.0, 1.0],
                [0.724684, -0.056829, 0.686734, -0.025117, 0.647998, 0.395171, -0.651105, 0.037587, -0.234376, 0.916848, 0.323199, 0.574354, 0.0, 0.0, 0.0, 1.0],
                [0.769792, -0.045291, 0.636686, -0.035807, 0.597863, 0.40053, -0.69436, 0.063602, -0.223564, 0.915164, 0.335402, 0.566572, 0.0, 0.0, 0.0, 1.0],
                [0.806463, -0.035311, 0.590229, -0.045227, 0.551281, 0.405828, -0.728967, 0.090749, -0.213791, 0.913267, 0.346752, 0.559714, 0.0, 0.0, 0.0, 1.0],
                [0.83356, -0.02775, 0.551732, -0.052742, 0.512558, 0.411396, -0.753683, 0.118475, -0.206065, 0.911034, 0.357147, 0.554242, 0.0, 0.0, 0.0, 1.0],
                [0.850465, -0.023478, 0.525508, -0.057716, 0.485934, 0.417628, -0.76776, 0.146232, -0.201441, 0.908315, 0.366587, 0.550621, 0.0, 0.0, 0.0, 1.0],
                [0.856528, -0.023421, 0.515568, -0.059516, 0.475347, 0.424876, -0.770406, 0.173468, -0.201009, 0.904948, 0.375051, 0.549311, 0.0, 0.0, 0.0, 1.0],
                [0.854152, -0.019413, 0.519661, -0.058385, 0.475179, 0.435101, -0.764783, 0.199835, -0.211259, 0.900172, 0.380867, 0.550153, 0.0, 0.0, 0.0, 1.0],
                [0.846786, -0.008275, 0.531869, -0.055205, 0.47878, 0.447539, -0.7553, 0.225798, -0.231782, 0.894226, 0.382932, 0.552524, 0.0, 0.0, 0.0, 1.0],
                [0.835017, 0.001584, 0.550222, -0.05029, 0.488402, 0.4584, -0.742518, 0.252024, -0.253398, 0.888744, 0.381998, 0.556189, 0.0, 0.0, 0.0, 1.0],
                [0.819787, 0.001942, 0.572665, -0.043955, 0.506623, 0.463756, -0.726817, 0.279179, -0.266988, 0.885961, 0.379198, 0.560911, 0.0, 0.0, 0.0, 1.0],
                [0.800866, -0.005599, 0.598817, -0.036516, 0.532611, 0.463771, -0.707985, 0.307696, -0.27375, 0.885938, 0.3744, 0.566456, 0.0, 0.0, 0.0, 1.0],
                [0.777699, -0.013796, 0.628485, -0.028289, 0.562498, 0.461651, -0.685911, 0.337058, -0.280678, 0.886954, 0.366786, 0.572589, 0.0, 0.0, 0.0, 1.0],
                [0.75101, -0.022215, 0.659917, -0.019588, 0.594479, 0.457712, -0.661131, 0.366517, -0.287365, 0.888823, 0.356953, 0.579075, 0.0, 0.0, 0.0, 1.0],
                [0.721763, -0.030445, 0.691471, -0.01073, 0.62685, 0.452328, -0.634396, 0.395321, -0.293457, 0.891332, 0.345558, 0.585678, 0.0, 0.0, 0.0, 1.0],
                [0.691174, -0.038124, 0.721682, -0.00203, 0.658072, 0.445939, -0.606695, 0.422719, -0.298697, 0.894251, 0.33331, 0.592164, 0.0, 0.0, 0.0, 1.0],
                [0.660684, -0.044961, 0.749316, 0.006197, 0.686823, 0.43904, -0.579239, 0.447962, -0.302937, 0.897342, 0.320947, 0.598297, 0.0, 0.0, 0.0, 1.0],
                [0.631907, -0.050746, 0.773382, 0.013636, 0.712018, 0.432166, -0.553411, 0.470298, -0.306146, 0.900365, 0.30922, 0.603842, 0.0, 0.0, 0.0, 1.0],
                [0.606553, -0.055345, 0.793115, 0.019971, 0.732794, 0.425873, -0.530703, 0.488977, -0.308394, 0.903089, 0.298871, 0.608565, 0.0, 0.0, 0.0, 1.0],
                [0.586368, -0.058682, 0.807917, 0.024886, 0.748453, 0.420721, -0.512652, 0.503249, -0.309824, 0.90529, 0.290618, 0.612229, 0.0, 0.0, 0.0, 1.0],
                [0.573067, -0.060711, 0.817256, 0.028067, 0.758366, 0.417258, -0.500776, 0.512362, -0.310604, 0.906758, 0.285158, 0.6146, 0.0, 0.0, 0.0, 1.0],
                [0.568286, -0.061374, 0.820539, 0.029197, 0.761844, 0.416009, -0.496519, 0.515567, -0.310878, 0.907287, 0.28317, 0.615442, 0.0, 0.0, 0.0, 1.0],
                [0.579408, -0.055596, 0.813139, 0.029197, 0.751774, 0.42184, -0.50684, 0.515567, -0.314836, 0.904964, 0.286213, 0.615442, 0.0, 0.0, 0.0, 1.0],
                [0.605362, -0.041545, 0.794865, 0.029197, 0.727038, 0.435323, -0.530952, 0.515567, -0.323965, 0.899315, 0.293733, 0.615442, 0.0, 0.0, 0.0, 1.0],
                [0.635215, -0.02418, 0.771957, 0.029197, 0.696197, 0.450666, -0.558758, 0.515567, -0.334384, 0.892365, 0.303103, 0.615442, 0.0, 0.0, 0.0, 1.0],
                [0.659223, -0.009159, 0.751891, 0.029197, 0.669313, 0.462866, -0.581184, 0.515567, -0.342701, 0.886381, 0.311262, 0.615442, 0.0, 0.0, 0.0, 1.0],
                [0.669007, -0.002741, 0.743251, 0.029197, 0.657771, 0.467798, -0.590341, 0.515567, -0.346074, 0.883831, 0.314763, 0.615442, 0.0, 0.0, 0.0, 1.0],
                [0.662057, -0.007326, 0.749417, 0.029197, 0.66601, 0.464294, -0.583834, 0.515567, -0.343673, 0.885651, 0.312268, 0.615442, 0.0, 0.0, 0.0, 1.0],
                [0.644306, -0.018631, 0.764541, 0.029197, 0.686258, 0.455291, -0.567239, 0.515567, -0.33752, 0.890148, 0.306133, 0.615442, 0.0, 0.0, 0.0, 1.0],
                [0.620451, -0.032974, 0.783551, 0.029197, 0.711802, 0.443084, -0.54499, 0.515567, -0.329208, 0.895873, 0.298383, 0.615442, 0.0, 0.0, 0.0, 1.0],
                [0.595759, -0.046892, 0.801793, 0.029197, 0.73642, 0.430329, -0.522017, 0.515567, -0.320556, 0.901453, 0.290905, 0.615442, 0.0, 0.0, 0.0, 1.0],
                [0.576225, -0.057292, 0.81528, 0.029197, 0.754698, 0.42016, -0.503881, 0.515567, -0.31368, 0.90564, 0.285345, 0.615442, 0.0, 0.0, 0.0, 1.0],
                [0.568286, -0.061374, 0.820539, 0.029197, 0.761844, 0.416009, -0.496519, 0.515567, -0.310878, 0.907287, 0.28317, 0.615442, 0.0, 0.0, 0.0, 1.0],
                [0.568286, -0.061374, 0.820539, 0.029197, 0.761844, 0.416009, -0.496519, 0.515191, -0.310878, 0.907287, 0.28317, 0.615442, 0.0, 0.0, 0.0, 1.0],
                [0.568286, -0.061374, 0.820539, 0.029197, 0.761844, 0.416009, -0.496519, 0.514199, -0.310878, 0.907287, 0.28317, 0.615442, 0.0, 0.0, 0.0, 1.0],
                [0.568286, -0.061374, 0.820539, 0.029197, 0.761844, 0.416009, -0.496519, 0.512797, -0.310878, 0.907287, 0.28317, 0.615442, 0.0, 0.0, 0.0, 1.0],
                [0.568286, -0.061374, 0.820539, 0.029197, 0.761844, 0.416009, -0.496519, 0.511191, -0.310878, 0.907287, 0.28317, 0.615442, 0.0, 0.0, 0.0, 1.0],
                [0.568286, -0.061374, 0.820539, 0.029197, 0.761844, 0.416009, -0.496519, 0.509584, -0.310878, 0.907287, 0.28317, 0.615442, 0.0, 0.0, 0.0, 1.0],
                [0.568286, -0.061374, 0.820539, 0.029197, 0.761844, 0.416009, -0.496519, 0.508182, -0.310878, 0.907287, 0.28317, 0.615442, 0.0, 0.0, 0.0, 1.0],
                [0.568286, -0.061374, 0.820539, 0.029197, 0.761844, 0.416009, -0.496519, 0.507191, -0.310878, 0.907287, 0.28317, 0.615442, 0.0, 0.0, 0.0, 1.0],
                [0.568286, -0.061374, 0.820539, 0.029197, 0.761844, 0.416009, -0.496519, 0.506814, -0.310878, 0.907287, 0.28317, 0.615442, 0.0, 0.0, 0.0, 1.0],
                [0.568286, -0.061374, 0.820539, 0.029197, 0.761844, 0.416009, -0.496519, 0.506814, -0.310878, 0.907287, 0.28317, 0.615442, 0.0, 0.0, 0.0, 1.0],
                [0.568286, -0.061374, 0.820539, 0.029197, 0.761844, 0.416009, -0.496519, 0.506814, -0.310878, 0.907287, 0.28317, 0.615442, 0.0, 0.0, 0.0, 1.0],
                [0.568286, -0.061374, 0.820539, 0.029197, 0.761844, 0.416009, -0.496519, 0.506814, -0.310878, 0.907287, 0.28317, 0.615442, 0.0, 0.0, 0.0, 1.0],
                [0.568286, -0.061374, 0.820539, 0.029197, 0.761844, 0.416009, -0.496519, 0.506814, -0.310878, 0.907287, 0.28317, 0.615442, 0.0, 0.0, 0.0, 1.0],
                [0.568568, -0.061249, 0.820353, 0.029113, 0.761755, 0.415693, -0.496919, 0.506986, -0.310579, 0.90744, 0.283006, 0.615566, 0.0, 0.0, 0.0, 1.0],
                [0.569398, -0.060881, 0.819805, 0.028864, 0.761494, 0.414762, -0.498096, 0.50749, -0.3097, 0.907891, 0.282525, 0.615931, 0.0, 0.0, 0.0, 1.0],
                [0.570752, -0.060281, 0.818907, 0.028458, 0.761062, 0.41324, -0.500017, 0.508314, -0.308263, 0.908625, 0.281736, 0.616527, 0.0, 0.0, 0.0, 1.0],
                [0.572608, -0.059464, 0.81767, 0.027901, 0.760463, 0.411149, -0.502647, 0.509443, -0.306294, 0.909627, 0.280647, 0.617345, 0.0, 0.0, 0.0, 1.0],
                [0.574942, -0.058443, 0.816104, 0.0272, 0.759695, 0.40851, -0.505948, 0.510863, -0.303818, 0.910881, 0.279268, 0.618373, 0.0, 0.0, 0.0, 1.0],
                [0.577729, -0.057232, 0.814219, 0.026363, 0.758758, 0.405345, -0.509884, 0.512562, -0.300859, 0.91237, 0.277605, 0.619602, 0.0, 0.0, 0.0, 1.0],
                [0.580946, -0.055846, 0.812024, 0.025395, 0.757648, 0.401675, -0.514419, 0.514524, -0.297441, 0.914078, 0.275663, 0.621022, 0.0, 0.0, 0.0, 1.0],
                [0.584568, -0.054302, 0.809525, 0.024305, 0.756363, 0.397519, -0.519514, 0.516736, -0.29359, 0.915986, 0.273449, 0.622622, 0.0, 0.0, 0.0, 1.0],
                [0.588571, -0.052616, 0.806732, 0.023098, 0.754898, 0.392897, -0.525129, 0.519184, -0.289332, 0.918076, 0.270968, 0.624394, 0.0, 0.0, 0.0, 1.0],
                [0.592929, -0.050803, 0.80365, 0.021781, 0.75325, 0.38783, -0.531227, 0.521854, -0.284691, 0.92033, 0.268223, 0.626326, 0.0, 0.0, 0.0, 1.0],
                [0.597618, -0.048881, 0.800289, 0.020362, 0.751414, 0.382337, -0.537768, 0.524732, -0.279694, 0.922729, 0.265222, 0.628409, 0.0, 0.0, 0.0, 1.0],
                [0.602613, -0.046866, 0.796656, 0.018846, 0.749388, 0.37644, -0.544712, 0.527805, -0.274365, 0.925255, 0.261968, 0.630633, 0.0, 0.0, 0.0, 1.0],
                [0.607887, -0.044773, 0.79276, 0.017242, 0.747166, 0.37016, -0.552019, 0.531058, -0.268733, 0.927888, 0.258468, 0.632987, 0.0, 0.0, 0.0, 1.0],
                [0.613416, -0.04262, 0.788609, 0.015556, 0.744746, 0.363518, -0.55965, 0.534477, -0.262821, 0.930612, 0.254728, 0.635462, 0.0, 0.0, 0.0, 1.0],
                [0.619173, -0.040422, 0.784214, 0.013794, 0.742127, 0.356536, -0.567566, 0.53805, -0.256658, 0.933407, 0.250755, 0.638047, 0.0, 0.0, 0.0, 1.0],
                [0.625134, -0.038194, 0.779583, 0.011964, 0.739306, 0.349237, -0.575726, 0.541761, -0.250269, 0.936256, 0.246557, 0.640733, 0.0, 0.0, 0.0, 1.0],
                [0.631271, -0.035953, 0.774729, 0.010073, 0.736285, 0.341645, -0.584091, 0.545597, -0.243682, 0.939141, 0.242142, 0.643509, 0.0, 0.0, 0.0, 1.0],
                [0.63756, -0.033711, 0.769663, 0.008126, 0.733065, 0.333785, -0.592624, 0.549544, -0.236924, 0.942046, 0.23752, 0.646365, 0.0, 0.0, 0.0, 1.0],
                [0.643974, -0.031483, 0.764399, 0.006132, 0.729649, 0.325682, -0.601285, 0.553589, -0.230021, 0.944955, 0.232702, 0.649292, 0.0, 0.0, 0.0, 1.0],
                [0.650489, -0.029282, 0.758951, 0.004097, 0.726041, 0.317362, -0.610037, 0.557716, -0.222999, 0.947852, 0.2277, 0.652279, 0.0, 0.0, 0.0, 1.0],
                [0.657078, -0.02712, 0.753335, 0.002027, 0.722248, 0.308853, -0.618844, 0.561913, -0.215887, 0.950723, 0.222528, 0.655317, 0.0, 0.0, 0.0, 1.0],
                [0.663717, -0.025008, 0.747566, -7e-05, 0.718276, 0.300182, -0.62767, 0.566166, -0.20871, 0.953554, 0.217198, 0.658394, 0.0, 0.0, 0.0, 1.0],
                [0.670381, -0.022956, 0.741662, -0.002188, 0.714136, 0.291379, -0.636481, 0.57046, -0.201494, 0.956332, 0.211728, 0.661502, 0.0, 0.0, 0.0, 1.0],
                [0.677045, -0.020973, 0.735643, -0.004319, 0.709839, 0.282473, -0.645243, 0.574782, -0.194266, 0.959046, 0.206134, 0.66463, 0.0, 0.0, 0.0, 1.0],
                [0.683687, -0.019068, 0.729527, -0.006457, 0.705397, 0.273493, -0.653924, 0.579118, -0.187052, 0.961685, 0.200434, 0.667768, 0.0, 0.0, 0.0, 1.0],
                [0.690282, -0.017248, 0.723335, -0.008595, 0.700825, 0.264472, -0.662494, 0.583454, -0.179876, 0.964239, 0.194648, 0.670906, 0.0, 0.0, 0.0, 1.0],
                [0.696808, -0.015518, 0.71709, -0.010726, 0.696141, 0.255441, -0.670923, 0.587776, -0.172763, 0.9667, 0.188795, 0.674033, 0.0, 0.0, 0.0, 1.0],
                [0.703243, -0.013883, 0.710814, -0.012844, 0.691362, 0.246431, -0.679184, 0.592071, -0.165737, 0.969061, 0.182899, 0.677141, 0.0, 0.0, 0.0, 1.0],
                [0.709566, -0.012347, 0.704531, -0.014941, 0.686507, 0.237474, -0.687251, 0.596323, -0.158823, 0.971315, 0.17698, 0.680219, 0.0, 0.0, 0.0, 1.0],
                [0.715756, -0.010913, 0.698265, -0.017011, 0.681599, 0.228605, -0.695099, 0.60052, -0.152041, 0.973458, 0.171063, 0.683256, 0.0, 0.0, 0.0, 1.0],
                [0.721794, -0.009581, 0.692042, -0.019046, 0.676659, 0.219854, -0.702707, 0.604648, -0.145416, 0.975486, 0.165172, 0.686243, 0.0, 0.0, 0.0, 1.0],
                [0.727661, -0.008352, 0.685886, -0.02104, 0.671713, 0.211256, -0.710051, 0.608692, -0.138967, 0.977395, 0.159333, 0.68917, 0.0, 0.0, 0.0, 1.0],
                [0.733338, -0.007226, 0.679826, -0.022987, 0.666785, 0.202843, -0.717114, 0.61264, -0.132716, 0.979185, 0.153571, 0.692027, 0.0, 0.0, 0.0, 1.0],
                [0.738809, -0.0062, 0.673886, -0.024878, 0.661901, 0.194649, -0.723878, 0.616476, -0.126683, 0.980853, 0.147912, 0.694803, 0.0, 0.0, 0.0, 1.0],
                [0.744057, -0.005273, 0.668096, -0.026708, 0.657089, 0.186706, -0.730325, 0.620187, -0.120886, 0.982402, 0.142385, 0.697489, 0.0, 0.0, 0.0, 1.0],
                [0.749065, -0.004441, 0.662481, -0.02847, 0.652378, 0.179047, -0.736441, 0.623759, -0.115344, 0.983831, 0.137015, 0.700074, 0.0, 0.0, 0.0, 1.0],
                [0.75382, -0.0037, 0.65707, -0.030156, 0.647795, 0.171704, -0.742212, 0.627179, -0.110076, 0.985142, 0.131831, 0.702549, 0.0, 0.0, 0.0, 1.0],
                [0.758306, -0.003045, 0.651891, -0.03176, 0.643371, 0.164712, -0.747626, 0.630432, -0.105097, 0.986337, 0.126861, 0.704903, 0.0, 0.0, 0.0, 1.0],
                [0.76251, -0.002472, 0.646972, -0.033276, 0.639135, 0.1581, -0.75267, 0.633505, -0.100425, 0.98742, 0.122133, 0.707127, 0.0, 0.0, 0.0, 1.0],
                [0.766418, -0.001975, 0.642339, -0.034695, 0.635116, 0.151901, -0.757333, 0.636383, -0.096077, 0.988394, 0.117674, 0.70921, 0.0, 0.0, 0.0, 1.0],
                [0.770017, -0.001548, 0.638022, -0.036012, 0.631346, 0.146148, -0.761606, 0.639053, -0.092066, 0.989262, 0.113513, 0.711142, 0.0, 0.0, 0.0, 1.0],
                [0.773294, -0.001186, 0.634047, -0.037219, 0.627854, 0.14087, -0.765477, 0.641501, -0.088411, 0.990027, 0.109678, 0.712913, 0.0, 0.0, 0.0, 1.0],
                [0.776236, -0.000882, 0.630442, -0.038309, 0.624669, 0.136099, -0.768938, 0.643713, -0.085124, 0.990695, 0.106196, 0.714514, 0.0, 0.0, 0.0, 1.0],
                [0.778831, -0.000631, 0.627234, -0.039277, 0.621821, 0.131866, -0.771978, 0.645675, -0.082223, 0.991267, 0.103094, 0.715934, 0.0, 0.0, 0.0, 1.0],
                [0.781065, -0.000429, 0.624449, -0.040114, 0.619339, 0.128202, -0.774586, 0.647373, -0.079723, 0.991748, 0.1004, 0.717163, 0.0, 0.0, 0.0, 1.0],
                [0.782926, -0.00027, 0.622114, -0.040815, 0.617251, 0.125136, -0.776751, 0.648794, -0.077639, 0.99214, 0.098139, 0.718191, 0.0, 0.0, 0.0, 1.0],
                [0.7844, -0.00015, 0.620255, -0.041372, 0.615583, 0.122699, -0.778462, 0.649923, -0.075988, 0.992444, 0.096337, 0.719008, 0.0, 0.0, 0.0, 1.0],
                [0.785472, -6.6e-05, 0.618897, -0.041778, 0.614362, 0.120921, -0.779704, 0.650747, -0.074786, 0.992662, 0.095021, 0.719604, 0.0, 0.0, 0.0, 1.0],
                [0.786127, -1.7e-05, 0.618064, -0.042027, 0.613612, 0.119833, -0.780461, 0.651251, -0.074051, 0.992794, 0.094214, 0.719969, 0.0, 0.0, 0.0, 1.0],
                [0.78635, 0.0, 0.617782, -0.042111, 0.613358, 0.119463, -0.780718, 0.651422, -0.073802, 0.992839, 0.09394, 0.720093, 0.0, 0.0, 0.0, 1.0]
            ]
        },
        {
            "name": "Thigh_R",
            "time": [0.0, 0.0167, 0.0333, 0.05, 0.0667, 0.0833, 0.1, 0.1167, 0.1333, 0.15, 0.1667, 0.1833, 0.2, 0.2167, 0.2333, 0.25, 0.2667, 0.2833, 0.3, 0.3167, 0.3333, 0.35, 0.3667, 0.3833, 0.4, 0.4167, 0.4333, 0.45, 0.4667, 0.4833, 0.5, 0.5167, 0.5333, 0.55, 0.5667, 0.5833, 0.6, 0.6167, 0.6333, 0.65, 0.6667, 0.6833, 0.7, 0.7167, 0.7333, 0.75, 0.7667, 0.7833, 0.8, 0.8167, 0.8333, 0.85, 0.8667, 0.8833, 0.9, 0.9167, 0.9333, 0.95, 0.9667, 0.9833, 1.0, 1.0167, 1.0333, 1.05, 1.0667, 1.0833, 1.1, 1.1167, 1.1333, 1.15, 1.1667, 1.1833, 1.2, 1.2167, 1.2333, 1.25, 1.2667, 1.2833, 1.3, 1.3167, 1.3333, 1.35, 1.3667, 1.3833, 1.4, 1.4167, 1.4333, 1.45, 1.4667, 1.4833, 1.5, 1.5167, 1.5333, 1.55, 1.5667, 1.5833, 1.6, 1.6167, 1.6333, 1.65, 1.6667],
            "transform": [
                [0.557625, 0.828186, 0.056207, 0.124994, 0.051735, -0.102253, 0.993412, -0.002831, 0.828479, -0.551043, -0.099866, -1.2e-05, 0.0, 0.0, 0.0, 1.0],
                [0.559453, 0.826869, 0.057427, 0.124994, 0.042198, -0.097607, 0.99433, -0.002831, 0.827787, -0.553856, -0.089499, -1.2e-05, 0.0, 0.0, 0.0, 1.0],
                [0.565149, 0.822754, 0.060661, 0.124994, 0.017448, -0.085432, 0.996192, -0.002831, 0.824804, -0.561937, -0.062638, -1.2e-05, 0.0, 0.0, 0.0, 1.0],
                [0.575407, 0.815261, 0.065225, 0.124994, -0.015511, -0.068857, 0.997507, -0.002831, 0.81772, -0.574982, -0.026975, -1.2e-05, 0.0, 0.0, 0.0, 1.0],
                [0.590771, 0.803757, 0.070433, 0.124994, -0.049738, -0.050849, 0.997467, -0.002831, 0.805305, -0.592777, 0.009937, -1.2e-05, 0.0, 0.0, 0.0, 1.0],
                [0.611028, 0.787985, 0.075647, 0.124994, -0.079904, -0.033679, 0.996235, -0.002831, 0.787566, -0.61477, 0.042384, -1.2e-05, 0.0, 0.0, 0.0, 1.0],
                [0.634975, 0.768344, 0.080329, 0.124994, -0.102929, -0.018911, 0.994509, -0.002831, 0.765645, -0.639756, 0.067077, -1.2e-05, 0.0, 0.0, 0.0, 1.0],
                [0.660605, 0.746004, 0.084131, 0.124994, -0.117796, -0.007675, 0.993009, -0.002831, 0.741435, -0.665895, 0.082806, -1.2e-05, 0.0, 0.0, 0.0, 1.0],
                [0.685508, 0.722839, 0.087061, 0.124994, -0.124996, -0.000958, 0.992157, -0.002831, 0.717255, -0.691013, 0.089695, -1.2e-05, 0.0, 0.0, 0.0, 1.0],
                [0.707287, 0.701217, 0.089658, 0.124994, -0.125974, 0.000222, 0.992033, -0.002831, 0.695612, -0.712945, 0.088493, -1.2e-05, 0.0, 0.0, 0.0, 1.0],
                [0.723806, 0.683689, 0.09312, 0.124994, -0.12273, -0.005239, 0.992426, -0.002831, 0.679, -0.729752, 0.080117, -1.2e-05, 0.0, 0.0, 0.0, 1.0],
                [0.733268, 0.672643, 0.099337, 0.124994, -0.117532, -0.018507, 0.992897, -0.002831, 0.669705, -0.739733, 0.065487, -1.2e-05, 0.0, 0.0, 0.0, 1.0],
                [0.734139, 0.669899, 0.110778, 0.124994, -0.112683, -0.040685, 0.992798, -0.002831, 0.669583, -0.741334, 0.045619, -1.2e-05, 0.0, 0.0, 0.0, 1.0],
                [0.727846, 0.67505, 0.12061, 0.124994, -0.104106, -0.065068, 0.992436, -0.002831, 0.677792, -0.734895, 0.022917, -1.2e-05, 0.0, 0.0, 0.0, 1.0],
                [0.716545, 0.685703, 0.127953, 0.124994, -0.090861, -0.090119, 0.991778, -0.002831, 0.691597, -0.722278, -0.002271, -1.2e-05, 0.0, 0.0, 0.0, 1.0],
                [0.700243, 0.699105, 0.144602, 0.124994, -0.079692, -0.124738, 0.988984, -0.002831, 0.709442, -0.704051, -0.031634, -1.2e-05, 0.0, 0.0, 0.0, 1.0],
                [0.68039, 0.719156, 0.141001, 0.124994, -0.081745, -0.116724, 0.989795, -0.002831, 0.728276, -0.684972, -0.02063, -1.2e-05, 0.0, 0.0, 0.0, 1.0],
                [0.657606, 0.74836, 0.086659, 0.124994, -0.099119, -0.028084, 0.994679, -0.002831, 0.746812, -0.662695, 0.055708, -1.2e-05, 0.0, 0.0, 0.0, 1.0],
                [0.631791, 0.775105, -0.006957, 0.124994, -0.125619, 0.11124, 0.985822, -0.002831, 0.764891, -0.621959, 0.167649, -1.2e-05, 0.0, 0.0, 0.0, 1.0],
                [0.603656, 0.790051, -0.106855, 0.124994, -0.160412, 0.251654, 0.954432, -0.002831, 0.78094, -0.559007, 0.278647, -1.2e-05, 0.0, 0.0, 0.0, 1.0],
                [0.573477, 0.801999, -0.16709, 0.124994, -0.197936, 0.333568, 0.921713, -0.002831, 0.794949, -0.495508, 0.350039, -1.2e-05, 0.0, 0.0, 0.0, 1.0],
                [0.54143, 0.83006, -0.133611, 0.124994, -0.224041, 0.29562, 0.928663, -0.00283, 0.810345, -0.472871, 0.346026, -1.2e-05, 0.0, 0.0, 0.0, 1.0],
                [0.516894, 0.855756, -0.022336, 0.124994, -0.220965, 0.158584, 0.962303, -0.002831, 0.82704, -0.492473, 0.271064, -1.2e-05, 0.0, 0.0, 0.0, 1.0],
                [0.507658, 0.855417, 0.102676, 0.124994, -0.189228, -0.00556, 0.981918, -0.002831, 0.84052, -0.517907, 0.159046, -1.2e-05, 0.0, 0.0, 0.0, 1.0],
                [0.510843, 0.845076, 0.157744, 0.124994, -0.144307, -0.096593, 0.984807, -0.002831, 0.847476, -0.525844, 0.072607, -1.2e-05, 0.0, 0.0, 0.0, 1.0],
                [0.521258, 0.841096, 0.144378, 0.124994, -0.099521, -0.108114, 0.989145, -0.002831, 0.847576, -0.529968, 0.027351, -1.2e-05, 0.0, 0.0, 0.0, 1.0],
                [0.532307, 0.835891, 0.133908, 0.124994, -0.06559, -0.116981, 0.990966, -0.002831, 0.844006, -0.536281, -0.007444, -1.2e-05, 0.0, 0.0, 0.0, 1.0],
                [0.537342, 0.833364, 0.129483, 0.124994, -0.052131, -0.120417, 0.991354, -0.002831, 0.841752, -0.539445, -0.021261, -1.2e-05, 0.0, 0.0, 0.0, 1.0],
                [0.538618, 0.8324, 0.130376, 0.124994, -0.065541, -0.112877, 0.991445, -0.002831, 0.839996, -0.542554, -0.006241, -1.2e-05, 0.0, 0.0, 0.0, 1.0],
                [0.542167, 0.829561, 0.133724, 0.124994, -0.097695, -0.095832, 0.990593, -0.002831, 0.834573, -0.550129, 0.029087, -1.2e-05, 0.0, 0.0, 0.0, 1.0],
                [0.54733, 0.82517, 0.139721, 0.124994, -0.135897, -0.077104, 0.987718, -0.002831, 0.825809, -0.559594, 0.069937, -1.2e-05, 0.0, 0.0, 0.0, 1.0],
                [0.552443, 0.82061, 0.146301, 0.124994, -0.167378, -0.062731, 0.983896, -0.00283, 0.816573, -0.568033, 0.102697, -1.2e-05, 0.0, 0.0, 0.0, 1.0],
                [0.554799, 0.818448, 0.149457, 0.124994, -0.18036, -0.057053, 0.981945, -0.002831, 0.812199, -0.571737, 0.115963, -1.2e-05, 0.0, 0.0, 0.0, 1.0],
                [0.573151, 0.809329, 0.128376, 0.124994, -0.139316, -0.058141, 0.98854, -0.002831, 0.80752, -0.584466, 0.07943, -1.2e-05, 0.0, 0.0, 0.0, 1.0],
                [0.600364, 0.794528, 0.091037, 0.124994, -0.063285, -0.066278, 0.995793, -0.002831, 0.797219, -0.603598, 0.010491, -1.2e-05, 0.0, 0.0, 0.0, 1.0],
                [0.598035, 0.797124, 0.083341, 0.124994, -0.028989, -0.082403, 0.996178, -0.002831, 0.800945, -0.598164, -0.026172, -1.2e-05, 0.0, 0.0, 0.0, 1.0],
                [0.569334, 0.81531, 0.105485, 0.124994, -0.040488, -0.100347, 0.994129, -0.002831, 0.821108, -0.570261, -0.024121, -1.2e-05, 0.0, 0.0, 0.0, 1.0],
                [0.546592, 0.828372, 0.122614, 0.124994, -0.048885, -0.114608, 0.992208, -0.002831, 0.835971, -0.548326, -0.022149, -1.2e-05, 0.0, 0.0, 0.0, 1.0],
                [0.537342, 0.833364, 0.129483, 0.124994, -0.052131, -0.120416, 0.991354, -0.002831, 0.841752, -0.539445, -0.021261, -1.2e-05, 0.0, 0.0, 0.0, 1.0],
                [0.557239, 0.822869, 0.111214, 0.124994, -0.021321, -0.119712, 0.99258, -0.002831, 0.830078, -0.555475, -0.049164, -1.2e-05, 0.0, 0.0, 0.0, 1.0],
                [0.591787, 0.802521, 0.075795, 0.124994, 0.035613, -0.119965, 0.99214, -0.002831, 0.805307, -0.584435, -0.099574, -1.2e-05, 0.0, 0.0, 0.0, 1.0],
                [0.608907, 0.791249, 0.056174, 0.124994, 0.065751, -0.120917, 0.990483, -0.002831, 0.790512, -0.599417, -0.125653, -1.2e-05, 0.0, 0.0, 0.0, 1.0],
                [0.596767, 0.799332, 0.070245, 0.124994, 0.044233, -0.12018, 0.991766, -0.002831, 0.801194, -0.588745, -0.107077, -1.2e-05, 0.0, 0.0, 0.0, 1.0],
                [0.573101, 0.81389, 0.095584, 0.124994, 0.004231, -0.119576, 0.992817, -0.002831, 0.819474, -0.568578, -0.071972, -1.2e-05, 0.0, 0.0, 0.0, 1.0],
                [0.559743, 0.82149, 0.108814, 0.124994, -0.017351, -0.119665, 0.992663, -0.002831, 0.828485, -0.557522, -0.052728, -1.2e-05, 0.0, 0.0, 0.0, 1.0],
                [0.559765, 0.821477, 0.108792, 0.124994, -0.017315, -0.119664, 0.992664, -0.002831, 0.82847, -0.557541, -0.05276, -1.2e-05, 0.0, 0.0, 0.0, 1.0],
                [0.559792, 0.821462, 0.108766, 0.124994, -0.017272, -0.119664, 0.992665, -0.002831, 0.828453, -0.557563, -0.052799, -1.2e-05, 0.0, 0.0, 0.0, 1.0],
                [0.559792, 0.821462, 0.108766, 0.124994, -0.017271, -0.119663, 0.992665, -0.002831, 0.828453, -0.557563, -0.052799, -1.2e-05, 0.0, 0.0, 0.0, 1.0],
                [0.559792, 0.821462, 0.108766, 0.124994, -0.017271, -0.119663, 0.992665, -0.002831, 0.828453, -0.557563, -0.052799, -1.2e-05, 0.0, 0.0, 0.0, 1.0],
                [0.559792, 0.821462, 0.108766, 0.124994, -0.017271, -0.119664, 0.992665, -0.002831, 0.828453, -0.557563, -0.052799, -1.2e-05, 0.0, 0.0, 0.0, 1.0],
                [0.559792, 0.821462, 0.108766, 0.124994, -0.017272, -0.119664, 0.992665, -0.002831, 0.828453, -0.557563, -0.052799, -1.2e-05, 0.0, 0.0, 0.0, 1.0],
                [0.559879, 0.821299, 0.109549, 0.124994, -0.01743, -0.12051, 0.992559, -0.002831, 0.828391, -0.557622, -0.053156, -1.2e-05, 0.0, 0.0, 0.0, 1.0],
                [0.560173, 0.820792, 0.111819, 0.124994, -0.017832, -0.123007, 0.992246, -0.002831, 0.828183, -0.557822, -0.054269, -1.2e-05, 0.0, 0.0, 0.0, 1.0],
                [0.56072, 0.819915, 0.115454, 0.124994, -0.018371, -0.127082, 0.991723, -0.002831, 0.827801, -0.558199, -0.056196, -1.2e-05, 0.0, 0.0, 0.0, 1.0],
                [0.561567, 0.818633, 0.120331, 0.124994, -0.018934, -0.132675, 0.990979, -0.002831, 0.827214, -0.558779, -0.059006, -1.2e-05, 0.0, 0.0, 0.0, 1.0],
                [0.562761, 0.816909, 0.126326, 0.124994, -0.019416, -0.139717, 0.990001, -0.002831, 0.826392, -0.559586, -0.062766, -1.2e-05, 0.0, 0.0, 0.0, 1.0],
                [0.564348, 0.814701, 0.133311, 0.124994, -0.019707, -0.148143, 0.98877, -0.002831, 0.825302, -0.560636, -0.067549, -1.2e-05, 0.0, 0.0, 0.0, 1.0],
                [0.566379, 0.811964, 0.141159, 0.124994, -0.019704, -0.157889, 0.98726, -0.002831, 0.823908, -0.561944, -0.073427, -1.2e-05, 0.0, 0.0, 0.0, 1.0],
                [0.568908, 0.808654, 0.149734, 0.124994, -0.019306, -0.168887, 0.985446, -0.002831, 0.822174, -0.563518, -0.080469, -1.2e-05, 0.0, 0.0, 0.0, 1.0],
                [0.571987, 0.804722, 0.158904, 0.124994, -0.018418, -0.181074, 0.983297, -0.002831, 0.820056, -0.56536, -0.088751, -1.2e-05, 0.0, 0.0, 0.0, 1.0],
                [0.575677, 0.80012, 0.168525, 0.124994, -0.016949, -0.194382, 0.98078, -0.002831, 0.8175, -0.567468, -0.098339, -1.2e-05, 0.0, 0.0, 0.0, 1.0],
                [0.580313, 0.794658, 0.178198, 0.124994, -0.014432, -0.208741, 0.977865, -0.002831, 0.814265, -0.570037, -0.109667, -1.2e-05, 0.0, 0.0, 0.0, 1.0],
                [0.58614, 0.788193, 0.187588, 0.124994, -0.010551, -0.224084, 0.974513, -0.002831, 0.810141, -0.573179, -0.123028, -1.2e-05, 0.0, 0.0, 0.0, 1.0],
                [0.593086, 0.78075, 0.196661, 0.124994, -0.005457, -0.240353, 0.970671, -0.002831, 0.80512, -0.576763, -0.13829, -1.2e-05, 0.0, 0.0, 0.0, 1.0],
                [0.601071, 0.772356, 0.205374, 0.124994, 0.000701, -0.257485, 0.966282, -0.002831, 0.799195, -0.580659, -0.155308, -1.2e-05, 0.0, 0.0, 0.0, 1.0],
                [0.610008, 0.763039, 0.213685, 0.124994, 0.007775, -0.275419, 0.961293, -0.002831, 0.792357, -0.584733, -0.17394, -1.2e-05, 0.0, 0.0, 0.0, 1.0],
                [0.619806, 0.752831, 0.221549, 0.124994, 0.015614, -0.29409, 0.95565, -0.002831, 0.784599, -0.588857, -0.194033, -1.2e-05, 0.0, 0.0, 0.0, 1.0],
                [0.630369, 0.741772, 0.228926, 0.124994, 0.024072, -0.31343, 0.949307, -0.002831, 0.775922, -0.592902, -0.215433, -1.2e-05, 0.0, 0.0, 0.0, 1.0],
                [0.641598, 0.729904, 0.235775, 0.124994, 0.033005, -0.333369, 0.94222, -0.002831, 0.76633, -0.596743, -0.237979, -1.2e-05, 0.0, 0.0, 0.0, 1.0],
                [0.653388, 0.717277, 0.242066, 0.124994, 0.042273, -0.35383, 0.934353, -0.002831, 0.755842, -0.600262, -0.261511, -1.2e-05, 0.0, 0.0, 0.0, 1.0],
                [0.665633, 0.703947, 0.247766, 0.124994, 0.051743, -0.374736, 0.925687, -0.002831, 0.744483, -0.603347, -0.285861, -1.2e-05, 0.0, 0.0, 0.0, 1.0],
                [0.678226, 0.689979, 0.252859, 0.124994, 0.061285, -0.396003, 0.916202, -0.002831, 0.732293, -0.605894, -0.310865, -1.2e-05, 0.0, 0.0, 0.0, 1.0],
                [0.691057, 0.67544, 0.257332, 0.124994, 0.07078, -0.417547, 0.905894, -0.002831, 0.719326, -0.607809, -0.336357, -1.2e-05, 0.0, 0.0, 0.0, 1.0],
                [0.704019, 0.660408, 0.261184, 0.124994, 0.080116, -0.439278, 0.894772, -0.002831, 0.705647, -0.609011, -0.36217, -1.2e-05, 0.0, 0.0, 0.0, 1.0],
                [0.717008, 0.644963, 0.264424, 0.124994, 0.089192, -0.461107, 0.88285, -0.002831, 0.691335, -0.609425, -0.388144, -1.2e-05, 0.0, 0.0, 0.0, 1.0],
                [0.729923, 0.629194, 0.267071, 0.124994, 0.097916, -0.482942, 0.87016, -0.002831, 0.67648, -0.608998, -0.414119, -1.2e-05, 0.0, 0.0, 0.0, 1.0],
                [0.742664, 0.61319, 0.269157, 0.124994, 0.106207, -0.504692, 0.856741, -0.002831, 0.661188, -0.607684, -0.439943, -1.2e-05, 0.0, 0.0, 0.0, 1.0],
                [0.755143, 0.597049, 0.270724, 0.124994, 0.113997, -0.526266, 0.842644, -0.002831, 0.645573, -0.605453, -0.465469, -1.2e-05, 0.0, 0.0, 0.0, 1.0],
                [0.767272, 0.580865, 0.271825, 0.124994, 0.121231, -0.547575, 0.827928, -0.002831, 0.629759, -0.602291, -0.490558, -1.2e-05, 0.0, 0.0, 0.0, 1.0],
                [0.778975, 0.564736, 0.272524, 0.124994, 0.127861, -0.568531, 0.812664, -0.002831, 0.613879, -0.598199, -0.515081, -1.2e-05, 0.0, 0.0, 0.0, 1.0],
                [0.790183, 0.548761, 0.272896, 0.124994, 0.133856, -0.589052, 0.796932, -0.002831, 0.598075, -0.593192, -0.538914, -1.2e-05, 0.0, 0.0, 0.0, 1.0],
                [0.800831, 0.533035, 0.273025, 0.124994, 0.139191, -0.609057, 0.780817, -0.002831, 0.582491, -0.587298, -0.561946, -1.2e-05, 0.0, 0.0, 0.0, 1.0],
                [0.810865, 0.517655, 0.273004, 0.124994, 0.143854, -0.628473, 0.764413, -0.002831, 0.567278, -0.580562, -0.584074, -1.2e-05, 0.0, 0.0, 0.0, 1.0],
                [0.820236, 0.502712, 0.272932, 0.124994, 0.147842, -0.647227, 0.747823, -0.002831, 0.552589, -0.573039, -0.605202, -1.2e-05, 0.0, 0.0, 0.0, 1.0],
                [0.828905, 0.488294, 0.27292, 0.124994, 0.151159, -0.665258, 0.731152, -0.002831, 0.538579, -0.5648, -0.625246, -1.2e-05, 0.0, 0.0, 0.0, 1.0],
                [0.836833, 0.474484, 0.273083, 0.124994, 0.153815, -0.682504, 0.714512, -0.002831, 0.525405, -0.555922, -0.644126, -1.2e-05, 0.0, 0.0, 0.0, 1.0],
                [0.843989, 0.461365, 0.273538, 0.124994, 0.155827, -0.69891, 0.698027, -0.002831, 0.513224, -0.546502, -0.661767, -1.2e-05, 0.0, 0.0, 0.0, 1.0],
                [0.850345, 0.44901, 0.274414, 0.124994, 0.157215, -0.714429, 0.681817, -0.002831, 0.502192, -0.536636, -0.678103, -1.2e-05, 0.0, 0.0, 0.0, 1.0],
                [0.85587, 0.43749, 0.275838, 0.124994, 0.157999, -0.729015, 0.666011, -0.002831, 0.492465, -0.526437, -0.693067, -1.2e-05, 0.0, 0.0, 0.0, 1.0],
                [0.860537, 0.426874, 0.277945, 0.124994, 0.158201, -0.742628, 0.650748, -0.002831, 0.484198, -0.516021, -0.706593, -1.2e-05, 0.0, 0.0, 0.0, 1.0],
                [0.864312, 0.417226, 0.280866, 0.124994, 0.157841, -0.755229, 0.636171, -0.002831, 0.477546, -0.505517, -0.718611, -1.2e-05, 0.0, 0.0, 0.0, 1.0],
                [0.867483, 0.408392, 0.284058, 0.124994, 0.157214, -0.766805, 0.62233, -0.002831, 0.471972, -0.495201, -0.729396, -1.2e-05, 0.0, 0.0, 0.0, 1.0],
                [0.870356, 0.400216, 0.286892, 0.124994, 0.156611, -0.777338, 0.609276, -0.002831, 0.466855, -0.485356, -0.73924, -1.2e-05, 0.0, 0.0, 0.0, 1.0],
                [0.872924, 0.392762, 0.28938, 0.124994, 0.156044, -0.786791, 0.597168, -0.002831, 0.462227, -0.476126, -0.748098, -1.2e-05, 0.0, 0.0, 0.0, 1.0],
                [0.87518, 0.386094, 0.29153, 0.124994, 0.155522, -0.795125, 0.586162, -0.002831, 0.458117, -0.467657, -0.755926, -1.2e-05, 0.0, 0.0, 0.0, 1.0],
                [0.877116, 0.380277, 0.293351, 0.124994, 0.155058, -0.802303, 0.576424, -0.002831, 0.454559, -0.460104, -0.76268, -1.2e-05, 0.0, 0.0, 0.0, 1.0],
                [0.878724, 0.375378, 0.294846, 0.124994, 0.154659, -0.80828, 0.568122, -0.00283, 0.451579, -0.453621, -0.768312, -1.2e-05, 0.0, 0.0, 0.0, 1.0],
                [0.879993, 0.371461, 0.296018, 0.124994, 0.154337, -0.813013, 0.561416, -0.002831, 0.449211, -0.448355, -0.772779, -1.2e-05, 0.0, 0.0, 0.0, 1.0],
                [0.880916, 0.36859, 0.296863, 0.124994, 0.154098, -0.816459, 0.556459, -0.002831, 0.447482, -0.444447, -0.776032, -1.2e-05, 0.0, 0.0, 0.0, 1.0],
                [0.881479, 0.366826, 0.297377, 0.124994, 0.15395, -0.818565, 0.553398, -0.002831, 0.446424, -0.442027, -0.778022, -1.2e-05, 0.0, 0.0, 0.0, 1.0],
                [0.881669, 0.366225, 0.297552, 0.124994, 0.1539, -0.81928, 0.552352, -0.002831, 0.446064, -0.441198, -0.778697, -1.2e-05, 0.0, 0.0, 0.0, 1.0]
            ]
        },
        {
            "name": "Leg_R",
            "time": [0.0, 0.0167, 0.0333, 0.05, 0.0667, 0.0833, 0.1, 0.1167, 0.1333, 0.15, 0.1667, 0.1833, 0.2, 0.2167, 0.2333, 0.25, 0.2667, 0.2833, 0.3, 0.3167, 0.3333, 0.35, 0.3667, 0.3833, 0.4, 0.4167, 0.4333, 0.45, 0.4667, 0.4833, 0.5, 0.5167, 0.5333, 0.55, 0.5667, 0.5833, 0.6, 0.6167, 0.6333, 0.65, 0.6667, 0.6833, 0.7, 0.7167, 0.7333, 0.75, 0.7667, 0.7833, 0.8, 0.8167, 0.8333, 0.85, 0.8667, 0.8833, 0.9, 0.9167, 0.9333, 0.95, 0.9667, 0.9833, 1.0, 1.0167, 1.0333, 1.05, 1.0667, 1.0833, 1.1, 1.1167, 1.1333, 1.15, 1.1667, 1.1833, 1.2, 1.2167, 1.2333, 1.25, 1.2667, 1.2833, 1.3, 1.3167, 1.3333, 1.35, 1.3667, 1.3833, 1.4, 1.4167, 1.4333, 1.45, 1.4667, 1.4833, 1.5, 1.5167, 1.5333, 1.55, 1.5667, 1.5833, 1.6, 1.6167, 1.6333, 1.65, 1.6667],
            "transform": [
                [1.0, -1e-06, 1e-06, 0.0, -0.0, 0.472521, 0.881319, 0.374726, -1e-06, -0.881321, 0.472518, 0.0, 0.0, 0.0, 0.0, 1.0],
                [1.0, -1e-06, 1e-06, 0.0, -0.0, 0.463037, 0.886338, 0.374726, -1e-06, -0.886341, 0.463034, -0.0, 0.0, 0.0, 0.0, 1.0],
                [1.0, -1e-06, 1e-06, 0.0, -0.0, 0.436654, 0.899629, 0.374726, -1e-06, -0.899632, 0.436651, 0.0, 0.0, 0.0, 0.0, 1.0],
                [1.0, -1e-06, 1e-06, -0.0, -0.0, 0.396888, 0.917866, 0.374726, -1e-06, -0.917869, 0.396885, 0.0, 0.0, 0.0, 0.0, 1.0],
                [1.0, -1e-06, 1e-06, 0.0, -0.0, 0.347437, 0.937703, 0.374726, -1e-06, -0.937705, 0.347434, 0.0, 0.0, 0.0, 0.0, 1.0],
                [1.0, -1e-06, 0.0, 0.0, -0.0, 0.291806, 0.956477, 0.374726, -1e-06, -0.956479, 0.291804, 0.0, 0.0, 0.0, 0.0, 1.0],
                [1.0, -1e-06, 0.0, 0.0, -0.0, 0.233096, 0.972453, 0.374726, -1e-06, -0.972455, 0.233095, -0.0, 0.0, 0.0, 0.0, 1.0],
                [1.0, -1e-06, 0.0, -0.0, -0.0, 0.17393, 0.984756, 0.374726, -1e-06, -0.984759, 0.173928, 0.0, 0.0, 0.0, 0.0, 1.0],
                [1.000001, -1e-06, 0.0, 0.0, -0.0, 0.116498, 0.99319, 0.374726, -1e-06, -0.993192, 0.116497, -0.0, 0.0, 0.0, 0.0, 1.0],
                [1.000001, -1e-06, 0.0, 0.0, -0.0, 0.062684, 0.998032, 0.374726, -1e-06, -0.998034, 0.062684, 0.0, 0.0, 0.0, 0.0, 1.0],
                [1.0, -1e-06, 0.0, -0.0, -0.0, 0.014194, 0.999899, 0.374726, -1e-06, -0.9999, 0.014194, -0.0, 0.0, 0.0, 0.0, 1.0],
                [1.0, -1e-06, 0.0, 0.0, -0.0, -0.027317, 0.999626, 0.374726, -1e-06, -0.999628, -0.027317, 0.0, 0.0, 0.0, 0.0, 1.0],
                [1.0, -1e-06, 0.0, -0.0, -0.0, -0.060144, 0.998189, 0.374726, -1e-06, -0.998191, -0.060144, 0.0, 0.0, 0.0, 0.0, 1.0],
                [1.0, -1e-06, 0.0, -0.0, -0.0, -0.086087, 0.996287, 0.374726, -1e-06, -0.996288, -0.086087, 0.0, 0.0, 0.0, 0.0, 1.0],
                [1.0, -1e-06, 0.0, -0.0, -0.0, -0.106566, 0.994304, 0.374726, -1e-06, -0.994306, -0.106566, 0.0, 0.0, 0.0, 0.0, 1.0],
                [1.0, -1e-06, 0.0, -0.0, -0.0, -0.118689, 0.99293, 0.374726, -1e-06, -0.992932, -0.118689, 0.0, 0.0, 0.0, 0.0, 1.0],
                [1.0, -1e-06, 0.0, 0.0, -0.0, -0.161555, 0.986863, 0.374726, -1e-06, -0.986864, -0.161555, -0.0, 0.0, 0.0, 0.0, 1.0],
                [1.0, -1e-06, 0.0, 0.0, -0.0, -0.24904, 0.968492, 0.374726, -1e-06, -0.968494, -0.249038, 0.0, 0.0, 0.0, 0.0, 1.0],
                [1.0, -1e-06, 0.0, -0.0, -0.0, -0.33069, 0.943738, 0.374726, -1e-06, -0.94374, -0.330688, 0.0, 0.0, 0.0, 0.0, 1.0],
                [1.0, -1e-06, -0.0, 0.0, -0.0, -0.358985, 0.933343, 0.374726, -1e-06, -0.933345, -0.358983, 0.0, 0.0, 0.0, 0.0, 1.0],
                [1.0, -1e-06, 0.0, 0.0, -0.0, -0.301978, 0.953314, 0.374726, -1e-06, -0.953316, -0.301977, -0.0, 0.0, 0.0, 0.0, 1.0],
                [1.0, -1e-06, 0.0, 0.0, -0.0, -0.117287, 0.993097, 0.374726, -1e-06, -0.993099, -0.117287, -0.0, 0.0, 0.0, 0.0, 1.0],
                [1.0, -1e-06, 0.0, 0.0, -0.0, 0.166982, 0.985959, 0.374726, -1e-06, -0.985961, 0.166981, -0.0, 0.0, 0.0, 0.0, 1.0],
                [1.0, -1e-06, 1e-06, -0.0, -0.0, 0.440696, 0.897656, 0.374726, -1e-06, -0.897659, 0.440692, 0.0, 0.0, 0.0, 0.0, 1.0],
                [1.000001, -1e-06, 1e-06, 0.0, -0.0, 0.548812, 0.835945, 0.374726, -1e-06, -0.835948, 0.548809, 0.0, 0.0, 0.0, 0.0, 1.0],
                [1.0, -1e-06, 1e-06, 0.0, -0.0, 0.523764, 0.851864, 0.374726, -1e-06, -0.851866, 0.52376, -0.0, 0.0, 0.0, 0.0, 1.0],
                [1.0, -1e-06, 1e-06, -0.0, -0.0, 0.509035, 0.860745, 0.374726, -1e-06, -0.860748, 0.509031, -0.0, 0.0, 0.0, 0.0, 1.0],
                [1.0, -1e-06, 1e-06, -0.0, -0.0, 0.504089, 0.863651, 0.374726, -1e-06, -0.863654, 0.504085, 0.0, 0.0, 0.0, 0.0, 1.0],
                [1.0, -1e-06, 1e-06, -0.0, -0.0, 0.504725, 0.86328, 0.374726, -1e-06, -0.863283, 0.504721, -0.0, 0.0, 0.0, 0.0, 1.0],
                [0.999999, -1e-06, 1e-06, 0.0, -0.0, 0.506713, 0.862114, 0.374726, -1e-06, -0.862117, 0.50671, 0.0, 0.0, 0.0, 0.0, 1.0],
                [1.0, -1e-06, 1e-06, 0.0, -0.0, 0.50992, 0.860222, 0.374726, -1e-06, -0.860224, 0.509916, 0.0, 0.0, 0.0, 0.0, 1.0],
                [1.000001, -1e-06, 1e-06, -0.0, -0.0, 0.513282, 0.85822, 0.374726, -1e-06, -0.858223, 0.513278, -0.0, 0.0, 0.0, 0.0, 1.0],
                [0.999999, -1e-06, 1e-06, 0.0, -0.0, 0.514877, 0.857263, 0.374726, -1e-06, -0.857266, 0.514874, -0.0, 0.0, 0.0, 0.0, 1.0],
                [1.0, -1e-06, 1e-06, 0.0, -0.0, 0.513734, 0.857949, 0.374726, -1e-06, -0.857952, 0.51373, 0.0, 0.0, 0.0, 0.0, 1.0],
                [1.0, -1e-06, 1e-06, -0.0, -0.0, 0.511111, 0.859515, 0.374726, -1e-06, -0.859517, 0.511108, -0.0, 0.0, 0.0, 0.0, 1.0],
                [1.0, -1e-06, 1e-06, 0.0, -0.0, 0.508218, 0.861228, 0.374726, -1e-06, -0.86123, 0.508214, 0.0, 0.0, 0.0, 0.0, 1.0],
                [1.0, -1e-06, 1e-06, 0.0, -0.0, 0.50591, 0.862585, 0.374726, -1e-06, -0.862588, 0.505907, -0.0, 0.0, 0.0, 0.0, 1.0],
