{
    "animation": [
        {
            "name": "Root",
            "time": [0.0, 0.0167, 0.0333, 0.05, 0.0667, 0.0833, 0.1, 0.1167, 0.1333, 0.15, 0.1667, 0.1833, 0.2, 0.2167, 0.2333, 0.25, 0.2667, 0.2833, 0.3, 0.3167, 0.3333, 0.35, 0.3667, 0.3833, 0.4, 0.4167, 0.4333, 0.45, 0.4667, 0.4833, 0.5, 0.5167, 0.5333, 0.55, 0.5667, 0.5833, 0.6, 0.6167, 0.6333, 0.65, 0.6667, 0.6833, 0.7, 0.7167, 0.7333, 0.75, 0.7667, 0.7833, 0.8, 0.8167, 0.8333, 0.85, 0.8667, 0.8833, 0.9, 0.9167, 0.9333, 0.95, 0.9667, 0.9833, 1.0, 1.0167, 1.0333, 1.05, 1.0667, 1.0833, 1.1, 1.1167, 1.1333, 1.15, 1.1667, 1.1833, 1.2, 1.2167, 1.2333, 1.25, 1.2667, 1.2833, 1.3, 1.3167, 1.3333, 1.35, 1.3667, 1.3833, 1.4, 1.4167, 1.4333, 1.45, 1.4667, 1.4833, 1.5, 1.5167, 1.5333, 1.55, 1.5667, 1.5833, 1.6, 1.6167, 1.6333, 1.65, 1.6667],
            "transform": [
                [0.434724, -0.116169, 0.89304, 0.031932, 0.85527, 0.363787, -0.369015, -0.066583, -0.282008, 0.92421, 0.257503, 0.615888, 0.0, 0.0, 0.0, 1.0],
                [0.43459, -0.118099, 0.892852, 0.031932, 0.855947, 0.362539, -0.368674, -0.066626, -0.280154, 0.924455, 0.258642, 0.615914, 0.0, 0.0, 0.0, 1.0],
                [0.432935, -0.123478, 0.892928, 0.031932, 0.85842, 0.358786, -0.36659, -0.066928, -0.275104, 0.925217, 0.261327, 0.616101, 0.0, 0.0, 0.0, 1.0],
                [0.42785, -0.131673, 0.894207, 0.031932, 0.863319, 0.352474, -0.361169, -0.067748, -0.267628, 0.926512, 0.264481, 0.616607, 0.0, 0.0, 0.0, 1.0],
                [0.417376, -0.142004, 0.89757, 0.031932, 0.871193, 0.343489, -0.350767, -0.069344, -0.258495, 0.928359, 0.267077, 0.617593, 0.0, 0.0, 0.0, 1.0],
                [0.39947, -0.153716, 0.903767, 0.031932, 0.882438, 0.331649, -0.333635, -0.071975, -0.248448, 0.930795, 0.268129, 0.619218, 0.0, 0.0, 0.0, 1.0],
                [0.37197, -0.16594, 0.913292, 0.031932, 0.89717, 0.316716, -0.307858, -0.075901, -0.238168, 0.933892, 0.266685, 0.621643, 0.0, 0.0, 0.0, 1.0],
                [0.332549, -0.177644, 0.926204, 0.031932, 0.915059, 0.298428, -0.27131, -0.081379, -0.228208, 0.937755, 0.261796, 0.625027, 0.0, 0.0, 0.0, 1.0],
                [0.278729, -0.187579, 0.941873, 0.031932, 0.935086, 0.276566, -0.221641, -0.08867, -0.218915, 0.94251, 0.25249, 0.62953, 0.0, 0.0, 0.0, 1.0],
                [0.20798, -0.194233, 0.958654, 0.031932, 0.955255, 0.251069, -0.156373, -0.098031, -0.210316, 0.948281, 0.23776, 0.635312, 0.0, 0.0, 0.0, 1.0],
                [0.118015, -0.195812, 0.973514, 0.031932, 0.972251, 0.222205, -0.073168, -0.109722, -0.201992, 0.955135, 0.216602, 0.642532, 0.0, 0.0, 0.0, 1.0],
                [0.007369, -0.190306, 0.981697, 0.031932, 0.981182, 0.190801, 0.029623, -0.124, -0.192946, 0.963005, 0.188131, 0.651352, 0.0, 0.0, 0.0, 1.0],
                [-0.240845, -0.083477, 0.966967, 0.031932, 0.940593, 0.225602, 0.253752, -1.011001, -0.239332, 0.970637, 0.024183, 1.14621, 0.0, 0.0, 0.0, 1.0],
                [-0.240845, -0.083477, 0.966967, 0.031932, 0.940593, 0.225602, 0.253752, -1.011001, -0.239332, 0.970637, 0.024183, 1.14621, 0.0, 0.0, 0.0, 1.0],
                [-0.216655, -0.08338, 0.972681, 0.028106, 0.943215, 0.239111, 0.230589, -0.971599, -0.251805, 0.967406, 0.026841, 1.140193, 0.0, 0.0, 0.0, 1.0],
                [-0.144315, -0.080172, 0.986279, 0.017062, 0.948352, 0.273335, 0.160984, -0.865629, -0.282491, 0.958572, 0.036585, 1.121993, 0.0, 0.0, 0.0, 1.0],
                [-0.022043, -0.067961, 0.997445, -0.000546, 0.946991, 0.31842, 0.042623, -0.71145, -0.320504, 0.94551, 0.057339, 1.091382, 0.0, 0.0, 0.0, 1.0],
                [0.151098, -0.040817, 0.987676, -0.024066, 0.923593, 0.361961, -0.126336, -0.527422, -0.352343, 0.931299, 0.09239, 1.048134, 0.0, 0.0, 0.0, 1.0],
                [0.368389, 0.003122, 0.929667, -0.052843, 0.856676, 0.38728, -0.340766, -0.331901, -0.361105, 0.921957, 0.139996, 0.992021, 0.0, 0.0, 0.0, 1.0],
                [0.604467, 0.055647, 0.794685, -0.085903, 0.723636, 0.378789, -0.576949, -0.141188, -0.333124, 0.923809, 0.188697, 0.923903, 0.0, 0.0, 0.0, 1.0],
                [0.808569, 0.099691, 0.579895, -0.120979, 0.520722, 0.337668, -0.78411, 0.036656, -0.273981, 0.935971, 0.221117, 0.848991, 0.0, 0.0, 0.0, 1.0],
                [0.938339, 0.12174, 0.323572, -0.155483, 0.280762, 0.277777, -0.918701, 0.195627, -0.201724, 0.9529, 0.22647, 0.773581, 0.0, 0.0, 0.0, 1.0],
                [0.989265, 0.120988, 0.081959, -0.186826, 0.054153, 0.217407, -0.974578, 0.329721, -0.135731, 0.968554, 0.208521, 0.703968, 0.0, 0.0, 0.0, 1.0],
                [0.988739, 0.107116, -0.104504, -0.212418, -0.121732, 0.169524, -0.977979, 0.432935, -0.087041, 0.979688, 0.180655, 0.646449, 0.0, 0.0, 0.0, 1.0],
                [0.971168, 0.092139, -0.219871, -0.229672, -0.231218, 0.139431, -0.962859, 0.499266, -0.05806, 0.985936, 0.156715, 0.60732, 0.0, 0.0, 0.0, 1.0],
                [0.961895, 0.085582, -0.259679, -0.235999, -0.269133, 0.128877, -0.954441, 0.52271, -0.048217, 0.987961, 0.146999, 0.592878, 0.0, 0.0, 0.0, 1.0],
                [0.961895, 0.085582, -0.259679, -0.235999, -0.269133, 0.128877, -0.954441, 0.52271, -0.048217, 0.987961, 0.146999, 0.592878, 0.0, 0.0, 0.0, 1.0],
                [0.961895, 0.085582, -0.259679, -0.235999, -0.269133, 0.128877, -0.954441, 0.52271, -0.048217, 0.987961, 0.146999, 0.592878, 0.0, 0.0, 0.0, 1.0],
                [0.961895, 0.085582, -0.259679, -0.235999, -0.269133, 0.128877, -0.954441, 0.52271, -0.048217, 0.987961, 0.146999, 0.592878, 0.0, 0.0, 0.0, 1.0],
                [0.961895, 0.085582, -0.259679, -0.235999, -0.269133, 0.128877, -0.954441, 0.52271, -0.048217, 0.987961, 0.146999, 0.592878, 0.0, 0.0, 0.0, 1.0],
                [0.71916, 0.218258, -0.659676, -0.235999, -0.690379, 0.11698, -0.713928, -2.08603, -0.078652, 0.968854, 0.234808, 0.496362, 0.0, 0.0, 0.0, 1.0],
                [0.770046, 0.234415, -0.593362, -0.235999, -0.634862, 0.189582, -0.749006, -1.985484, -0.063088, 0.953472, 0.294808, 0.500097, 0.0, 0.0, 0.0, 1.0],
                [0.883762, 0.220625, -0.412661, -0.235999, -0.461956, 0.270811, -0.844546, -1.712571, -0.074574, 0.937009, 0.341251, 0.510237, 0.0, 0.0, 0.0, 1.0],
                [0.975255, 0.172152, -0.138711, -0.235999, -0.19135, 0.343021, -0.919631, -1.310385, -0.110736, 0.923418, 0.367474, 0.525181, 0.0, 0.0, 0.0, 1.0],
                [0.982381, 0.10553, 0.154241, -0.235999, 0.102648, 0.385, -0.91719, -0.822016, -0.156174, 0.916863, 0.367385, 0.543326, 0.0, 0.0, 0.0, 1.0],
                [0.9269, 0.053068, 0.371538, -0.235999, 0.322287, 0.394743, -0.860412, -0.290556, -0.192323, 0.917258, 0.348783, 0.563072, 0.0, 0.0, 0.0, 1.0],
                [0.869418, 0.030845, 0.493114, -0.235999, 0.446527, 0.378154, -0.810933, 0.240904, -0.211486, 0.925229, 0.315001, 0.582818, 0.0, 0.0, 0.0, 1.0],
                [0.828747, 0.030783, 0.558776, -0.235999, 0.516236, 0.343429, -0.784574, 0.729273, -0.216051, 0.938674, 0.268725, 0.600964, 0.0, 0.0, 0.0, 1.0],
                [0.807588, 0.042752, 0.588195, -0.235999, 0.550152, 0.304672, -0.777501, 1.131459, -0.212446, 0.951497, 0.22253, 0.615907, 0.0, 0.0, 0.0, 1.0],
                [0.80069, 0.056363, 0.596421, -0.235999, 0.562199, 0.273219, -0.780566, 1.404371, -0.206949, 0.960299, 0.187077, 0.626047, 0.0, 0.0, 0.0, 1.0],
                [0.800215, 0.062673, 0.596429, -0.235999, 0.563841, 0.260175, -0.783832, 1.504917, -0.204301, 0.963525, 0.172858, 0.629782, 0.0, 0.0, 0.0, 1.0],
                [0.800215, 0.062673, 0.596429, -0.235999, 0.563841, 0.260175, -0.783832, 1.504917, -0.204301, 0.963525, 0.172858, 0.629782, 0.0, 0.0, 0.0, 1.0],
                [0.800215, 0.062673, 0.596429, -0.235999, 0.563841, 0.260175, -0.783832, 1.504917, -0.204301, 0.963525, 0.172858, 0.629782, 0.0, 0.0, 0.0, 1.0],
                [0.800215, 0.062673, 0.596429, -0.235999, 0.563841, 0.260175, -0.783832, 1.504917, -0.204301, 0.963525, 0.172858, 0.629782, 0.0, 0.0, 0.0, 1.0],
                [0.800215, 0.062673, 0.596429, -0.235999, 0.563841, 0.260175, -0.783832, 1.504917, -0.204301, 0.963525, 0.172858, 0.629782, 0.0, 0.0, 0.0, 1.0],
                [0.800215, 0.062673, 0.596429, -0.235999, 0.563841, 0.260175, -0.783832, 1.504917, -0.204301, 0.963525, 0.172858, 0.629782, 0.0, 0.0, 0.0, 1.0],
                [0.800206, 0.06261, 0.596448, -0.235938, 0.563899, 0.26004, -0.783835, 1.505016, -0.204177, 0.963566, 0.17278, 0.62988, 0.0, 0.0, 0.0, 1.0],
                [0.800179, 0.062425, 0.596503, -0.235757, 0.56407, 0.259644, -0.783843, 1.505306, -0.20381, 0.963685, 0.17255, 0.630166, 0.0, 0.0, 0.0, 1.0],
                [0.800135, 0.062121, 0.596594, -0.23546, 0.564349, 0.258996, -0.783857, 1.505782, -0.203209, 0.963879, 0.172174, 0.630635, 0.0, 0.0, 0.0, 1.0],
                [0.800075, 0.061704, 0.596718, -0.235054, 0.564731, 0.258105, -0.783875, 1.506435, -0.202384, 0.964144, 0.171658, 0.631278, 0.0, 0.0, 0.0, 1.0],
                [0.799998, 0.061178, 0.596876, -0.234541, 0.565212, 0.256981, -0.783898, 1.507258, -0.201343, 0.964478, 0.171006, 0.63209, 0.0, 0.0, 0.0, 1.0],
                [0.799905, 0.060548, 0.597064, -0.233926, 0.565786, 0.255634, -0.783924, 1.508245, -0.200095, 0.964876, 0.170226, 0.633062, 0.0, 0.0, 0.0, 1.0],
                [0.799796, 0.059819, 0.597284, -0.233215, 0.566449, 0.254073, -0.783953, 1.509387, -0.198649, 0.965333, 0.169323, 0.634188, 0.0, 0.0, 0.0, 1.0],
                [0.799672, 0.058995, 0.597532, -0.232411, 0.567196, 0.252308, -0.783983, 1.510678, -0.197013, 0.965847, 0.168302, 0.63546, 0.0, 0.0, 0.0, 1.0],
                [0.799532, 0.058082, 0.597809, -0.231519, 0.56802, 0.250347, -0.784015, 1.512111, -0.195197, 0.966412, 0.167169, 0.636872, 0.0, 0.0, 0.0, 1.0],
                [0.799377, 0.057084, 0.598112, -0.230543, 0.568918, 0.248201, -0.784046, 1.513677, -0.193209, 0.967025, 0.16593, 0.638416, 0.0, 0.0, 0.0, 1.0],
                [0.799206, 0.056006, 0.598442, -0.229488, 0.569883, 0.245879, -0.784077, 1.515371, -0.191057, 0.967681, 0.164591, 0.640085, 0.0, 0.0, 0.0, 1.0],
                [0.799021, 0.054852, 0.598796, -0.228359, 0.57091, 0.24339, -0.784106, 1.517184, -0.188751, 0.968376, 0.163158, 0.641872, 0.0, 0.0, 0.0, 1.0],
                [0.798821, 0.053628, 0.599174, -0.22716, 0.571995, 0.240743, -0.784133, 1.519109, -0.186298, 0.969106, 0.161636, 0.64377, 0.0, 0.0, 0.0, 1.0],
                [0.798606, 0.052338, 0.599574, -0.225895, 0.573131, 0.237949, -0.784156, 1.52114, -0.183709, 0.969866, 0.160031, 0.645771, 0.0, 0.0, 0.0, 1.0],
                [0.798377, 0.050987, 0.599995, -0.22457, 0.574314, 0.235017, -0.784175, 1.523268, -0.180991, 0.970653, 0.15835, 0.647868, 0.0, 0.0, 0.0, 1.0],
                [0.798133, 0.049579, 0.600437, -0.223188, 0.575538, 0.231955, -0.784189, 1.525487, -0.178154, 0.971462, 0.156596, 0.650055, 0.0, 0.0, 0.0, 1.0],
                [0.797876, 0.048121, 0.600898, -0.221754, 0.576799, 0.228775, -0.784197, 1.527789, -0.175206, 0.972289, 0.154778, 0.652325, 0.0, 0.0, 0.0, 1.0],
                [0.797605, 0.046615, 0.601376, -0.220272, 0.57809, 0.225484, -0.784199, 1.530168, -0.172157, 0.973131, 0.1529, 0.654669, 0.0, 0.0, 0.0, 1.0],
                [0.79732, 0.045068, 0.601871, -0.218748, 0.579409, 0.222094, -0.784194, 1.532615, -0.169014, 0.973983, 0.150967, 0.657081, 0.0, 0.0, 0.0, 1.0],
                [0.797023, 0.043484, 0.602382, -0.217185, 0.580748, 0.218614, -0.784181, 1.535124, -0.165788, 0.974842, 0.148987, 0.659554, 0.0, 0.0, 0.0, 1.0],
                [0.796713, 0.041867, 0.602906, -0.215589, 0.582105, 0.215053, -0.784159, 1.537687, -0.162488, 0.975704, 0.146965, 0.66208, 0.0, 0.0, 0.0, 1.0],
                [0.796391, 0.040223, 0.603443, -0.213963, 0.583474, 0.211422, -0.78413, 1.540298, -0.159121, 0.976567, 0.144906, 0.664653, 0.0, 0.0, 0.0, 1.0],
                [0.796058, 0.038556, 0.603991, -0.212312, 0.58485, 0.207731, -0.784091, 1.542948, -0.155699, 0.977426, 0.142816, 0.667265, 0.0, 0.0, 0.0, 1.0],
                [0.795714, 0.03687, 0.604549, -0.210641, 0.58623, 0.203989, -0.784043, 1.545631, -0.152229, 0.978279, 0.140702, 0.669909, 0.0, 0.0, 0.0, 1.0],
                [0.79536, 0.035171, 0.605116, -0.208954, 0.587609, 0.200206, -0.783986, 1.548339, -0.148722, 0.979122, 0.138569, 0.672578, 0.0, 0.0, 0.0, 1.0],
                [0.794997, 0.033463, 0.605689, -0.207256, 0.588982, 0.196393, -0.783919, 1.551066, -0.145186, 0.979954, 0.136423, 0.675265, 0.0, 0.0, 0.0, 1.0],
                [0.794626, 0.031751, 0.606268, -0.205551, 0.590348, 0.19256, -0.783843, 1.553803, -0.141631, 0.980771, 0.134269, 0.677963, 0.0, 0.0, 0.0, 1.0],
                [0.794247, 0.030039, 0.606851, -0.203844, 0.5917, 0.188716, -0.783758, 1.556544, -0.138067, 0.981572, 0.132113, 0.680665, 0.0, 0.0, 0.0, 1.0],
                [0.793862, 0.028333, 0.607437, -0.202139, 0.593036, 0.184873, -0.783664, 1.559282, -0.134502, 0.982354, 0.129962, 0.683363, 0.0, 0.0, 0.0, 1.0],
                [0.793472, 0.026635, 0.608024, -0.200441, 0.594353, 0.181041, -0.783562, 1.562008, -0.130947, 0.983115, 0.12782, 0.68605, 0.0, 0.0, 0.0, 1.0],
                [0.793077, 0.024952, 0.608609, -0.198754, 0.595646, 0.177229, -0.783451, 1.564716, -0.127412, 0.983853, 0.125694, 0.688719, 0.0, 0.0, 0.0, 1.0],
                [0.79268, 0.023287, 0.609193, -0.197083, 0.596914, 0.173449, -0.783332, 1.567399, -0.123905, 0.984567, 0.12359, 0.691363, 0.0, 0.0, 0.0, 1.0],
                [0.792281, 0.021645, 0.609772, -0.195432, 0.598152, 0.169711, -0.783207, 1.57005, -0.120437, 0.985256, 0.121512, 0.693975, 0.0, 0.0, 0.0, 1.0],
                [0.791882, 0.02003, 0.610346, -0.193807, 0.599358, 0.166025, -0.783074, 1.57266, -0.117018, 0.985918, 0.119467, 0.696548, 0.0, 0.0, 0.0, 1.0],
                [0.791484, 0.018447, 0.610911, -0.19221, 0.600529, 0.162402, -0.782937, 1.575224, -0.113656, 0.986552, 0.117461, 0.699075, 0.0, 0.0, 0.0, 1.0],
                [0.791089, 0.0169, 0.611468, -0.190647, 0.601664, 0.158852, -0.782794, 1.577733, -0.110362, 0.987158, 0.115498, 0.701547, 0.0, 0.0, 0.0, 1.0],
                [0.790698, 0.015394, 0.612013, -0.189123, 0.602758, 0.155387, -0.782648, 1.58018, -0.107146, 0.987734, 0.113585, 0.703959, 0.0, 0.0, 0.0, 1.0],
                [0.790312, 0.013932, 0.612546, -0.187642, 0.60381, 0.152015, -0.782499, 1.582558, -0.104018, 0.98828, 0.111727, 0.706304, 0.0, 0.0, 0.0, 1.0],
                [0.789935, 0.012519, 0.613063, -0.186208, 0.604818, 0.148749, -0.782348, 1.584861, -0.100987, 0.988796, 0.10993, 0.708573, 0.0, 0.0, 0.0, 1.0],
                [0.789566, 0.01116, 0.613564, -0.184826, 0.60578, 0.145599, -0.782197, 1.58708, -0.098064, 0.989281, 0.1082, 0.71076, 0.0, 0.0, 0.0, 1.0],
                [0.789208, 0.009858, 0.614046, -0.1835, 0.606693, 0.142575, -0.782046, 1.589208, -0.095257, 0.989735, 0.106541, 0.712857, 0.0, 0.0, 0.0, 1.0],
                [0.788863, 0.008618, 0.614508, -0.182235, 0.607556, 0.139689, -0.781897, 1.591239, -0.092578, 0.990158, 0.10496, 0.714859, 0.0, 0.0, 0.0, 1.0],
                [0.788533, 0.007443, 0.614948, -0.181036, 0.608366, 0.13695, -0.781751, 1.593164, -0.090036, 0.99055, 0.103461, 0.716756, 0.0, 0.0, 0.0, 1.0],
                [0.788218, 0.006339, 0.615363, -0.179907, 0.609123, 0.134369, -0.78161, 1.594977, -0.08764, 0.990911, 0.102051, 0.718543, 0.0, 0.0, 0.0, 1.0],
                [0.787922, 0.005309, 0.615752, -0.178852, 0.609824, 0.131957, -0.781474, 1.59667, -0.085402, 0.991241, 0.100735, 0.720212, 0.0, 0.0, 0.0, 1.0],
                [0.787646, 0.004357, 0.616112, -0.177877, 0.610467, 0.129725, -0.781346, 1.598237, -0.08333, 0.99154, 0.099518, 0.721756, 0.0, 0.0, 0.0, 1.0],
                [0.787392, 0.003487, 0.616443, -0.176985, 0.611051, 0.127683, -0.781226, 1.599669, -0.081434, 0.991809, 0.098406, 0.723168, 0.0, 0.0, 0.0, 1.0],
                [0.787161, 0.002704, 0.616742, -0.17618, 0.611574, 0.125842, -0.781116, 1.60096, -0.079725, 0.992046, 0.097404, 0.72444, 0.0, 0.0, 0.0, 1.0],
                [0.786955, 0.002012, 0.617007, -0.175469, 0.612033, 0.124213, -0.781016, 1.602103, -0.078212, 0.992253, 0.096518, 0.725566, 0.0, 0.0, 0.0, 1.0],
                [0.786777, 0.001415, 0.617236, -0.174854, 0.612428, 0.122805, -0.780929, 1.603089, -0.076905, 0.99243, 0.095753, 0.726538, 0.0, 0.0, 0.0, 1.0],
                [0.786627, 0.000917, 0.617428, -0.174342, 0.612756, 0.12163, -0.780856, 1.603913, -0.075814, 0.992575, 0.095115, 0.72735, 0.0, 0.0, 0.0, 1.0],
                [0.786508, 0.000522, 0.61758, -0.173935, 0.613016, 0.120697, -0.780797, 1.604566, -0.074948, 0.992689, 0.094609, 0.727994, 0.0, 0.0, 0.0, 1.0],
                [0.786421, 0.000235, 0.617691, -0.173639, 0.613204, 0.120019, -0.780754, 1.605041, -0.074318, 0.992772, 0.094241, 0.728462, 0.0, 0.0, 0.0, 1.0],
                [0.786368, 5.9e-05, 0.617759, -0.173458, 0.613319, 0.119604, -0.780727, 1.605332, -0.073933, 0.992822, 0.094016, 0.728749, 0.0, 0.0, 0.0, 1.0],
                [0.78635, 0.0, 0.617782, -0.173396, 0.613358, 0.119463, -0.780718, 1.60543, -0.073802, 0.992839, 0.09394, 0.728846, 0.0, 0.0, 0.0, 1.0]
            ]
        },
        {
            "name": "Thigh_R",
            "time": [0.0, 0.0167, 0.0333, 0.05, 0.0667, 0.0833, 0.1, 0.1167, 0.1333, 0.15, 0.1667, 0.1833, 0.2, 0.2167, 0.2333, 0.25, 0.2667, 0.2833, 0.3, 0.3167, 0.3333, 0.35, 0.3667, 0.3833, 0.4, 0.4167, 0.4333, 0.45, 0.4667, 0.4833, 0.5, 0.5167, 0.5333, 0.55, 0.5667, 0.5833, 0.6, 0.6167, 0.6333, 0.65, 0.6667, 0.6833, 0.7, 0.7167, 0.7333, 0.75, 0.7667, 0.7833, 0.8, 0.8167, 0.8333, 0.85, 0.8667, 0.8833, 0.9, 0.9167, 0.9333, 0.95, 0.9667, 0.9833, 1.0, 1.0167, 1.0333, 1.05, 1.0667, 1.0833, 1.1, 1.1167, 1.1333, 1.15, 1.1667, 1.1833, 1.2, 1.2167, 1.2333, 1.25, 1.2667, 1.2833, 1.3, 1.3167, 1.3333, 1.35, 1.3667, 1.3833, 1.4, 1.4167, 1.4333, 1.45, 1.4667, 1.4833, 1.5, 1.5167, 1.5333, 1.55, 1.5667, 1.5833, 1.6, 1.6167, 1.6333, 1.65, 1.6667],
            "transform": [
                [0.557625, 0.828186, 0.056207, 0.124994, 0.051735, -0.102253, 0.993412, -0.002831, 0.828479, -0.551043, -0.099866, -1.2e-05, 0.0, 0.0, 0.0, 1.0],
                [0.558177, 0.827657, 0.058476, 0.124994, 0.050181, -0.10402, 0.993308, -0.00283, 0.828203, -0.551507, -0.099594, -1.2e-05, 0.0, 0.0, 0.0, 1.0],
                [0.559808, 0.826146, 0.063989, 0.124994, 0.048298, -0.109623, 0.992799, -0.002831, 0.827213, -0.552685, -0.101269, -1.2e-05, 0.0, 0.0, 0.0, 1.0],
                [0.562604, 0.823692, 0.070747, 0.124994, 0.05033, -0.119541, 0.991553, -0.002831, 0.825193, -0.55429, -0.108711, -1.2e-05, 0.0, 0.0, 0.0, 1.0],
                [0.566974, 0.820165, 0.076592, 0.124994, 0.060811, -0.134401, 0.98906, -0.002831, 0.821488, -0.556113, -0.126077, -1.2e-05, 0.0, 0.0, 0.0, 1.0],
                [0.573849, 0.815134, 0.079069, 0.124994, 0.084898, -0.155238, 0.984222, -0.002831, 0.814548, -0.558081, -0.158287, -1.2e-05, 0.0, 0.0, 0.0, 1.0],
                [0.584823, 0.807663, 0.075236, 0.124994, 0.128697, -0.183962, 0.974472, -0.002831, 0.800887, -0.560209, -0.211529, -1.2e-05, 0.0, 0.0, 0.0, 1.0],
                [0.601973, 0.796144, 0.061481, 0.124994, 0.19895, -0.224102, 0.954043, -0.002831, 0.773335, -0.562076, -0.293297, -1.2e-05, 0.0, 0.0, 0.0, 1.0],
                [0.626698, 0.778518, 0.034009, 0.124994, 0.300319, -0.281564, 0.911335, -0.002831, 0.719067, -0.560917, -0.410261, -1.2e-05, 0.0, 0.0, 0.0, 1.0],
                [0.656893, 0.753941, -0.007839, 0.124994, 0.427145, -0.363554, 0.827874, -0.002831, 0.621319, -0.547172, -0.56086, -1.2e-05, 0.0, 0.0, 0.0, 1.0],
                [0.685345, 0.72631, -0.052652, 0.124994, 0.552586, -0.471601, 0.687198, -0.002831, 0.474288, -0.500062, -0.72456, -1.2e-05, 0.0, 0.0, 0.0, 1.0],
                [0.706979, 0.703773, -0.069863, 0.124994, 0.637758, -0.591713, 0.493091, -0.002831, 0.305685, -0.39316, -0.867169, -1.2e-05, 0.0, 0.0, 0.0, 1.0],
                [0.60362, 0.719894, 0.342628, 0.124994, 0.154367, -0.527146, 0.835635, -0.002831, 0.782185, -0.451515, -0.429324, -1.2e-05, 0.0, 0.0, 0.0, 1.0],
                [0.603619, 0.719894, 0.342628, 0.124994, 0.154367, -0.527146, 0.835635, -0.002831, 0.782185, -0.451515, -0.429325, -1.2e-05, 0.0, 0.0, 0.0, 1.0],
                [0.595092, 0.792318, 0.134517, 0.124994, 0.344234, -0.402551, 0.848208, -0.002831, 0.726201, -0.458456, -0.512298, -1.2e-05, 0.0, 0.0, 0.0, 1.0],
                [0.53992, 0.833023, -0.120649, 0.124994, 0.627407, -0.302742, 0.717432, -0.002831, 0.561112, -0.463051, -0.686102, -1.2e-05, 0.0, 0.0, 0.0, 1.0],
                [0.512313, 0.847968, -0.135949, 0.124994, 0.751602, -0.366126, 0.548676, -0.002831, 0.415486, -0.383273, -0.824908, -1.2e-05, 0.0, 0.0, 0.0, 1.0],
                [0.581276, 0.810318, -0.074165, 0.124994, 0.737193, -0.48584, 0.46958, -0.002831, 0.344477, -0.327629, -0.87977, -1.2e-05, 0.0, 0.0, 0.0, 1.0],
                [0.710398, 0.70342, -0.023076, 0.124994, 0.633308, -0.624599, 0.456942, -0.002831, 0.307009, -0.339224, -0.889197, -1.2e-05, 0.0, 0.0, 0.0, 1.0],
                [0.831584, 0.550845, 0.070964, 0.124994, 0.459107, -0.753678, 0.470307, -0.002831, 0.31255, -0.358519, -0.879646, -1.2e-05, 0.0, 0.0, 0.0, 1.0],
                [0.87609, 0.436695, 0.204365, 0.124994, 0.303657, -0.828981, 0.469662, -0.002831, 0.374513, -0.349408, -0.858868, -1.2e-05, 0.0, 0.0, 0.0, 1.0],
                [0.860076, 0.412702, 0.299908, 0.124994, 0.27524, -0.870342, 0.408345, -0.002831, 0.429548, -0.26866, -0.862154, -1.2e-05, 0.0, 0.0, 0.0, 1.0],
                [0.833793, 0.442968, 0.329496, 0.124994, 0.353722, -0.886876, 0.297204, -0.00283, 0.423874, -0.131256, -0.89616, -1.2e-05, 0.0, 0.0, 0.0, 1.0],
                [0.80528, 0.496803, 0.323588, 0.124994, 0.458976, -0.867849, 0.190202, -0.002831, 0.375319, -0.004647, -0.926885, -1.2e-05, 0.0, 0.0, 0.0, 1.0],
                [0.778109, 0.542635, 0.316372, 0.124994, 0.537429, -0.835857, 0.111857, -0.002831, 0.325139, 0.08299, -0.942018, -1.2e-05, 0.0, 0.0, 0.0, 1.0],
                [0.766086, 0.560583, 0.314416, 0.124994, 0.566303, -0.820074, 0.082324, -0.002831, 0.303995, 0.114987, -0.945709, -1.2e-05, 0.0, 0.0, 0.0, 1.0],
                [0.766086, 0.560583, 0.314417, 0.124994, 0.566303, -0.820074, 0.082324, -0.002831, 0.303995, 0.114987, -0.945709, -1.2e-05, 0.0, 0.0, 0.0, 1.0],
                [0.766086, 0.560582, 0.314417, 0.124994, 0.566303, -0.820074, 0.082324, -0.002831, 0.303995, 0.114988, -0.945709, -1.2e-05, 0.0, 0.0, 0.0, 1.0],
                [0.766086, 0.560582, 0.314417, 0.124994, 0.566303, -0.820074, 0.082324, -0.002831, 0.303995, 0.114988, -0.945709, -1.2e-05, 0.0, 0.0, 0.0, 1.0],
                [0.766086, 0.560582, 0.314417, 0.124994, 0.566303, -0.820074, 0.082324, -0.002831, 0.303995, 0.114988, -0.945709, -1.2e-05, 0.0, 0.0, 0.0, 1.0],
                [0.849984, 0.521559, 0.074179, 0.124994, 0.398067, -0.728096, 0.558049, -0.002831, 0.345065, -0.444803, -0.826487, -1.2e-05, 0.0, 0.0, 0.0, 1.0],
                [0.811566, 0.559772, 0.167377, 0.124994, 0.448521, -0.780491, 0.435502, -0.002831, 0.374418, -0.278366, -0.884491, -1.2e-05, 0.0, 0.0, 0.0, 1.0],
                [0.726761, 0.400197, 0.558265, 0.124994, 0.525608, -0.847243, -0.076893, -0.002831, 0.442215, 0.34931, -0.826092, -1.2e-05, 0.0, 0.0, 0.0, 1.0],
                [0.673834, 0.261035, 0.691237, 0.124994, 0.495954, -0.853244, -0.161253, -0.002831, 0.547701, 0.451478, -0.704408, -1.2e-05, 0.0, 0.0, 0.0, 1.0],
                [0.655981, 0.432914, 0.618283, 0.124994, 0.366518, -0.898798, 0.240463, -0.002831, 0.659813, 0.068872, -0.748267, -1.2e-05, 0.0, 0.0, 0.0, 1.0],
                [0.678491, 0.640217, 0.360238, 0.124994, 0.237729, -0.655347, 0.71694, -0.002831, 0.695079, -0.400798, -0.596846, -1.2e-05, 0.0, 0.0, 0.0, 1.0],
                [0.738916, 0.663661, -0.11643, 0.124994, 0.203214, -0.05475, 0.977603, -0.002831, 0.642423, -0.746025, -0.175321, -1.2e-05, 0.0, 0.0, 0.0, 1.0],
                [0.770819, 0.558433, -0.306577, 0.124994, 0.294888, 0.113805, 0.94873, -0.002831, 0.564693, -0.821704, -0.076952, -1.2e-05, 0.0, 0.0, 0.0, 1.0],
                [0.774708, 0.608638, -0.17142, 0.124994, 0.396005, -0.255664, 0.881939, -0.002831, 0.492957, -0.751127, -0.439089, -1.2e-05, 0.0, 0.0, 0.0, 1.0],
                [0.79698, 0.598038, -0.084684, 0.124994, 0.409445, -0.431848, 0.803656, -0.002831, 0.444046, -0.67517, -0.589039, -1.1e-05, 0.0, 0.0, 0.0, 1.0],
                [0.818063, 0.564783, -0.10859, 0.124994, 0.393951, -0.412718, 0.821259, -0.00283, 0.419016, -0.71462, -0.560127, -1.1e-05, 0.0, 0.0, 0.0, 1.0],
                [0.822159, 0.553906, -0.131304, 0.124994, 0.411034, -0.418057, 0.810111, -0.00283, 0.393833, -0.72001, -0.571384, -1.1e-05, 0.0, 0.0, 0.0, 1.0],
                [0.825412, 0.543238, -0.153581, 0.124994, 0.427339, -0.423485, 0.798776, -0.00283, 0.368886, -0.724948, -0.581697, -1.1e-05, 0.0, 0.0, 0.0, 1.0],
                [0.82399, 0.54821, -0.143199, 0.124994, 0.419795, -0.420932, 0.804108, -0.00283, 0.380543, -0.722689, -0.57698, -1.1e-05, 0.0, 0.0, 0.0, 1.0],
                [0.820698, 0.558034, -0.122682, 0.124994, 0.404605, -0.416007, 0.814392, -0.00283, 0.403422, -0.718006, -0.5672, -1.1e-05, 0.0, 0.0, 0.0, 1.0],
                [0.818063, 0.564783, -0.10859, 0.124994, 0.393951, -0.412719, 0.821259, -0.00283, 0.419016, -0.71462, -0.560127, -1.1e-05, 0.0, 0.0, 0.0, 1.0],
                [0.817175, 0.56707, -0.103227, 0.124994, 0.389919, -0.411975, 0.823554, -0.002831, 0.424486, -0.713237, -0.557767, -1.2e-05, 0.0, 0.0, 0.0, 1.0],
                [0.816537, 0.569008, -0.097439, 0.124994, 0.385678, -0.412095, 0.825488, -0.002831, 0.429556, -0.711621, -0.555946, -1.2e-05, 0.0, 0.0, 0.0, 1.0],
                [0.816138, 0.570608, -0.091238, 0.124994, 0.38125, -0.413054, 0.827065, -0.002831, 0.434243, -0.709782, -0.554654, -1.2e-05, 0.0, 0.0, 0.0, 1.0],
                [0.815963, 0.571873, -0.084641, 0.124994, 0.376651, -0.414823, 0.828285, -0.002831, 0.438564, -0.707729, -0.553878, -1.2e-05, 0.0, 0.0, 0.0, 1.0],
                [0.816, 0.572811, -0.077665, 0.124994, 0.3719, -0.41737, 0.829152, -0.002831, 0.442533, -0.70547, -0.553603, -1.2e-05, 0.0, 0.0, 0.0, 1.0],
                [0.816234, 0.573423, -0.070324, 0.124994, 0.367011, -0.420668, 0.829662, -0.002831, 0.446165, -0.703008, -0.553818, -1.2e-05, 0.0, 0.0, 0.0, 1.0],
                [0.816656, 0.573714, -0.06264, 0.124994, 0.361999, -0.424685, 0.82982, -0.002831, 0.449477, -0.700351, -0.554506, -1.2e-05, 0.0, 0.0, 0.0, 1.0],
                [0.817251, 0.573685, -0.054628, 0.124994, 0.356876, -0.429392, 0.829616, -0.002831, 0.452482, -0.697499, -0.555656, -1.2e-05, 0.0, 0.0, 0.0, 1.0],
                [0.818007, 0.573339, -0.046307, 0.124994, 0.351654, -0.434759, 0.82905, -0.002831, 0.455195, -0.694452, -0.557255, -1.2e-05, 0.0, 0.0, 0.0, 1.0],
                [0.818915, 0.572675, -0.037698, 0.124994, 0.346345, -0.440752, 0.82812, -0.002831, 0.457629, -0.691215, -0.559283, -1.2e-05, 0.0, 0.0, 0.0, 1.0],
                [0.819959, 0.571695, -0.02882, 0.124994, 0.340959, -0.447342, 0.82682, -0.002831, 0.459797, -0.687784, -0.561728, -1.2e-05, 0.0, 0.0, 0.0, 1.0],
                [0.82113, 0.570399, -0.019693, 0.124994, 0.335506, -0.454496, 0.825148, -0.002831, 0.461714, -0.68416, -0.564574, -1.2e-05, 0.0, 0.0, 0.0, 1.0],
                [0.822419, 0.568787, -0.01034, 0.124994, 0.329995, -0.46218, 0.8231, -0.002831, 0.46339, -0.680344, -0.567803, -1.2e-05, 0.0, 0.0, 0.0, 1.0],
                [0.823812, 0.566861, -0.000782, 0.124994, 0.324434, -0.470362, 0.820672, -0.002831, 0.46484, -0.676332, -0.5714, -1.2e-05, 0.0, 0.0, 0.0, 1.0],
                [0.825301, 0.56462, 0.00896, 0.124994, 0.318831, -0.47901, 0.817861, -0.002831, 0.466073, -0.672123, -0.575347, -1.2e-05, 0.0, 0.0, 0.0, 1.0],
                [0.826875, 0.562068, 0.01886, 0.124994, 0.313196, -0.488086, 0.814666, -0.002831, 0.467103, -0.667718, -0.579625, -1.2e-05, 0.0, 0.0, 0.0, 1.0],
                [0.828525, 0.559204, 0.028898, 0.124994, 0.307534, -0.49756, 0.811083, -0.002831, 0.46794, -0.663115, -0.584217, -1.2e-05, 0.0, 0.0, 0.0, 1.0],
                [0.830242, 0.556032, 0.03905, 0.124994, 0.301854, -0.507397, 0.807113, -0.00283, 0.468595, -0.658311, -0.589104, -1.2e-05, 0.0, 0.0, 0.0, 1.0],
                [0.832016, 0.552555, 0.049291, 0.124994, 0.296163, -0.517558, 0.802758, -0.002831, 0.469079, -0.653309, -0.594265, -1.2e-05, 0.0, 0.0, 0.0, 1.0],
                [0.83384, 0.548778, 0.059596, 0.124994, 0.290467, -0.528011, 0.798018, -0.002831, 0.469403, -0.648108, -0.599681, -1.2e-05, 0.0, 0.0, 0.0, 1.0],
                [0.835704, 0.544707, 0.069944, 0.124994, 0.284775, -0.538721, 0.792896, -0.00283, 0.469576, -0.642707, -0.605331, -1.2e-05, 0.0, 0.0, 0.0, 1.0],
                [0.837601, 0.540345, 0.080309, 0.124994, 0.279092, -0.549651, 0.787395, -0.00283, 0.469607, -0.637108, -0.611197, -1.2e-05, 0.0, 0.0, 0.0, 1.0],
                [0.839523, 0.535704, 0.090665, 0.124994, 0.273427, -0.560765, 0.781524, -0.002831, 0.469508, -0.631316, -0.617253, -1.2e-05, 0.0, 0.0, 0.0, 1.0],
                [0.841464, 0.53079, 0.10099, 0.124994, 0.267786, -0.572029, 0.775289, -0.002831, 0.469286, -0.625332, -0.623481, -1.2e-05, 0.0, 0.0, 0.0, 1.0],
                [0.843414, 0.525616, 0.11126, 0.124994, 0.262177, -0.583406, 0.7687, -0.002831, 0.468951, -0.619162, -0.629859, -1.2e-05, 0.0, 0.0, 0.0, 1.0],
                [0.845369, 0.520192, 0.12145, 0.124994, 0.256607, -0.594863, 0.761769, -0.002831, 0.468513, -0.61281, -0.636365, -1.2e-05, 0.0, 0.0, 0.0, 1.0],
                [0.847321, 0.514532, 0.131538, 0.124994, 0.251083, -0.606363, 0.754507, -0.002831, 0.467978, -0.606281, -0.642976, -1.2e-05, 0.0, 0.0, 0.0, 1.0],
                [0.849264, 0.508652, 0.141499, 0.124994, 0.245615, -0.617871, 0.746933, -0.002831, 0.467357, -0.599588, -0.649669, -1.2e-05, 0.0, 0.0, 0.0, 1.0],
                [0.851193, 0.502566, 0.151314, 0.124994, 0.240208, -0.629356, 0.73906, -0.00283, 0.466658, -0.592735, -0.656425, -1.2e-05, 0.0, 0.0, 0.0, 1.0],
                [0.853101, 0.496297, 0.160957, 0.124994, 0.234874, -0.640778, 0.730915, -0.002831, 0.465889, -0.585739, -0.663217, -1.2e-05, 0.0, 0.0, 0.0, 1.0],
                [0.854984, 0.48986, 0.170408, 0.124994, 0.229618, -0.652108, 0.722516, -0.002831, 0.465057, -0.578609, -0.670024, -1.2e-05, 0.0, 0.0, 0.0, 1.0],
                [0.856835, 0.48328, 0.179648, 0.124994, 0.224452, -0.663313, 0.713888, -0.002831, 0.464172, -0.57136, -0.676824, -1.2e-05, 0.0, 0.0, 0.0, 1.0],
                [0.85865, 0.476578, 0.188657, 0.124994, 0.219382, -0.674361, 0.705059, -0.002831, 0.463239, -0.56401, -0.683594, -1.2e-05, 0.0, 0.0, 0.0, 1.0],
                [0.860425, 0.469782, 0.197415, 0.124994, 0.21442, -0.685219, 0.696059, -0.002831, 0.462268, -0.556576, -0.690311, -1.2e-05, 0.0, 0.0, 0.0, 1.0],
                [0.862155, 0.462916, 0.205902, 0.124994, 0.209574, -0.695856, 0.686923, -0.002831, 0.461267, -0.549081, -0.696952, -1.2e-05, 0.0, 0.0, 0.0, 1.0],
                [0.863836, 0.45601, 0.214106, 0.124994, 0.204854, -0.706245, 0.677681, -0.002831, 0.460241, -0.541544, -0.703496, -1.2e-05, 0.0, 0.0, 0.0, 1.0],
                [0.865464, 0.449094, 0.222006, 0.124994, 0.20027, -0.716353, 0.668378, -0.002831, 0.4592, -0.533995, -0.70992, -1.2e-05, 0.0, 0.0, 0.0, 1.0],
                [0.867034, 0.442199, 0.229589, 0.124994, 0.195834, -0.726153, 0.659052, -0.002831, 0.458149, -0.526458, -0.716199, -1.1e-05, 0.0, 0.0, 0.0, 1.0],
                [0.868543, 0.43536, 0.236839, 0.124994, 0.191555, -0.735618, 0.649747, -0.002831, 0.457097, -0.518965, -0.722313, -1.1e-05, 0.0, 0.0, 0.0, 1.0],
                [0.869989, 0.428611, 0.243742, 0.124994, 0.187444, -0.744717, 0.640515, -0.002831, 0.456051, -0.511552, -0.728238, -1.2e-05, 0.0, 0.0, 0.0, 1.0],
                [0.871367, 0.421989, 0.250287, 0.124994, 0.183513, -0.753428, 0.631402, -0.002831, 0.455018, -0.504252, -0.733954, -1.2e-05, 0.0, 0.0, 0.0, 1.0],
                [0.872675, 0.415533, 0.256457, 0.124994, 0.179773, -0.761717, 0.62247, -0.002831, 0.454005, -0.497108, -0.739433, -1.1e-05, 0.0, 0.0, 0.0, 1.0],
                [0.873907, 0.409282, 0.262246, 0.124994, 0.176234, -0.769565, 0.613767, -0.002831, 0.45302, -0.490158, -0.744659, -1.2e-05, 0.0, 0.0, 0.0, 1.0],
                [0.875062, 0.403279, 0.267638, 0.124994, 0.17291, -0.776939, 0.605363, -0.002831, 0.45207, -0.483453, -0.749603, -1.2e-05, 0.0, 0.0, 0.0, 1.0],
                [0.876137, 0.397567, 0.272623, 0.124994, 0.169812, -0.783818, 0.59732, -0.002831, 0.451162, -0.477039, -0.754246, -1.2e-05, 0.0, 0.0, 0.0, 1.0],
                [0.877129, 0.392187, 0.277189, 0.124994, 0.166951, -0.790173, 0.589706, -0.002831, 0.450302, -0.47097, -0.758561, -1.2e-05, 0.0, 0.0, 0.0, 1.0],
                [0.878033, 0.387187, 0.281325, 0.124993, 0.16434, -0.795977, 0.582591, -0.002831, 0.449501, -0.4653, -0.762526, -1.2e-05, 0.0, 0.0, 0.0, 1.0],
                [0.878846, 0.38261, 0.285022, 0.124994, 0.16199, -0.801204, 0.576045, -0.002831, 0.448763, -0.460083, -0.766116, -1.2e-05, 0.0, 0.0, 0.0, 1.0],
                [0.879566, 0.378504, 0.288267, 0.124994, 0.159915, -0.805827, 0.570147, -0.002831, 0.448097, -0.455383, -0.769308, -1.2e-05, 0.0, 0.0, 0.0, 1.0],
                [0.880187, 0.374916, 0.291047, 0.124994, 0.158127, -0.809816, 0.56497, -0.002831, 0.447512, -0.451256, -0.772076, -1.2e-05, 0.0, 0.0, 0.0, 1.0],
                [0.880706, 0.371888, 0.293351, 0.124994, 0.156636, -0.813144, 0.560588, -0.002831, 0.447013, -0.447763, -0.774394, -1.2e-05, 0.0, 0.0, 0.0, 1.0],
                [0.881119, 0.369464, 0.295168, 0.124994, 0.155456, -0.815785, 0.557069, -0.002831, 0.446611, -0.444958, -0.776241, -1.2e-05, 0.0, 0.0, 0.0, 1.0],
                [0.881421, 0.367688, 0.296482, 0.124994, 0.1546, -0.817706, 0.554485, -0.002831, 0.446313, -0.442899, -0.777589, -1.2e-05, 0.0, 0.0, 0.0, 1.0],
                [0.881607, 0.366596, 0.297281, 0.124994, 0.154076, -0.818881, 0.552895, -0.002831, 0.446128, -0.441631, -0.778416, -1.2e-05, 0.0, 0.0, 0.0, 1.0],
                [0.881669, 0.366226, 0.297551, 0.124994, 0.1539, -0.819279, 0.552353, -0.002831, 0.446064, -0.441199, -0.778697, -1.2e-05, 0.0, 0.0, 0.0, 1.0]
            ]
        },
        {
            "name": "Leg_R",
            "time": [0.0, 0.0167, 0.0333, 0.05, 0.0667, 0.0833, 0.1, 0.1167, 0.1333, 0.15, 0.1667, 0.1833, 0.2, 0.2167, 0.2333, 0.25, 0.2667, 0.2833, 0.3, 0.3167, 0.3333, 0.35, 0.3667, 0.3833, 0.4, 0.4167, 0.4333, 0.45, 0.4667, 0.4833, 0.5, 0.5167, 0.5333, 0.55, 0.5667, 0.5833, 0.6, 0.6167, 0.6333, 0.65, 0.6667, 0.6833, 0.7, 0.7167, 0.7333, 0.75, 0.7667, 0.7833, 0.8, 0.8167, 0.8333, 0.85, 0.8667, 0.8833, 0.9, 0.9167, 0.9333, 0.95, 0.9667, 0.9833, 1.0, 1.0167, 1.0333, 1.05, 1.0667, 1.0833, 1.1, 1.1167, 1.1333, 1.15, 1.1667, 1.1833, 1.2, 1.2167, 1.2333, 1.25, 1.2667, 1.2833, 1.3, 1.3167, 1.3333, 1.35, 1.3667, 1.3833, 1.4, 1.4167, 1.4333, 1.45, 1.4667, 1.4833, 1.5, 1.5167, 1.5333, 1.55, 1.5667, 1.5833, 1.6, 1.6167, 1.6333, 1.65, 1.6667],
            "transform": [
                [1.0, -1e-06, 1e-06, 0.0, -0.0, 0.472521, 0.881319, 0.374726, -1e-06, -0.881321, 0.472518, 0.0, 0.0, 0.0, 0.0, 1.0],
                [1.0, -1e-06, 1e-06, 0.0, -0.0, 0.473421, 0.880835, 0.374726, -1e-06, -0.880839, 0.473418, -0.0, 0.0, 0.0, 0.0, 1.0],
                [1.0, -1e-06, 1e-06, -0.0, -0.0, 0.47656, 0.879141, 0.374726, -1e-06, -0.879144, 0.476557, 0.0, 0.0, 0.0, 0.0, 1.0],
                [1.0, -1e-06, 1e-06, 0.0, -0.0, 0.482617, 0.875831, 0.374726, -1e-06, -0.875834, 0.482614, -0.0, 0.0, 0.0, 0.0, 1.0],
                [1.000001, -1e-06, 1e-06, -0.0, -0.0, 0.492316, 0.870416, 0.374726, -1e-06, -0.870419, 0.492312, -0.0, 0.0, 0.0, 0.0, 1.0],
                [1.0, -1e-06, 1e-06, -0.0, -0.0, 0.506468, 0.862258, 0.374726, -1e-06, -0.862261, 0.506465, -0.0, 0.0, 0.0, 0.0, 1.0],
                [1.0, -1e-06, 1e-06, -0.0, -0.0, 0.526069, 0.850441, 0.374726, -1e-06, -0.850444, 0.526066, -0.0, 0.0, 0.0, 0.0, 1.0],
                [1.0, -0.0, 1e-06, 0.0, -0.0, 0.55241, 0.833572, 0.374726, -1e-06, -0.833575, 0.552406, -0.0, 0.0, 0.0, 0.0, 1.0],
                [1.000001, -1e-06, 1e-06, -0.0, -0.0, 0.587269, 0.809392, 0.374726, -1e-06, -0.809395, 0.587264, 0.0, 0.0, 0.0, 0.0, 1.0],
                [1.000001, -1e-06, 1e-06, -0.0, -0.0, 0.633149, 0.774031, 0.374726, -1e-06, -0.774034, 0.633144, 0.0, 0.0, 0.0, 0.0, 1.0],
                [1.0, -1e-06, 1e-06, 0.0, -0.0, 0.693611, 0.720351, 0.374726, -1e-06, -0.720354, 0.693606, -0.0, 0.0, 0.0, 0.0, 1.0],
                [1.0, -0.0, 1e-06, 0.0, -0.0, 0.773635, 0.633635, 0.374726, -1e-06, -0.633638, 0.773627, 0.0, 0.0, 0.0, 0.0, 1.0],
                [1.0, -1e-06, -0.0, 0.0, -0.0, -0.493644, 0.869664, 0.374726, -1e-06, -0.869666, -0.493642, 0.0, 0.0, 0.0, 0.0, 1.0],
                [1.0, -1e-06, -0.0, -0.0, -0.0, -0.493644, 0.869664, 0.374726, -1e-06, -0.869666, -0.493641, -0.0, 0.0, 0.0, 0.0, 1.0],
                [1.0, -1e-06, -0.0, 0.0, -0.0, -0.436258, 0.89982, 0.374726, -0.0, -0.899823, -0.436256, -0.0, 0.0, 0.0, 0.0, 1.0],
                [1.0, -1e-06, 0.0, 0.0, -0.0, -0.097029, 0.995281, 0.374726, -1e-06, -0.995283, -0.097028, -0.0, 0.0, 0.0, 0.0, 1.0],
                [1.000001, -1e-06, 1e-06, -0.0, -0.0, 0.449065, 0.893499, 0.374726, -1e-06, -0.893501, 0.449061, -0.0, 0.0, 0.0, 0.0, 1.0],
                [1.0, -0.0, 1e-06, -0.0, -0.0, 0.79047, 0.612503, 0.374726, -1e-06, -0.612506, 0.790464, 0.0, 0.0, 0.0, 0.0, 1.0],
                [1.0, -0.0, 1e-06, -0.0, -0.0, 0.911918, 0.410379, 0.374726, -1e-06, -0.410382, 0.91191, -0.0, 0.0, 0.0, 0.0, 1.0],
                [1.0, -0.0, 1e-06, 0.0, -0.0, 0.931595, 0.363506, 0.374726, -1e-06, -0.363508, 0.931587, 0.0, 0.0, 0.0, 0.0, 1.0],
                [1.0, -0.0, 1e-06, -0.0, -0.0, 0.872651, 0.488349, 0.374726, -1e-06, -0.488352, 0.872643, -0.0, 0.0, 0.0, 0.0, 1.0],
                [1.0, -0.0, 1e-06, -0.0, -0.0, 0.789093, 0.614275, 0.374726, -1e-06, -0.614278, 0.789089, 0.0, 0.0, 0.0, 0.0, 1.0],
                [1.0, -0.0, 1e-06, -0.0, -0.0, 0.769664, 0.638451, 0.374726, -1e-06, -0.638454, 0.769658, -0.0, 0.0, 0.0, 0.0, 1.0],
                [1.0, -0.0, 1e-06, 0.0, -0.0, 0.795239, 0.606299, 0.374726, -1e-06, -0.606302, 0.795232, -0.0, 0.0, 0.0, 0.0, 1.0],
                [1.0, -0.0, 1e-06, -0.0, -0.0, 0.8342, 0.551465, 0.374726, -1e-06, -0.551467, 0.834194, -0.0, 0.0, 0.0, 0.0, 1.0],
                [1.0, -0.0, 1e-06, 0.0, -0.0, 0.851772, 0.523918, 0.374726, -1e-06, -0.523921, 0.851764, 0.0, 0.0, 0.0, 0.0, 1.0],
                [1.0, -0.0, 1e-06, -0.0, -0.0, 0.851771, 0.523918, 0.374726, -1e-06, -0.523921, 0.851764, 0.0, 0.0, 0.0, 0.0, 1.0],
                [1.0, -0.0, 1e-06, 0.0, -0.0, 0.851772, 0.523917, 0.374726, -1e-06, -0.52392, 0.851764, -0.0, 0.0, 0.0, 0.0, 1.0],
                [1.0, -0.0, 1e-06, 0.0, -0.0, 0.851772, 0.523917, 0.374726, -1e-06, -0.52392, 0.851764, -0.0, 0.0, 0.0, 0.0, 1.0],
                [1.0, -0.0, 1e-06, 0.0, -0.0, 0.851772, 0.523917, 0.374726, -1e-06, -0.52392, 0.851764, -0.0, 0.0, 0.0, 0.0, 1.0],
                [1.0, -1e-06, 0.0, 0.0, -0.0, -0.052424, 0.998624, 0.374726, -1e-06, -0.998626, -0.052424, 0.0, 0.0, 0.0, 0.0, 1.0],
                [1.000001, -1e-06, 1e-06, 0.0, -0.0, 0.18436, 0.982858, 0.374726, -1e-06, -0.98286, 0.184359, -0.0, 0.0, 0.0, 0.0, 1.0],
                [1.0, -0.0, 1e-06, -0.0, -0.0, 0.912187, 0.409783, 0.374726, -1e-06, -0.409785, 0.912177, 0.0, 0.0, 0.0, 0.0, 1.0],
                [1.000001, -1e-06, 1e-06, 0.0, -0.0, 0.899611, 0.4367, 0.374726, -1e-06, -0.436703, 0.899602, -0.0, 0.0, 0.0, 0.0, 1.0],
                [1.0, -1e-06, 0.0, -0.0, -0.0, 0.28413, 0.958785, 0.374726, -1e-06, -0.958787, 0.284128, -0.0, 0.0, 0.0, 0.0, 1.0],
                [1.000001, -1e-06, 0.0, 0.0, -0.0, -0.292354, 0.956309, 0.374726, -1e-06, -0.956311, -0.292352, -0.0, 0.0, 0.0, 0.0, 1.0],
                [1.000001, -1e-06, -0.0, 0.0, -0.0, -0.448406, 0.893829, 0.374726, -1e-06, -0.893832, -0.448403, 0.0, 0.0, 0.0, 0.0, 1.0],
