{
    "animation": [
        {
            "name": "Root",
            "time": [0.0, 0.0111, 0.0222, 0.0333, 0.0444, 0.0556, 0.0667, 0.0778, 0.0889, 0.1, 0.1111, 0.1222, 0.1333, 0.1444, 0.1556, 0.1667, 0.1778, 0.1889, 0.2, 0.2111, 0.2222, 0.2333, 0.2444, 0.2556, 0.2667, 0.2778, 0.2889, 0.3, 0.3111, 0.3222, 0.3333, 0.3444, 0.3556, 0.3667, 0.3778, 0.3889, 0.4, 0.4111, 0.4222, 0.4333, 0.4444, 0.4556, 0.4667, 0.4778, 0.4889, 0.5, 0.5111, 0.5222, 0.5333, 0.5444, 0.5556],
            "transform": [
                [0.899785, 0.0, 0.436335, -5e-06, 0.436335, 0.0, -0.899785, 0.6367, 0.0, 1.0, 0.0, 0.561964, 0.0, 0.0, 0.0, 1.0],
                [0.899785, 0.0, 0.436335, -5e-06, 0.436335, 0.0, -0.899785, 0.6367, 0.0, 1.0, 0.0, 0.561964, 0.0, 0.0, 0.0, 1.0],
                [0.899785, 0.0, 0.436335, -5e-06, 0.436335, 0.0, -0.899785, 0.6367, 0.0, 1.0, 0.0, 0.561964, 0.0, 0.0, 0.0, 1.0],
                [0.917816, 0.0, 0.397006, -5e-06, 0.397006, 0.0, -0.917816, 0.637518, 0.0, 1.0, 0.0, 0.568342, 0.0, 0.0, 0.0, 1.0],
                [0.953992, 0.0, 0.299834, -5e-06, 0.299834, 0.0, -0.953992, 0.641923, 0.0, 1.0, 0.0, 0.583551, 0.0, 0.0, 0.0, 1.0],
                [0.983787, 0.0, 0.17934, -5e-06, 0.17934, 0.0, -0.983787, 0.652844, 0.0, 1.0, 0.0, 0.601703, 0.0, 0.0, 0.0, 1.0],
                [0.997069, 0.0, 0.076506, -5e-06, 0.076506, 0.0, -0.997069, 0.673207, 0.0, 1.0, 0.0, 0.616912, 0.0, 0.0, 0.0, 1.0],
                [0.999445, 0.0, 0.033307, -5e-06, 0.033307, 0.0, -0.999445, 0.705942, 0.0, 1.0, 0.0, 0.62329, 0.0, 0.0, 0.0, 1.0],
                [0.999445, 0.0, 0.033307, -5e-06, 0.033307, 0.0, -0.999445, 0.752683, 0.0, 1.0, 0.0, 0.62329, 0.0, 0.0, 0.0, 1.0],
                [0.999445, 0.0, 0.033307, -5e-06, 0.033307, 0.0, -0.999445, 0.809896, 0.0, 1.0, 0.0, 0.62329, 0.0, 0.0, 0.0, 1.0],
                [0.999445, 0.0, 0.033307, -5e-06, 0.033307, 0.0, -0.999445, 0.872756, 0.0, 1.0, 0.0, 0.62329, 0.0, 0.0, 0.0, 1.0],
                [0.999445, 0.0, 0.033307, -5e-06, 0.033307, 0.0, -0.999445, 0.936438, 0.0, 1.0, 0.0, 0.62329, 0.0, 0.0, 0.0, 1.0],
                [0.999445, 0.0, 0.033307, -5e-06, 0.033307, 0.0, -0.999445, 0.996114, 0.0, 1.0, 0.0, 0.62329, 0.0, 0.0, 0.0, 1.0],
                [0.999445, 0.0, 0.033307, -5e-06, 0.033307, 0.0, -0.999445, 1.04696, 0.0, 1.0, 0.0, 0.62329, 0.0, 0.0, 0.0, 1.0],
                [0.999445, 0.0, 0.033307, -5e-06, 0.033307, 0.0, -0.999445, 1.087092, 0.0, 1.0, 0.0, 0.62329, 0.0, 0.0, 0.0, 1.0],
                [0.999445, 0.0, 0.033307, -5e-06, 0.033307, 0.0, -0.999445, 1.118597, 0.0, 1.0, 0.0, 0.62329, 0.0, 0.0, 0.0, 1.0],
                [0.999445, 0.0, 0.033307, -5e-06, 0.033307, 0.0, -0.999445, 1.142613, 0.0, 1.0, 0.0, 0.62329, 0.0, 0.0, 0.0, 1.0],
                [0.999445, 0.0, 0.033307, -5e-06, 0.033307, 0.0, -0.999445, 1.160274, 0.0, 1.0, 0.0, 0.62329, 0.0, 0.0, 0.0, 1.0],
                [0.999445, 0.0, 0.033307, -5e-06, 0.033307, 0.0, -0.999445, 1.172716, 0.0, 1.0, 0.0, 0.62329, 0.0, 0.0, 0.0, 1.0],
                [0.999445, 0.0, 0.033307, -5e-06, 0.033307, 0.0, -0.999445, 1.181073, 0.0, 1.0, 0.0, 0.62329, 0.0, 0.0, 0.0, 1.0],
                [0.999445, 0.0, 0.033307, -5e-06, 0.033307, 0.0, -0.999445, 1.186481, 0.0, 1.0, 0.0, 0.62329, 0.0, 0.0, 0.0, 1.0],
                [0.999445, 0.0, 0.033307, -5e-06, 0.033307, 0.0, -0.999445, 1.190077, 0.0, 1.0, 0.0, 0.62329, 0.0, 0.0, 0.0, 1.0],
                [0.999445, 0.0, 0.033307, -5e-06, 0.033307, 0.0, -0.999445, 1.192994, 0.0, 1.0, 0.0, 0.62329, 0.0, 0.0, 0.0, 1.0],
                [0.999445, 0.0, 0.033307, -5e-06, 0.033307, 0.0, -0.999445, 1.196368, 0.0, 1.0, 0.0, 0.62329, 0.0, 0.0, 0.0, 1.0],
                [0.999275, 0.0, 0.038072, -5e-06, 0.038072, 0.0, -0.999275, 1.201104, 0.0, 1.0, 0.0, 0.62329, 0.0, 0.0, 0.0, 1.0],
                [0.998673, 0.0, 0.05149, -5e-06, 0.05149, 0.0, -0.998673, 1.207185, 0.0, 1.0, 0.0, 0.62329, 0.0, 0.0, 0.0, 1.0],
                [0.997388, 0.0, 0.072236, -5e-06, 0.072236, 0.0, -0.997388, 1.214363, 0.0, 1.0, 0.0, 0.62329, 0.0, 0.0, 0.0, 1.0],
                [0.99509, 0.0, 0.098973, -5e-06, 0.098973, 0.0, -0.99509, 1.222391, 0.0, 1.0, 0.0, 0.62329, 0.0, 0.0, 0.0, 1.0],
                [0.99147, 0.0, 0.130332, -5e-06, 0.130332, 0.0, -0.99147, 1.231019, 0.0, 1.0, 0.0, 0.62329, 0.0, 0.0, 0.0, 1.0],
                [0.986308, 0.0, 0.164915, -5e-06, 0.164915, 0.0, -0.986308, 1.240002, 0.0, 1.0, 0.0, 0.62329, 0.0, 0.0, 0.0, 1.0],
                [0.979529, 0.0, 0.201302, -5e-06, 0.201302, 0.0, -0.979529, 1.249091, 0.0, 1.0, 0.0, 0.62329, 0.0, 0.0, 0.0, 1.0],
                [0.971246, 0.0, 0.238077, -5e-06, 0.238077, 0.0, -0.971246, 1.258039, 0.0, 1.0, 0.0, 0.62329, 0.0, 0.0, 0.0, 1.0],
                [0.96177, 0.0, 0.273857, -5e-06, 0.273857, 0.0, -0.96177, 1.266597, 0.0, 1.0, 0.0, 0.62329, 0.0, 0.0, 0.0, 1.0],
                [0.951608, 0.0, 0.307313, -5e-06, 0.307313, 0.0, -0.951608, 1.274518, 0.0, 1.0, 0.0, 0.62329, 0.0, 0.0, 0.0, 1.0],
                [0.941434, 0.0, 0.337196, -5e-06, 0.337196, 0.0, -0.941434, 1.281555, 0.0, 1.0, 0.0, 0.62329, 0.0, 0.0, 0.0, 1.0],
                [0.932047, 0.0, 0.362336, -5e-06, 0.362336, 0.0, -0.932047, 1.287459, 0.0, 1.0, 0.0, 0.62329, 0.0, 0.0, 0.0, 1.0],
                [0.924315, 0.0, 0.381631, -5e-06, 0.381631, 0.0, -0.924315, 1.291983, 0.0, 1.0, 0.0, 0.62329, 0.0, 0.0, 0.0, 1.0],
                [0.919106, 0.0, 0.39401, -5e-06, 0.39401, 0.0, -0.919106, 1.294878, 0.0, 1.0, 0.0, 0.62329, 0.0, 0.0, 0.0, 1.0],
                [0.917216, 0.0, 0.398389, -5e-06, 0.398389, 0.0, -0.917216, 1.295899, 0.0, 1.0, 0.0, 0.62329, 0.0, 0.0, 0.0, 1.0],
                [0.917216, 0.0, 0.398389, -5e-06, 0.398389, 0.0, -0.917216, 1.295899, 0.0, 1.0, 0.0, 0.62329, 0.0, 0.0, 0.0, 1.0],
                [0.917216, 0.0, 0.398389, -5e-06, 0.398389, 0.0, -0.917216, 1.295899, 0.0, 1.0, 0.0, 0.62329, 0.0, 0.0, 0.0, 1.0],
                [0.917216, 0.0, 0.398389, -5e-06, 0.398389, 0.0, -0.917216, 1.295899, 0.0, 1.0, 0.0, 0.62329, 0.0, 0.0, 0.0, 1.0],
                [0.917216, 0.0, 0.398389, -5e-06, 0.398389, 0.0, -0.917216, 1.295899, 0.0, 1.0, 0.0, 0.62329, 0.0, 0.0, 0.0, 1.0],
                [0.917216, 0.0, 0.398389, -5e-06, 0.398389, 0.0, -0.917216, 1.295899, 0.0, 1.0, 0.0, 0.62329, 0.0, 0.0, 0.0, 1.0],
                [0.917216, 0.0, 0.398389, -5e-06, 0.398389, 0.0, -0.917216, 1.295899, 0.0, 1.0, 0.0, 0.62329, 0.0, 0.0, 0.0, 1.0],
                [0.917216, 0.0, 0.398389, -5e-06, 0.398389, 0.0, -0.917216, 1.295899, 0.0, 1.0, 0.0, 0.62329, 0.0, 0.0, 0.0, 1.0],
                [0.917216, 0.0, 0.398389, -5e-06, 0.398389, 0.0, -0.917216, 1.295899, 0.0, 1.0, 0.0, 0.62329, 0.0, 0.0, 0.0, 1.0],
                [0.917216, 0.0, 0.398389, -5e-06, 0.398389, 0.0, -0.917216, 1.295899, 0.0, 1.0, 0.0, 0.62329, 0.0, 0.0, 0.0, 1.0],
                [0.917216, 0.0, 0.398389, -5e-06, 0.398389, 0.0, -0.917216, 1.295899, 0.0, 1.0, 0.0, 0.62329, 0.0, 0.0, 0.0, 1.0],
                [0.917216, 0.0, 0.398389, -5e-06, 0.398389, 0.0, -0.917216, 1.295899, 0.0, 1.0, 0.0, 0.62329, 0.0, 0.0, 0.0, 1.0],
                [0.917216, 0.0, 0.398389, -5e-06, 0.398389, 0.0, -0.917216, 1.295899, 0.0, 1.0, 0.0, 0.62329, 0.0, 0.0, 0.0, 1.0]
            ]
        },
        {
            "name": "Thigh_R",
            "time": [0.0, 0.0111, 0.0222, 0.0333, 0.0444, 0.0556, 0.0667, 0.0778, 0.0889, 0.1, 0.1111, 0.1222, 0.1333, 0.1444, 0.1556, 0.1667, 0.1778, 0.1889, 0.2, 0.2111, 0.2222, 0.2333, 0.2444, 0.2556, 0.2667, 0.2778, 0.2889, 0.3, 0.3111, 0.3222, 0.3333, 0.3444, 0.3556, 0.3667, 0.3778, 0.3889, 0.4, 0.4111, 0.4222, 0.4333, 0.4444, 0.4556, 0.4667, 0.4778, 0.4889, 0.5, 0.5111, 0.5222, 0.5333, 0.5444, 0.5556],
            "transform": [
                [0.785853, 0.551215, 0.280351, 0.124994, 0.013069, -0.46804, 0.883611, -0.002831, 0.618275, -0.690722, -0.375015, -1.2e-05, 0.0, 0.0, 0.0, 1.0],
                [0.785853, 0.551215, 0.280351, 0.124994, 0.013069, -0.46804, 0.883611, -0.002831, 0.618275, -0.690722, -0.375015, -1.2e-05, 0.0, 0.0, 0.0, 1.0],
                [0.785853, 0.551215, 0.280351, 0.124994, 0.013069, -0.46804, 0.883611, -0.002831, 0.618275, -0.690722, -0.375015, -1.2e-05, 0.0, 0.0, 0.0, 1.0],
                [0.814495, 0.511812, 0.273213, 0.124994, 0.011654, -0.485256, 0.874295, -0.002831, 0.580053, -0.708923, -0.401204, -1.2e-05, 0.0, 0.0, 0.0, 1.0],
                [0.874814, 0.41632, 0.247743, 0.124994, 0.009794, -0.526475, 0.850134, -0.002831, 0.484359, -0.741282, -0.464646, -1.2e-05, 0.0, 0.0, 0.0, 1.0],
                [0.931332, 0.303402, 0.20141, 0.124994, 0.010657, -0.575537, 0.817706, -0.002831, 0.364013, -0.759408, -0.539251, -1.2e-05, 0.0, 0.0, 0.0, 1.0],
                [0.96527, 0.214848, 0.14864, 0.124994, 0.01562, -0.615389, 0.788068, -0.002831, 0.260787, -0.758375, -0.597374, -1.2e-05, 0.0, 0.0, 0.0, 1.0],
                [0.975443, 0.18472, 0.119952, 0.124994, 0.024438, -0.632024, 0.774563, -0.002831, 0.218891, -0.752609, -0.62102, -1.2e-05, 0.0, 0.0, 0.0, 1.0],
                [0.974807, 0.192215, 0.11315, 0.124994, 0.037306, -0.640653, 0.766923, -0.002831, 0.219904, -0.74338, -0.631686, -1.2e-05, 0.0, 0.0, 0.0, 1.0],
                [0.974757, 0.196816, 0.105409, 0.124994, 0.053429, -0.664036, 0.745788, -0.002831, 0.216779, -0.721329, -0.657791, -1.2e-05, 0.0, 0.0, 0.0, 1.0],
                [0.975159, 0.198067, 0.099161, 0.124994, 0.070788, -0.702867, 0.70779, -0.002831, 0.209887, -0.683187, -0.69943, -1.2e-05, 0.0, 0.0, 0.0, 1.0],
                [0.97587, 0.196276, 0.095669, 0.124994, 0.087361, -0.752515, 0.652754, -0.002831, 0.200112, -0.628645, -0.751505, -1.2e-05, 0.0, 0.0, 0.0, 1.0],
                [0.976794, 0.192109, 0.094697, 0.124994, 0.10163, -0.804919, 0.584615, -0.002831, 0.188533, -0.561423, -0.805766, -1.2e-05, 0.0, 0.0, 0.0, 1.0],
                [0.977884, 0.186453, 0.094749, 0.124994, 0.112796, -0.85166, 0.51181, -0.002831, 0.176122, -0.489803, -0.853858, -1.2e-05, 0.0, 0.0, 0.0, 1.0],
                [0.979038, 0.180283, 0.094777, 0.124994, 0.120482, -0.887796, 0.444185, -0.002831, 0.164222, -0.423454, -0.890909, -1.2e-05, 0.0, 0.0, 0.0, 1.0],
                [0.98014, 0.174234, 0.094699, 0.124994, 0.125194, -0.914007, 0.385896, -0.002831, 0.153792, -0.366375, -0.91767, -1.2e-05, 0.0, 0.0, 0.0, 1.0],
                [0.98115, 0.168732, 0.0942, 0.124994, 0.127837, -0.932275, 0.338405, -0.002831, 0.14492, -0.319983, -0.936274, -1.2e-05, 0.0, 0.0, 0.0, 1.0],
                [0.982334, 0.167756, 0.082924, 0.124994, 0.125452, -0.919165, 0.373356, -0.002831, 0.138854, -0.356356, -0.923975, -1.2e-05, 0.0, 0.0, 0.0, 1.0],
                [0.983796, 0.170001, 0.05697, 0.124994, 0.11689, -0.84908, 0.515167, -0.002831, 0.135951, -0.500159, -0.855195, -1.2e-05, 0.0, 0.0, 0.0, 1.0],
                [0.985275, 0.168816, 0.027085, 0.124994, 0.104314, -0.71905, 0.687084, -0.002831, 0.135466, -0.67414, -0.726074, -1.2e-05, 0.0, 0.0, 0.0, 1.0],
                [0.986524, 0.163593, 0.002633, 0.124994, 0.089533, -0.553242, 0.828195, -0.002831, 0.136944, -0.816797, -0.560435, -1.2e-05, 0.0, 0.0, 0.0, 1.0],
                [0.987301, 0.158386, -0.012273, 0.124994, 0.075561, -0.40024, 0.91329, -0.002831, 0.13974, -0.902617, -0.407126, -1.2e-05, 0.0, 0.0, 0.0, 1.0],
                [0.987654, 0.155435, -0.019486, 0.124994, 0.064673, -0.291281, 0.954449, -0.002831, 0.142679, -0.943923, -0.297738, -1.2e-05, 0.0, 0.0, 0.0, 1.0],
                [0.987869, 0.154933, -0.010509, 0.124994, 0.043632, -0.211978, 0.9763, -0.002831, 0.149034, -0.964913, -0.216167, -1.2e-05, 0.0, 0.0, 0.0, 1.0],
                [0.98592, 0.163514, 0.034997, 0.124994, 0.000411, -0.211659, 0.977344, -0.002831, 0.167217, -0.963566, -0.208747, -1.2e-05, 0.0, 0.0, 0.0, 1.0],
                [0.981167, 0.172746, 0.086432, 0.124994, -0.030736, -0.302134, 0.95277, -0.002831, 0.190701, -0.937481, -0.291135, -1.2e-05, 0.0, 0.0, 0.0, 1.0],
                [0.975737, 0.184738, 0.117514, 0.124994, -0.040331, -0.375888, 0.925787, -0.002831, 0.2152, -0.908062, -0.359318, -1.2e-05, 0.0, 0.0, 0.0, 1.0],
                [0.968065, 0.200286, 0.150782, 0.124994, -0.050202, -0.434395, 0.899323, -0.002831, 0.245621, -0.87817, -0.410469, -1.2e-05, 0.0, 0.0, 0.0, 1.0],
                [0.958115, 0.218689, 0.184906, 0.124994, -0.059651, -0.479105, 0.875728, -0.002831, 0.280102, -0.850077, -0.445993, -1.2e-05, 0.0, 0.0, 0.0, 1.0],
                [0.946068, 0.239425, 0.218245, 0.124994, -0.068052, -0.511759, 0.856429, -0.002831, 0.31674, -0.82509, -0.467867, -1.2e-05, 0.0, 0.0, 0.0, 1.0],
                [0.932409, 0.261893, 0.249049, 0.124994, -0.074802, -0.534341, 0.841952, -0.002831, 0.353579, -0.803671, -0.478635, -1.2e-05, 0.0, 0.0, 0.0, 1.0],
                [0.917974, 0.285227, 0.275625, 0.124994, -0.079285, -0.54892, 0.832106, -0.002831, 0.388635, -0.785703, -0.481282, -1.2e-05, 0.0, 0.0, 0.0, 1.0],
                [0.903956, 0.308222, 0.296418, 0.124994, -0.080856, -0.557469, 0.826251, -0.002831, 0.419912, -0.77086, -0.479006, -1.2e-05, 0.0, 0.0, 0.0, 1.0],
                [0.891847, 0.329375, 0.310031, 0.124994, -0.078824, -0.561746, 0.823546, -0.002831, 0.445415, -0.758914, -0.47503, -1.2e-05, 0.0, 0.0, 0.0, 1.0],
                [0.883322, 0.346981, 0.315192, 0.124994, -0.072435, -0.563275, 0.823088, -0.002831, 0.463136, -0.749881, -0.472421, -1.2e-05, 0.0, 0.0, 0.0, 1.0],
                [0.880021, 0.359232, 0.310668, 0.124994, -0.060866, -0.563427, 0.82392, -0.002831, 0.471018, -0.743975, -0.473964, -1.2e-05, 0.0, 0.0, 0.0, 1.0],
                [0.882695, 0.363915, 0.297347, 0.124994, -0.045599, -0.563415, 0.824914, -0.002831, 0.467729, -0.741705, -0.480731, -1.2e-05, 0.0, 0.0, 0.0, 1.0],
                [0.891459, 0.359284, 0.27607, 0.124994, -0.028625, -0.563415, 0.825678, -0.002831, 0.452195, -0.743959, -0.491979, -1.2e-05, 0.0, 0.0, 0.0, 1.0],
                [0.906203, 0.344284, 0.245487, 0.124994, -0.009815, -0.563279, 0.826209, -0.002831, 0.422728, -0.751121, -0.507067, -1.2e-05, 0.0, 0.0, 0.0, 1.0],
                [0.941046, 0.296637, 0.162599, 0.124994, 0.035205, -0.563934, 0.825069, -0.002831, 0.336441, -0.770702, -0.541132, -1.2e-05, 0.0, 0.0, 0.0, 1.0],
                [0.911817, 0.33755, 0.233772, 0.124994, -0.003339, -0.56323, 0.826293, -0.002831, 0.410583, -0.754207, -0.512437, -1.2e-05, 0.0, 0.0, 0.0, 1.0],
                [0.911817, 0.33755, 0.233772, 0.124994, -0.003339, -0.56323, 0.826293, -0.002831, 0.410583, -0.754207, -0.512437, -1.2e-05, 0.0, 0.0, 0.0, 1.0],
                [0.911817, 0.33755, 0.233772, 0.124994, -0.003339, -0.56323, 0.826293, -0.002831, 0.410583, -0.754207, -0.512437, -1.2e-05, 0.0, 0.0, 0.0, 1.0],
                [0.911817, 0.33755, 0.233772, 0.124994, -0.003339, -0.56323, 0.826293, -0.002831, 0.410583, -0.754207, -0.512437, -1.2e-05, 0.0, 0.0, 0.0, 1.0],
                [0.911817, 0.33755, 0.233772, 0.124994, -0.003339, -0.56323, 0.826293, -0.002831, 0.410583, -0.754207, -0.512437, -1.2e-05, 0.0, 0.0, 0.0, 1.0],
                [0.911817, 0.33755, 0.233772, 0.124994, -0.003339, -0.56323, 0.826293, -0.002831, 0.410583, -0.754207, -0.512437, -1.2e-05, 0.0, 0.0, 0.0, 1.0],
                [0.911817, 0.33755, 0.233772, 0.124994, -0.003339, -0.56323, 0.826293, -0.002831, 0.410583, -0.754207, -0.512437, -1.2e-05, 0.0, 0.0, 0.0, 1.0],
                [0.911817, 0.33755, 0.233772, 0.124994, -0.003339, -0.56323, 0.826293, -0.002831, 0.410583, -0.754207, -0.512437, -1.2e-05, 0.0, 0.0, 0.0, 1.0],
                [0.911817, 0.33755, 0.233772, 0.124994, -0.003339, -0.56323, 0.826293, -0.002831, 0.410583, -0.754207, -0.512437, -1.2e-05, 0.0, 0.0, 0.0, 1.0],
                [0.911817, 0.33755, 0.233772, 0.124994, -0.003339, -0.56323, 0.826293, -0.002831, 0.410583, -0.754207, -0.512437, -1.2e-05, 0.0, 0.0, 0.0, 1.0],
                [0.911817, 0.33755, 0.233772, 0.124994, -0.003339, -0.56323, 0.826293, -0.002831, 0.410583, -0.754207, -0.512437, -1.2e-05, 0.0, 0.0, 0.0, 1.0]
            ]
        },
        {
            "name": "Leg_R",
            "time": [0.0, 0.0111, 0.0222, 0.0333, 0.0444, 0.0556, 0.0667, 0.0778, 0.0889, 0.1, 0.1111, 0.1222, 0.1333, 0.1444, 0.1556, 0.1667, 0.1778, 0.1889, 0.2, 0.2111, 0.2222, 0.2333, 0.2444, 0.2556, 0.2667, 0.2778, 0.2889, 0.3, 0.3111, 0.3222, 0.3333, 0.3444, 0.3556, 0.3667, 0.3778, 0.3889, 0.4, 0.4111, 0.4222, 0.4333, 0.4444, 0.4556, 0.4667, 0.4778, 0.4889, 0.5, 0.5111, 0.5222, 0.5333, 0.5444, 0.5556],
            "transform": [
                [1.0, -1e-06, 1e-06, 0.0, -0.0, 0.486878, 0.873469, 0.374726, -1e-06, -0.873471, 0.486877, 0.0, 0.0, 0.0, 0.0, 1.0],
                [1.0, -1e-06, 1e-06, 0.0, -0.0, 0.486878, 0.873469, 0.374726, -1e-06, -0.873471, 0.486877, 0.0, 0.0, 0.0, 0.0, 1.0],
                [1.0, -1e-06, 1e-06, 0.0, -0.0, 0.486878, 0.873469, 0.374726, -1e-06, -0.873471, 0.486877, 0.0, 0.0, 0.0, 0.0, 1.0],
                [1.0, -1e-06, 1e-06, -0.0, -0.0, 0.511048, 0.859551, 0.374726, -1e-06, -0.859554, 0.511047, -0.0, 0.0, 0.0, 0.0, 1.0],
                [1.0, -1e-06, 1e-06, -0.0, -0.0, 0.565677, 0.824626, 0.374726, -1e-06, -0.824629, 0.565675, 0.0, 0.0, 0.0, 0.0, 1.0],
                [1.0, -1e-06, 1e-06, 0.0, -0.0, 0.62232, 0.782762, 0.374726, -1e-06, -0.782765, 0.622318, 0.0, 0.0, 0.0, 0.0, 1.0],
                [1.0, -1e-06, 1e-06, -0.0, -0.0, 0.648444, 0.761262, 0.374726, -1e-06, -0.761265, 0.648442, -0.0, 0.0, 0.0, 0.0, 1.0],
                [1.0, -1e-06, 1e-06, 0.0, -0.0, 0.611663, 0.791117, 0.374726, -1e-06, -0.79112, 0.611661, -0.0, 0.0, 0.0, 0.0, 1.0],
                [1.0, -1e-06, 1e-06, 0.0, -0.0, 0.52808, 0.849193, 0.374726, -1e-06, -0.849196, 0.528079, 0.0, 0.0, 0.0, 0.0, 1.0],
                [1.0, -1e-06, 1e-06, -0.0, -0.0, 0.44489, 0.895584, 0.374726, -1e-06, -0.895586, 0.444889, 0.0, 0.0, 0.0, 0.0, 1.0],
                [1.0, -1e-06, 0.0, -0.0, -0.0, 0.37761, 0.925964, 0.374726, -1e-06, -0.925966, 0.377609, 0.0, 0.0, 0.0, 0.0, 1.0],
                [1.0, -1e-06, 1e-06, 0.0, -0.0, 0.335609, 0.942, 0.374726, -1e-06, -0.942002, 0.335608, 0.0, 0.0, 0.0, 0.0, 1.0],
                [1.0, -1e-06, 0.0, 0.0, -0.0, 0.321243, 0.946996, 0.374726, -1e-06, -0.946998, 0.321242, -0.0, 0.0, 0.0, 0.0, 1.0],
                [1.0, -1e-06, 0.0, -0.0, -0.0, 0.330236, 0.943897, 0.374726, -1e-06, -0.943899, 0.330235, -0.0, 0.0, 0.0, 0.0, 1.0],
                [1.0, -1e-06, 1e-06, 0.0, -0.0, 0.351967, 0.936012, 0.374726, -1e-06, -0.936014, 0.351966, 0.0, 0.0, 0.0, 0.0, 1.0],
                [1.0, -1e-06, 1e-06, 0.0, -0.0, 0.377058, 0.926189, 0.374726, -1e-06, -0.926191, 0.377057, -0.0, 0.0, 0.0, 0.0, 1.0],
                [1.0, -1e-06, 1e-06, 0.0, -0.0, 0.400927, 0.916109, 0.374726, -1e-06, -0.916111, 0.400926, 0.0, 0.0, 0.0, 0.0, 1.0],
                [1.0, -1e-06, 0.0, 0.0, -0.0, 0.354661, 0.934994, 0.374726, -1e-06, -0.934996, 0.35466, -0.0, 0.0, 0.0, 0.0, 1.0],
                [1.0, -1e-06, 0.0, -0.0, -0.0, 0.217928, 0.975964, 0.374726, -1e-06, -0.975966, 0.217927, 0.0, 0.0, 0.0, 0.0, 1.0],
                [1.0, -1e-06, 0.0, 0.0, -0.0, 0.072226, 0.997387, 0.374726, -1e-06, -0.997389, 0.072226, 0.0, 0.0, 0.0, 0.0, 1.0],
                [1.0, -1e-06, 0.0, 0.0, -0.0, -0.02977, 0.999556, 0.374726, -1e-06, -0.999558, -0.02977, -0.0, 0.0, 0.0, 0.0, 1.0],
                [1.0, -1e-06, 0.0, -0.0, -0.0, -0.089284, 0.996005, 0.374726, -1e-06, -0.996007, -0.089284, 0.0, 0.0, 0.0, 0.0, 1.0],
                [1.0, -1e-06, 0.0, -0.0, -0.0, -0.129367, 0.991596, 0.374726, -1e-06, -0.991598, -0.129367, 0.0, 0.0, 0.0, 0.0, 1.0],
                [1.0, -1e-06, 0.0, 0.0, -0.0, -0.078038, 0.996949, 0.374726, -1e-06, -0.996951, -0.078038, 0.0, 0.0, 0.0, 0.0, 1.0],
                [1.0, -1e-06, 0.0, -0.0, -0.0, 0.177497, 0.98412, 0.374726, -1e-06, -0.984122, 0.177497, 0.0, 0.0, 0.0, 0.0, 1.0],
                [1.000001, -1e-06, 1e-06, 0.0, -0.0, 0.421548, 0.906805, 0.374726, -1e-06, -0.906807, 0.421547, 0.0, 0.0, 0.0, 0.0, 1.0],
                [1.0, -1e-06, 1e-06, 0.0, -0.0, 0.497965, 0.867196, 0.374726, -1e-06, -0.867199, 0.497964, -0.0, 0.0, 0.0, 0.0, 1.0],
                [1.0, -1e-06, 1e-06, -0.0, -0.0, 0.553055, 0.833144, 0.374726, -1e-06, -0.833147, 0.553054, 0.0, 0.0, 0.0, 0.0, 1.0],
                [1.000001, -1e-06, 1e-06, -0.0, -0.0, 0.588556, 0.808456, 0.374726, -1e-06, -0.808458, 0.588554, 0.0, 0.0, 0.0, 0.0, 1.0],
                [1.0, -1e-06, 1e-06, 0.0, -0.0, 0.606914, 0.794766, 0.374726, -1e-06, -0.794769, 0.606912, -0.0, 0.0, 0.0, 0.0, 1.0],
                [1.0, -1e-06, 1e-06, -0.0, -0.0, 0.611033, 0.791605, 0.374726, -1e-06, -0.791608, 0.611031, -0.0, 0.0, 0.0, 0.0, 1.0],
                [1.0, -1e-06, 1e-06, 0.0, -0.0, 0.604069, 0.796931, 0.374726, -1e-06, -0.796934, 0.604067, 0.0, 0.0, 0.0, 0.0, 1.0],
                [1.0, -1e-06, 1e-06, 0.0, -0.0, 0.589284, 0.807925, 0.374726, -1e-06, -0.807928, 0.589282, -0.0, 0.0, 0.0, 0.0, 1.0],
                [1.0, -1e-06, 1e-06, 0.0, -0.0, 0.569936, 0.821689, 0.374726, -1e-06, -0.821691, 0.569934, -0.0, 0.0, 0.0, 0.0, 1.0],
                [1.0, -1e-06, 1e-06, 0.0, -0.0, 0.549229, 0.835671, 0.374726, -1e-06, -0.835673, 0.549228, -0.0, 0.0, 0.0, 0.0, 1.0],
                [1.000001, -1e-06, 1e-06, -0.0, -0.0, 0.530316, 0.847799, 0.374726, -1e-06, -0.847802, 0.530314, -0.0, 0.0, 0.0, 0.0, 1.0],
                [1.0, -1e-06, 1e-06, -0.0, -0.0, 0.515873, 0.856664, 0.374726, -1e-06, -0.856666, 0.515872, 0.0, 0.0, 0.0, 0.0, 1.0],
                [1.000001, -1e-06, 1e-06, 0.0, -0.0, 0.506804, 0.862061, 0.374726, -1e-06, -0.862063, 0.506802, -0.0, 0.0, 0.0, 0.0, 1.0],
                [1.0, -1e-06, 1e-06, -0.0, -0.0, 0.503638, 0.863914, 0.374726, -1e-06, -0.863916, 0.503637, 0.0, 0.0, 0.0, 0.0, 1.0],
                [1.0, -1e-06, 1e-06, -0.0, -0.0, 0.503638, 0.863914, 0.374726, -1e-06, -0.863916, 0.503636, -0.0, 0.0, 0.0, 0.0, 1.0],
                [1.0, -1e-06, 1e-06, 0.0, -0.0, 0.503638, 0.863914, 0.374726, -1e-06, -0.863917, 0.503637, -0.0, 0.0, 0.0, 0.0, 1.0],
                [1.0, -1e-06, 1e-06, 0.0, -0.0, 0.503638, 0.863914, 0.374726, -1e-06, -0.863917, 0.503637, -0.0, 0.0, 0.0, 0.0, 1.0],
                [1.0, -1e-06, 1e-06, 0.0, -0.0, 0.503638, 0.863914, 0.374726, -1e-06, -0.863917, 0.503637, -0.0, 0.0, 0.0, 0.0, 1.0],
                [1.0, -1e-06, 1e-06, 0.0, -0.0, 0.503638, 0.863914, 0.374726, -1e-06, -0.863917, 0.503637, -0.0, 0.0, 0.0, 0.0, 1.0],
                [1.0, -1e-06, 1e-06, 0.0, -0.0, 0.503638, 0.863914, 0.374726, -1e-06, -0.863917, 0.503637, -0.0, 0.0, 0.0, 0.0, 1.0],
                [1.0, -1e-06, 1e-06, 0.0, -0.0, 0.503638, 0.863914, 0.374726, -1e-06, -0.863917, 0.503637, -0.0, 0.0, 0.0, 0.0, 1.0],
                [1.0, -1e-06, 1e-06, 0.0, -0.0, 0.503638, 0.863914, 0.374726, -1e-06, -0.863917, 0.503637, -0.0, 0.0, 0.0, 0.0, 1.0],
                [1.0, -1e-06, 1e-06, 0.0, -0.0, 0.503638, 0.863914, 0.374726, -1e-06, -0.863917, 0.503637, -0.0, 0.0, 0.0, 0.0, 1.0],
                [1.0, -1e-06, 1e-06, 0.0, -0.0, 0.503638, 0.863914, 0.374726, -1e-06, -0.863917, 0.503637, -0.0, 0.0, 0.0, 0.0, 1.0],
                [1.0, -1e-06, 1e-06, 0.0, -0.0, 0.503638, 0.863914, 0.374726, -1e-06, -0.863917, 0.503637, -0.0, 0.0, 0.0, 0.0, 1.0],
                [1.0, -1e-06, 1e-06, 0.0, -0.0, 0.503638, 0.863914, 0.374726, -1e-06, -0.863917, 0.503637, -0.0, 0.0, 0.0, 0.0, 1.0]
            ]
        },
        {
            "name": "Knee_R",
            "time": [0.0, 0.5556],
            "transform": [
                [1.0, 0.0, -0.0, -0.0, -0.0, 0.00567, -0.999984, 0.430119, -0.0, 0.999984, 0.00567, -0.000314, 0.0, 0.0, 0.0, 1.0],
                [1.0, 0.0, -0.0, 0.0, -0.0, 0.00567, -0.999984, 0.428093, -0.0, 0.999984, 0.00567, -0.000303, 0.0, 0.0, 0.0, 1.0]
            ]
        },
        {
            "name": "Thigh_L",
            "time": [0.0, 0.0111, 0.0222, 0.0333, 0.0444, 0.0556, 0.0667, 0.0778, 0.0889, 0.1, 0.1111, 0.1222, 0.1333, 0.1444, 0.1556, 0.1667, 0.1778, 0.1889, 0.2, 0.2111, 0.2222, 0.2333, 0.2444, 0.2556, 0.2667, 0.2778, 0.2889, 0.3, 0.3111, 0.3222, 0.3333, 0.3444, 0.3556, 0.3667, 0.3778, 0.3889, 0.4, 0.4111, 0.4222, 0.4333, 0.4444, 0.4556, 0.4667, 0.4778, 0.4889, 0.5, 0.5111, 0.5222, 0.5333, 0.5444, 0.5556],
            "transform": [
                [0.917227, -0.386814, 0.095235, -0.125006, -0.33462, -0.877834, -0.34269, -0.002831, 0.216158, 0.282458, -0.934608, -1.2e-05, 0.0, 0.0, 0.0, 1.0],
                [0.917227, -0.386814, 0.095235, -0.125006, -0.33462, -0.877834, -0.342691, -0.002831, 0.216158, 0.282458, -0.934608, -1.2e-05, 0.0, 0.0, 0.0, 1.0],
                [0.917227, -0.386814, 0.095235, -0.125006, -0.33462, -0.877833, -0.342691, -0.002831, 0.216158, 0.282458, -0.934608, -1.2e-05, 0.0, 0.0, 0.0, 1.0],
                [0.925162, -0.376591, 0.047468, -0.125006, -0.334733, -0.868433, -0.365757, -0.002831, 0.178964, 0.322495, -0.929499, -1.2e-05, 0.0, 0.0, 0.0, 1.0],
                [0.936592, -0.343265, -0.070455, -0.125006, -0.339394, -0.838551, -0.426196, -0.002831, 0.087218, 0.423083, -0.901883, -1.2e-05, 0.0, 0.0, 0.0, 1.0],
                [0.935004, -0.27909, -0.218804, -0.125006, -0.353709, -0.778491, -0.518499, -0.002831, -0.025629, 0.562192, -0.826609, -1.2e-05, 0.0, 0.0, 0.0, 1.0],
                [0.917632, -0.186315, -0.351051, -0.125006, -0.378483, -0.679154, -0.628888, -0.002831, -0.121247, 0.709954, -0.693732, -1.2e-05, 0.0, 0.0, 0.0, 1.0],
                [0.896325, -0.175107, -0.407356, -0.125006, -0.41186, -0.669089, -0.61862, -0.002831, -0.164233, 0.722258, -0.671841, -1.2e-05, 0.0, 0.0, 0.0, 1.0],
                [0.878205, -0.240978, -0.413141, -0.125006, -0.445134, -0.727792, -0.521703, -0.002831, -0.174962, 0.642065, -0.746419, -1.2e-05, 0.0, 0.0, 0.0, 1.0],
                [0.860336, -0.340914, -0.378945, -0.125006, -0.471207, -0.815432, -0.336206, -0.002831, -0.194386, 0.467811, -0.862187, -1.2e-05, 0.0, 0.0, 0.0, 1.0],
                [0.8415, -0.416757, -0.343788, -0.125006, -0.491549, -0.854665, -0.167111, -0.002831, -0.224179, 0.309612, -0.924059, -1.2e-05, 0.0, 0.0, 0.0, 1.0],
                [0.819607, -0.479055, -0.314246, -0.125006, -0.507373, -0.861671, -0.009731, -0.002831, -0.266115, 0.167415, -0.949292, -1.2e-05, 0.0, 0.0, 0.0, 1.0],
                [0.792022, -0.531213, -0.300856, -0.125006, -0.519985, -0.845205, 0.123463, -0.002831, -0.31987, 0.058655, -0.945644, -1.2e-05, 0.0, 0.0, 0.0, 1.0],
                [0.75792, -0.573489, -0.310912, -0.125006, -0.53155, -0.81921, 0.215289, -0.002831, -0.378168, 0.002094, -0.925734, -1.2e-05, 0.0, 0.0, 0.0, 1.0],
                [0.719397, -0.607609, -0.336569, -0.125006, -0.543752, -0.794141, 0.271428, -0.002831, -0.432205, -0.012255, -0.901692, -1.2e-05, 0.0, 0.0, 0.0, 1.0],
                [0.678735, -0.63717, -0.365147, -0.125006, -0.555374, -0.770667, 0.312461, -0.002831, -0.480497, -0.009285, -0.876947, -1.2e-05, 0.0, 0.0, 0.0, 1.0],
                [0.640898, -0.659801, -0.392317, -0.125006, -0.565855, -0.751427, 0.339361, -0.002831, -0.518708, 0.004499, -0.85494, -1.2e-05, 0.0, 0.0, 0.0, 1.0],
                [0.610719, -0.674313, -0.415118, -0.125006, -0.57495, -0.738085, 0.353075, -0.002831, -0.544476, 0.023042, -0.83846, -1.2e-05, 0.0, 0.0, 0.0, 1.0],
                [0.591345, -0.680958, -0.43198, -0.125006, -0.582456, -0.731142, 0.355213, -0.002831, -0.557724, 0.041555, -0.828986, -1.2e-05, 0.0, 0.0, 0.0, 1.0],
                [0.583632, -0.681038, -0.442222, -0.125006, -0.587962, -0.730048, 0.348325, -0.002831, -0.560066, 0.056716, -0.826504, -1.2e-05, 0.0, 0.0, 0.0, 1.0],
                [0.58657, -0.676363, -0.445497, -0.125006, -0.590833, -0.733583, 0.335814, -0.002831, -0.553942, 0.066235, -0.829917, -1.2e-05, 0.0, 0.0, 0.0, 1.0],
                [0.598538, -0.641113, -0.48034, -0.125006, -0.61327, -0.752478, 0.240159, -0.002831, -0.515414, 0.150834, -0.843562, -1.2e-05, 0.0, 0.0, 0.0, 1.0],
                [0.612315, -0.563954, -0.554099, -0.125006, -0.644391, -0.762053, 0.063513, -0.002831, -0.458072, 0.318167, -0.830024, -1.2e-05, 0.0, 0.0, 0.0, 1.0],
                [0.627921, -0.501624, -0.595054, -0.125006, -0.653805, -0.754757, -0.053665, -0.002831, -0.422201, 0.422747, -0.801892, -1.2e-05, 0.0, 0.0, 0.0, 1.0],
                [0.649957, -0.490366, -0.580601, -0.125006, -0.645946, -0.758954, -0.082108, -0.002831, -0.400387, 0.428403, -0.810038, -1.2e-05, 0.0, 0.0, 0.0, 1.0],
                [0.675418, -0.482128, -0.557999, -0.125006, -0.63707, -0.762592, -0.112226, -0.002831, -0.371418, 0.431284, -0.822218, -1.2e-05, 0.0, 0.0, 0.0, 1.0],
                [0.700695, -0.47745, -0.530159, -0.125006, -0.628431, -0.764834, -0.141785, -0.002831, -0.337789, 0.432516, -0.835959, -1.2e-05, 0.0, 0.0, 0.0, 1.0],
                [0.723106, -0.476669, -0.499904, -0.125006, -0.62126, -0.76515, -0.169059, -0.002831, -0.301917, 0.432817, -0.84942, -1.2e-05, 0.0, 0.0, 0.0, 1.0],
                [0.740928, -0.479856, -0.469854, -0.125006, -0.616612, -0.763289, -0.192818, -0.002831, -0.26611, 0.432581, -0.861428, -1.2e-05, 0.0, 0.0, 0.0, 1.0],
                [0.753272, -0.486779, -0.442298, -0.125006, -0.615247, -0.759227, -0.212237, -0.002831, -0.232492, 0.431995, -0.871394, -1.2e-05, 0.0, 0.0, 0.0, 1.0],
                [0.759883, -0.49691, -0.419115, -0.125006, -0.617567, -0.753113, -0.226784, -0.002831, -0.20295, 0.431161, -0.879154, -1.2e-05, 0.0, 0.0, 0.0, 1.0],
                [0.760943, -0.50948, -0.40174, -0.125006, -0.623611, -0.745223, -0.236115, -0.002831, -0.179091, 0.4302, -0.88479, -1.2e-05, 0.0, 0.0, 0.0, 1.0],
                [0.756889, -0.523554, -0.391164, -0.125006, -0.633088, -0.73594, -0.239982, -0.002831, -0.16223, 0.42928, -0.888481, -1.2e-05, 0.0, 0.0, 0.0, 1.0],
                [0.74826, -0.538136, -0.387963, -0.125006, -0.645431, -0.725729, -0.238192, -0.002831, -0.153376, 0.428633, -0.890364, -1.2e-05, 0.0, 0.0, 0.0, 1.0],
                [0.735584, -0.552266, -0.392323, -0.125006, -0.659876, -0.715125, -0.230563, -0.002831, -0.153227, 0.428483, -0.890462, -1.2e-05, 0.0, 0.0, 0.0, 1.0],
                [0.719272, -0.565135, -0.404066, -0.125006, -0.675535, -0.704704, -0.216897, -0.002831, -0.162171, 0.428968, -0.888643, -1.2e-05, 0.0, 0.0, 0.0, 1.0],
                [0.699533, -0.576176, -0.422699, -0.125006, -0.691482, -0.695021, -0.196972, -0.002831, -0.180294, 0.430077, -0.884606, -1.2e-05, 0.0, 0.0, 0.0, 1.0],
                [0.676294, -0.585127, -0.447496, -0.125006, -0.70683, -0.686511, -0.170566, -0.002831, -0.207408, 0.431656, -0.877869, -1.2e-05, 0.0, 0.0, 0.0, 1.0],
                [0.649134, -0.591994, -0.477668, -0.125006, -0.720795, -0.679357, -0.137578, -0.002831, -0.243062, 0.433607, -0.867701, -1.2e-05, 0.0, 0.0, 0.0, 1.0],
                [0.627794, -0.5961, -0.500539, -0.125006, -0.729611, -0.674694, -0.1116, -0.002831, -0.271186, 0.435261, -0.85849, -1.2e-05, 0.0, 0.0, 0.0, 1.0],
                [0.649267, -0.591968, -0.47752, -0.125006, -0.720736, -0.679387, -0.137742, -0.002831, -0.242882, 0.433597, -0.867757, -1.2e-05, 0.0, 0.0, 0.0, 1.0],
                [0.649267, -0.591968, -0.47752, -0.125006, -0.720736, -0.679387, -0.137742, -0.002831, -0.242882, 0.433597, -0.867757, -1.2e-05, 0.0, 0.0, 0.0, 1.0],
                [0.649267, -0.591968, -0.47752, -0.125006, -0.720736, -0.679387, -0.137742, -0.002831, -0.242882, 0.433597, -0.867757, -1.2e-05, 0.0, 0.0, 0.0, 1.0],
                [0.649267, -0.591968, -0.47752, -0.125006, -0.720736, -0.679387, -0.137742, -0.002831, -0.242882, 0.433597, -0.867757, -1.2e-05, 0.0, 0.0, 0.0, 1.0],
                [0.649267, -0.591968, -0.47752, -0.125006, -0.720736, -0.679387, -0.137742, -0.002831, -0.242882, 0.433597, -0.867756, -1.2e-05, 0.0, 0.0, 0.0, 1.0],
                [0.649267, -0.591968, -0.47752, -0.125006, -0.720736, -0.679387, -0.137742, -0.002831, -0.242882, 0.433597, -0.867756, -1.2e-05, 0.0, 0.0, 0.0, 1.0],
                [0.649267, -0.591968, -0.47752, -0.125006, -0.720736, -0.679387, -0.137742, -0.002831, -0.242882, 0.433597, -0.867757, -1.2e-05, 0.0, 0.0, 0.0, 1.0],
                [0.649267, -0.591968, -0.47752, -0.125006, -0.720736, -0.679387, -0.137742, -0.002831, -0.242882, 0.433597, -0.867757, -1.2e-05, 0.0, 0.0, 0.0, 1.0],
                [0.649267, -0.591968, -0.47752, -0.125006, -0.720736, -0.679387, -0.137742, -0.002831, -0.242882, 0.433597, -0.867757, -1.2e-05, 0.0, 0.0, 0.0, 1.0],
                [0.649267, -0.591968, -0.47752, -0.125006, -0.720736, -0.679387, -0.137742, -0.002831, -0.242882, 0.433597, -0.867757, -1.2e-05, 0.0, 0.0, 0.0, 1.0],
                [0.649267, -0.591968, -0.47752, -0.125006, -0.720736, -0.679387, -0.137742, -0.002831, -0.242882, 0.433597, -0.867757, -1.2e-05, 0.0, 0.0, 0.0, 1.0]
            ]
        },
        {
            "name": "Leg_L",
            "time": [0.0, 0.0111, 0.0222, 0.0333, 0.0444, 0.0556, 0.0667, 0.0778, 0.0889, 0.1, 0.1111, 0.1222, 0.1333, 0.1444, 0.1556, 0.1667, 0.1778, 0.1889, 0.2, 0.2111, 0.2222, 0.2333, 0.2444, 0.2556, 0.2667, 0.2778, 0.2889, 0.3, 0.3111, 0.3222, 0.3333, 0.3444, 0.3556, 0.3667, 0.3778, 0.3889, 0.4, 0.4111, 0.4222, 0.4333, 0.4444, 0.4556, 0.4667, 0.4778, 0.4889, 0.5, 0.5111, 0.5222, 0.5333, 0.5444, 0.5556],
            "transform": [
                [1.000001, -0.0, 1e-06, 0.0, -0.0, 0.745358, 0.666665, 0.374726, -1e-06, -0.666665, 0.745358, -0.0, 0.0, 0.0, 0.0, 1.0],
                [1.000001, -0.0, 1e-06, 0.0, -0.0, 0.745358, 0.666665, 0.374726, -1e-06, -0.666665, 0.745358, -0.0, 0.0, 0.0, 0.0, 1.0],
                [1.000001, -0.0, 1e-06, 0.0, -0.0, 0.745358, 0.666665, 0.374726, -1e-06, -0.666665, 0.745358, 0.0, 0.0, 0.0, 0.0, 1.0],
                [1.0, -0.0, 1e-06, -0.0, -0.0, 0.77716, 0.629303, 0.374726, -1e-06, -0.629303, 0.77716, 0.0, 0.0, 0.0, 0.0, 1.0],
                [1.0, -0.0, 1e-06, 0.0, -0.0, 0.854737, 0.519061, 0.374726, -1e-06, -0.519061, 0.854737, 0.0, 0.0, 0.0, 0.0, 1.0],
                [1.0, -0.0, 1e-06, 0.0, -0.0, 0.949488, 0.313804, 0.374726, -1e-06, -0.313804, 0.949488, 0.0, 0.0, 0.0, 0.0, 1.0],
                [1.0, -0.0, 1e-06, -0.0, -0.0, 0.999989, 0.004687, 0.374726, -1e-06, -0.004687, 0.999989, -0.0, 0.0, 0.0, 0.0, 1.0],
                [1.0, -0.0, 1e-06, 0.0, -0.0, 0.999989, 0.004693, 0.374726, -1e-06, -0.004693, 0.999988, 0.0, 0.0, 0.0, 0.0, 1.0],
                [1.0, -0.0, 1e-06, 0.0, -0.0, 0.976325, 0.216308, 0.374726, -1e-06, -0.216308, 0.976325, 0.0, 0.0, 0.0, 0.0, 1.0],
                [1.0, -0.0, 1e-06, 0.0, -0.0, 0.830017, 0.557738, 0.374726, -1e-06, -0.557738, 0.830017, -0.0, 0.0, 0.0, 0.0, 1.0],
                [1.0, -1e-06, 1e-06, -0.0, -0.0, 0.655576, 0.755129, 0.374726, -1e-06, -0.755129, 0.655576, -0.0, 0.0, 0.0, 0.0, 1.0],
                [1.0, -1e-06, 1e-06, 0.0, -0.0, 0.492423, 0.870356, 0.374726, -1e-06, -0.870356, 0.492423, -0.0, 0.0, 0.0, 0.0, 1.0],
                [1.0, -1e-06, 1e-06, 0.0, -0.0, 0.367732, 0.929932, 0.374726, -1e-06, -0.929932, 0.367732, 0.0, 0.0, 0.0, 0.0, 1.0],
                [1.0, -1e-06, 0.0, -0.0, -0.0, 0.297693, 0.954662, 0.374726, -1e-06, -0.954661, 0.297693, 0.0, 0.0, 0.0, 0.0, 1.0],
                [1.0, -1e-06, 0.0, -0.0, -0.0, 0.268171, 0.963371, 0.374726, -1e-06, -0.963371, 0.268171, -0.0, 0.0, 0.0, 0.0, 1.0],
                [1.0, -1e-06, 0.0, 0.0, -0.0, 0.253921, 0.967225, 0.374726, -1e-06, -0.967225, 0.253921, 0.0, 0.0, 0.0, 0.0, 1.0],
                [1.0, -1e-06, 0.0, -0.0, -0.0, 0.251044, 0.967976, 0.374726, -1e-06, -0.967975, 0.251044, 0.0, 0.0, 0.0, 0.0, 1.0],
                [1.0, -1e-06, 0.0, 0.0, -0.0, 0.25632, 0.966592, 0.374726, -1e-06, -0.966592, 0.25632, 0.0, 0.0, 0.0, 0.0, 1.0],
                [1.0, -1e-06, 0.0, 0.0, -0.0, 0.266796, 0.963753, 0.374726, -1e-06, -0.963753, 0.266796, 0.0, 0.0, 0.0, 0.0, 1.0],
                [1.0, -1e-06, 0.0, -0.0, -0.0, 0.279509, 0.960143, 0.374726, -1e-06, -0.960142, 0.279509, -0.0, 0.0, 0.0, 0.0, 1.0],
                [1.0, -1e-06, 0.0, 0.0, -0.0, 0.291332, 0.956622, 0.374726, -1e-06, -0.956622, 0.291332, 0.0, 0.0, 0.0, 0.0, 1.0],
                [1.0, -1e-06, 1e-06, -0.0, -0.0, 0.392268, 0.919851, 0.374726, -1e-06, -0.919851, 0.392268, -0.0, 0.0, 0.0, 0.0, 1.0],
                [1.0, -1e-06, 1e-06, 0.0, -0.0, 0.597862, 0.801599, 0.374726, -1e-06, -0.801598, 0.597863, -0.0, 0.0, 0.0, 0.0, 1.0],
                [1.0, -0.0, 1e-06, -0.0, -0.0, 0.729397, 0.68409, 0.374726, -1e-06, -0.68409, 0.729397, 0.0, 0.0, 0.0, 0.0, 1.0],
                [1.0, -0.0, 1e-06, -0.0, -0.0, 0.743779, 0.668426, 0.374726, -1e-06, -0.668426, 0.743779, 0.0, 0.0, 0.0, 0.0, 1.0],
                [1.0, -0.0, 1e-06, -0.0, -0.0, 0.759267, 0.650779, 0.374726, -1e-06, -0.650778, 0.759268, -0.0, 0.0, 0.0, 0.0, 1.0],
                [1.0, -0.0, 1e-06, -0.0, -0.0, 0.775631, 0.631186, 0.374726, -1e-06, -0.631186, 0.775631, 0.0, 0.0, 0.0, 0.0, 1.0],
                [1.0, -0.0, 1e-06, -0.0, -0.0, 0.792645, 0.609684, 0.374726, -1e-06, -0.609684, 0.792645, 0.0, 0.0, 0.0, 0.0, 1.0],
                [1.0, -0.0, 1e-06, -0.0, -0.0, 0.810087, 0.58631, 0.374726, -1e-06, -0.58631, 0.810087, -0.0, 0.0, 0.0, 0.0, 1.0],
                [1.0, -0.0, 1e-06, -0.0, -0.0, 0.827726, 0.561133, 0.374726, -1e-06, -0.561133, 0.827726, -0.0, 0.0, 0.0, 0.0, 1.0],
                [1.0, -0.0, 1e-06, 0.0, -0.0, 0.845309, 0.534278, 0.374726, -1e-06, -0.534278, 0.845309, 0.0, 0.0, 0.0, 0.0, 1.0],
                [1.0, -0.0, 1e-06, 0.0, -0.0, 0.862555, 0.505962, 0.374726, -1e-06, -0.505962, 0.862555, 0.0, 0.0, 0.0, 0.0, 1.0],
                [1.0, -0.0, 1e-06, -0.0, -0.0, 0.879122, 0.476596, 0.374726, -1e-06, -0.476596, 0.879122, -0.0, 0.0, 0.0, 0.0, 1.0],
                [1.0, -0.0, 1e-06, 0.0, -0.0, 0.894612, 0.446845, 0.374726, -1e-06, -0.446845, 0.894612, -0.0, 0.0, 0.0, 0.0, 1.0],
                [1.0, -0.0, 1e-06, -0.0, -0.0, 0.908553, 0.41777, 0.374726, -1e-06, -0.41777, 0.908552, -0.0, 0.0, 0.0, 0.0, 1.0],
                [1.0, -0.0, 1e-06, 0.0, -0.0, 0.920408, 0.390959, 0.374726, -1e-06, -0.390959, 0.920408, 0.0, 0.0, 0.0, 0.0, 1.0],
                [1.0, -0.0, 1e-06, 0.0, -0.0, 0.929598, 0.368574, 0.374726, -1e-06, -0.368574, 0.929598, -0.0, 0.0, 0.0, 0.0, 1.0],
                [1.0, -0.0, 1e-06, 0.0, -0.0, 0.935523, 0.353265, 0.374726, -1e-06, -0.353265, 0.935523, 0.0, 0.0, 0.0, 0.0, 1.0],
                [1.0, -0.0, 1e-06, -0.0, -0.0, 0.937612, 0.347685, 0.374726, -1e-06, -0.347685, 0.937611, -0.0, 0.0, 0.0, 0.0, 1.0],
                [1.0, -0.0, 1e-06, -0.0, -0.0, 0.937611, 0.347685, 0.374726, -1e-06, -0.347685, 0.937611, 0.0, 0.0, 0.0, 0.0, 1.0],
                [1.0, -0.0, 1e-06, 0.0, -0.0, 0.937611, 0.347685, 0.374726, -1e-06, -0.347685, 0.937611, -0.0, 0.0, 0.0, 0.0, 1.0],
                [1.0, -0.0, 1e-06, 0.0, -0.0, 0.937611, 0.347685, 0.374726, -1e-06, -0.347685, 0.937611, 0.0, 0.0, 0.0, 0.0, 1.0],
                [1.0, -0.0, 1e-06, -0.0, -0.0, 0.937611, 0.347685, 0.374726, -1e-06, -0.347685, 0.937611, -0.0, 0.0, 0.0, 0.0, 1.0],
                [1.0, -0.0, 1e-06, 0.0, -0.0, 0.937612, 0.347685, 0.374726, -1e-06, -0.347685, 0.937611, 0.0, 0.0, 0.0, 0.0, 1.0],
                [1.0, -0.0, 1e-06, -0.0, -0.0, 0.937611, 0.347685, 0.374726, -1e-06, -0.347685, 0.937611, 0.0, 0.0, 0.0, 0.0, 1.0],
                [1.0, -0.0, 1e-06, 0.0, -0.0, 0.937611, 0.347685, 0.374726, -1e-06, -0.347685, 0.937611, -0.0, 0.0, 0.0, 0.0, 1.0],
                [1.0, -0.0, 1e-06, -0.0, -0.0, 0.937611, 0.347685, 0.374726, -1e-06, -0.347685, 0.937611, 0.0, 0.0, 0.0, 0.0, 1.0],
                [1.0, -0.0, 1e-06, 0.0, -0.0, 0.937611, 0.347685, 0.374726, -1e-06, -0.347685, 0.937611, 0.0, 0.0, 0.0, 0.0, 1.0],
                [1.0, -0.0, 1e-06, -0.0, -0.0, 0.937611, 0.347685, 0.374726, -1e-06, -0.347685, 0.937611, -0.0, 0.0, 0.0, 0.0, 1.0],
                [1.0, -0.0, 1e-06, 0.0, -0.0, 0.937612, 0.347685, 0.374726, -1e-06, -0.347685, 0.937611, 0.0, 0.0, 0.0, 0.0, 1.0],
                [1.0, -0.0, 1e-06, -0.0, -0.0, 0.937611, 0.347685, 0.374726, -1e-06, -0.347685, 0.937611, -0.0, 0.0, 0.0, 0.0, 1.0]
            ]
        },
        {
            "name": "Knee_L",
            "time": [0.0, 0.5556],
            "transform": [
