{
    "animation": [
        {
            "name": "Root",
            "time": [0.0, 0.0111, 0.0222, 0.0333, 0.0444, 0.0556, 0.0667, 0.0778, 0.0889, 0.1, 0.1111, 0.1222, 0.1333, 0.1444, 0.1556, 0.1667, 0.1778, 0.1889, 0.2, 0.2111, 0.2222, 0.2333, 0.2444, 0.2556, 0.2667, 0.2778, 0.2889, 0.3, 0.3111, 0.3222, 0.3333, 0.3444, 0.3556, 0.3667, 0.3778, 0.3889, 0.4, 0.4111, 0.4222, 0.4333, 0.4444, 0.4556, 0.4667, 0.4778, 0.4889, 0.5, 0.5111, 0.5222, 0.5333, 0.5444, 0.5556, 0.5667, 0.5778, 0.5889, 0.6, 0.6111],
            "transform": [
                [0.917216, 0.0, 0.398389, -5e-06, 0.398389, 0.0, -0.917216, 0.438085, 0.0, 1.0, 0.0, 0.62329, 0.0, 0.0, 0.0, 1.0],
                [0.917216, 0.0, 0.398389, -5e-06, 0.398389, 0.0, -0.917216, 0.438085, 0.0, 1.0, 0.0, 0.62329, 0.0, 0.0, 0.0, 1.0],
                [0.917216, 0.0, 0.398389, -5e-06, 0.398389, 0.0, -0.917216, 0.438085, 0.0, 1.0, 0.0, 0.62329, 0.0, 0.0, 0.0, 1.0],
                [0.917216, 0.0, 0.398389, -5e-06, 0.398389, 0.0, -0.917216, 0.438085, 0.0, 1.0, 0.0, 0.62329, 0.0, 0.0, 0.0, 1.0],
                [0.927231, 0.0, 0.37449, -5e-06, 0.37449, 0.0, -0.927231, 0.681159, 0.0, 1.0, 0.0, 0.609237, 0.0, 0.0, 0.0, 1.0],
                [0.950818, 0.0, 0.309749, -5e-06, 0.309749, 0.0, -0.950818, 1.132582, 0.0, 1.0, 0.0, 0.575726, 0.0, 0.0, 0.0, 1.0],
                [0.976717, 0.0, 0.214533, -5e-06, 0.214533, 0.0, -0.976717, 1.375656, 0.0, 1.0, 0.0, 0.535729, 0.0, 0.0, 0.0, 1.0],
                [0.994909, 0.0, 0.100777, -5e-06, 0.100777, 0.0, -0.994909, 1.350773, 0.0, 1.0, 0.0, 0.502218, 0.0, 0.0, 0.0, 1.0],
                [0.999841, 0.0, -0.017839, -5e-06, -0.017839, 0.0, -0.999841, 1.325889, 0.0, 1.0, 0.0, 0.488165, 0.0, 0.0, 0.0, 1.0],
                [0.992006, 0.0, -0.126194, -5e-06, -0.126194, 0.0, -0.992006, 1.335586, 0.0, 1.0, 0.0, 0.488165, 0.0, 0.0, 0.0, 1.0],
                [0.978728, 0.0, -0.205164, -5e-06, -0.205164, 0.0, -0.978728, 1.35909, 0.0, 1.0, 0.0, 0.488165, 0.0, 0.0, 0.0, 1.0],
                [0.971838, 0.0, -0.235649, -5e-06, -0.235649, 0.0, -0.971838, 1.388026, 0.0, 1.0, 0.0, 0.488165, 0.0, 0.0, 0.0, 1.0],
                [0.971838, 0.0, -0.235649, -5e-06, -0.235649, 0.0, -0.971838, 1.416223, 0.0, 1.0, 0.0, 0.488165, 0.0, 0.0, 0.0, 1.0],
                [0.971838, 0.0, -0.235649, -5e-06, -0.235649, 0.0, -0.971838, 1.446326, 0.0, 1.0, 0.0, 0.488165, 0.0, 0.0, 0.0, 1.0],
                [0.971838, 0.0, -0.235649, -5e-06, -0.235649, 0.0, -0.971838, 1.483184, 0.0, 1.0, 0.0, 0.488165, 0.0, 0.0, 0.0, 1.0],
                [0.971838, 0.0, -0.235649, -5e-06, -0.235649, 0.0, -0.971838, 1.531646, 0.0, 1.0, 0.0, 0.488165, 0.0, 0.0, 0.0, 1.0],
                [0.971838, 0.0, -0.235649, -5e-06, -0.235649, 0.0, -0.971838, 1.595024, 0.0, 1.0, 0.0, 0.493217, 0.0, 0.0, 0.0, 1.0],
                [0.971838, 0.0, -0.235649, -5e-06, -0.235649, 0.0, -0.971838, 1.670472, 0.0, 1.0, 0.0, 0.506536, 0.0, 0.0, 0.0, 1.0],
                [0.971838, 0.0, -0.235649, -5e-06, -0.235649, 0.0, -0.971838, 1.753608, 0.0, 1.0, 0.0, 0.525365, 0.0, 0.0, 0.0, 1.0],
                [0.971838, 0.0, -0.235649, -5e-06, -0.235649, 0.0, -0.971838, 1.840048, 0.0, 1.0, 0.0, 0.54695, 0.0, 0.0, 0.0, 1.0],
                [0.971838, 0.0, -0.235649, -5e-06, -0.235649, 0.0, -0.971838, 1.925408, 0.0, 1.0, 0.0, 0.568535, 0.0, 0.0, 0.0, 1.0],
                [0.971838, 0.0, -0.235649, -5e-06, -0.235649, 0.0, -0.971838, 2.005305, 0.0, 1.0, 0.0, 0.587364, 0.0, 0.0, 0.0, 1.0],
                [0.971838, 0.0, -0.235649, -5e-06, -0.235649, 0.0, -0.971838, 2.075356, 0.0, 1.0, 0.0, 0.600683, 0.0, 0.0, 0.0, 1.0],
                [0.971838, 0.0, -0.235649, -5e-06, -0.235649, 0.0, -0.971838, 2.131176, 0.0, 1.0, 0.0, 0.605735, 0.0, 0.0, 0.0, 1.0],
                [0.971838, 0.0, -0.235649, -5e-06, -0.235649, 0.0, -0.971838, 2.188741, 0.0, 1.0, 0.0, 0.605735, 0.0, 0.0, 0.0, 1.0],
                [0.971838, 0.0, -0.235649, -5e-06, -0.235649, 0.0, -0.971838, 2.345451, 0.0, 1.0, 0.0, 0.605735, 0.0, 0.0, 0.0, 1.0],
                [0.971838, 0.0, -0.235649, -5e-06, -0.235649, 0.0, -0.971838, 2.606212, 0.0, 1.0, 0.0, 0.626182, 0.0, 0.0, 0.0, 1.0],
                [0.971838, 0.0, -0.235649, -5e-06, -0.235649, 0.0, -0.971838, 2.745977, 0.0, 1.0, 0.0, 0.625787, 0.0, 0.0, 0.0, 1.0],
                [0.971838, 0.0, -0.235649, -5e-06, -0.235649, 0.0, -0.971838, 2.816466, 0.0, 1.0, 0.0, 0.623019, 0.0, 0.0, 0.0, 1.0],
                [0.971838, 0.0, -0.235649, -5e-06, -0.235649, 0.0, -0.971838, 2.842747, 0.0, 1.0, 0.0, 0.615506, 0.0, 0.0, 0.0, 1.0],
                [0.971838, 0.0, -0.235649, -5e-06, -0.235649, 0.0, -0.971838, 2.84989, 0.0, 1.0, 0.0, 0.600876, 0.0, 0.0, 0.0, 1.0],
                [0.982332, 0.0, -0.187144, -5e-06, -0.187144, 0.0, -0.982332, 2.858203, 0.0, 1.0, 0.0, 0.563262, 0.0, 0.0, 0.0, 1.0],
                [0.998058, 0.0, -0.062292, -5e-06, -0.062292, 0.0, -0.998058, 2.868957, 0.0, 1.0, 0.0, 0.535138, 0.0, 0.0, 0.0, 1.0],
                [0.994354, 0.017985, 0.104579, -5e-06, 0.103868, 0.036731, -0.993913, 2.879107, -0.021717, 0.999163, 0.034655, 0.54541, 0.0, 0.0, 0.0, 1.0],
                [0.961176, 0.047263, 0.27186, -5e-06, 0.264617, 0.121426, -0.956678, 2.887381, -0.078226, 0.991475, 0.104205, 0.568007, 0.0, 0.0, 0.0, 1.0],
                [0.915664, 0.065549, 0.396564, -5e-06, 0.376294, 0.207013, -0.903077, 2.892953, -0.14129, 0.97614, 0.164888, 0.590604, 0.0, 0.0, 0.0, 1.0],
                [0.892928, 0.070824, 0.444594, -5e-06, 0.416423, 0.245365, -0.875436, 2.894994, -0.17109, 0.96684, 0.1896, 0.600876, 0.0, 0.0, 0.0, 1.0],
                [0.892928, 0.070824, 0.444594, -5e-06, 0.416423, 0.245365, -0.875436, 2.894994, -0.17109, 0.96684, 0.1896, 0.600876, 0.0, 0.0, 0.0, 1.0],
                [0.892928, 0.070824, 0.444594, -5e-06, 0.416423, 0.245365, -0.875436, 2.894994, -0.17109, 0.96684, 0.1896, 0.600876, 0.0, 0.0, 0.0, 1.0],
                [0.892928, 0.070824, 0.444594, -5e-06, 0.416423, 0.245365, -0.875436, 2.894994, -0.17109, 0.96684, 0.1896, 0.600876, 0.0, 0.0, 0.0, 1.0],
                [0.892928, 0.070824, 0.444594, -5e-06, 0.416423, 0.245365, -0.875436, 2.894994, -0.17109, 0.96684, 0.1896, 0.600876, 0.0, 0.0, 0.0, 1.0],
                [0.892928, 0.070824, 0.444594, -5e-06, 0.416423, 0.245365, -0.875436, 2.894994, -0.17109, 0.96684, 0.1896, 0.600876, 0.0, 0.0, 0.0, 1.0],
                [0.892928, 0.070824, 0.444594, -5e-06, 0.416423, 0.245365, -0.875436, 2.894994, -0.17109, 0.96684, 0.1896, 0.600876, 0.0, 0.0, 0.0, 1.0],
                [0.892928, 0.070824, 0.444594, -5e-06, 0.416423, 0.245365, -0.875436, 2.894994, -0.17109, 0.96684, 0.1896, 0.600876, 0.0, 0.0, 0.0, 1.0],
                [0.892928, 0.070824, 0.444594, -5e-06, 0.416423, 0.245365, -0.875436, 2.894994, -0.17109, 0.96684, 0.1896, 0.600876, 0.0, 0.0, 0.0, 1.0],
                [0.892928, 0.070824, 0.444594, -5e-06, 0.416423, 0.245365, -0.875436, 2.894994, -0.17109, 0.96684, 0.1896, 0.600876, 0.0, 0.0, 0.0, 1.0],
                [0.892928, 0.070824, 0.444594, -5e-06, 0.416423, 0.245365, -0.875436, 2.894994, -0.17109, 0.96684, 0.1896, 0.600876, 0.0, 0.0, 0.0, 1.0],
                [0.892928, 0.070824, 0.444594, -5e-06, 0.416423, 0.245365, -0.875436, 2.894994, -0.17109, 0.96684, 0.1896, 0.600876, 0.0, 0.0, 0.0, 1.0],
                [0.892928, 0.070824, 0.444594, -5e-06, 0.416423, 0.245365, -0.875436, 2.894994, -0.17109, 0.96684, 0.1896, 0.600876, 0.0, 0.0, 0.0, 1.0],
                [0.892928, 0.070824, 0.444594, -5e-06, 0.416423, 0.245365, -0.875436, 2.894994, -0.17109, 0.96684, 0.1896, 0.600876, 0.0, 0.0, 0.0, 1.0],
                [0.892928, 0.070824, 0.444594, -5e-06, 0.416423, 0.245365, -0.875436, 2.894994, -0.17109, 0.96684, 0.1896, 0.600876, 0.0, 0.0, 0.0, 1.0],
                [0.892928, 0.070824, 0.444594, -5e-06, 0.416423, 0.245365, -0.875436, 2.894994, -0.17109, 0.96684, 0.1896, 0.600876, 0.0, 0.0, 0.0, 1.0],
                [0.892928, 0.070824, 0.444594, -5e-06, 0.416423, 0.245365, -0.875436, 2.894994, -0.17109, 0.96684, 0.1896, 0.600876, 0.0, 0.0, 0.0, 1.0],
                [0.892928, 0.070824, 0.444594, -5e-06, 0.416423, 0.245365, -0.875436, 2.894994, -0.17109, 0.96684, 0.1896, 0.600876, 0.0, 0.0, 0.0, 1.0],
                [0.892928, 0.070824, 0.444594, -5e-06, 0.416423, 0.245365, -0.875436, 2.894994, -0.17109, 0.96684, 0.1896, 0.600876, 0.0, 0.0, 0.0, 1.0],
                [0.892928, 0.070824, 0.444594, -5e-06, 0.416423, 0.245365, -0.875436, 2.894994, -0.17109, 0.96684, 0.1896, 0.600876, 0.0, 0.0, 0.0, 1.0]
            ]
        },
        {
            "name": "Thigh_R",
            "time": [0.0, 0.0111, 0.0222, 0.0333, 0.0444, 0.0556, 0.0667, 0.0778, 0.0889, 0.1, 0.1111, 0.1222, 0.1333, 0.1444, 0.1556, 0.1667, 0.1778, 0.1889, 0.2, 0.2111, 0.2222, 0.2333, 0.2444, 0.2556, 0.2667, 0.2778, 0.2889, 0.3, 0.3111, 0.3222, 0.3333, 0.3444, 0.3556, 0.3667, 0.3778, 0.3889, 0.4, 0.4111, 0.4222, 0.4333, 0.4444, 0.4556, 0.4667, 0.4778, 0.4889, 0.5, 0.5111, 0.5222, 0.5333, 0.5444, 0.5556, 0.5667, 0.5778, 0.5889, 0.6, 0.6111],
            "transform": [
                [0.911817, 0.33755, 0.233772, 0.124994, -0.003339, -0.56323, 0.826293, -0.002831, 0.410583, -0.754207, -0.512437, -1.2e-05, 0.0, 0.0, 0.0, 1.0],
                [0.911817, 0.33755, 0.233772, 0.124994, -0.003339, -0.56323, 0.826293, -0.002831, 0.410583, -0.754207, -0.512437, -1.2e-05, 0.0, 0.0, 0.0, 1.0],
                [0.911817, 0.33755, 0.233772, 0.124994, -0.003339, -0.56323, 0.826293, -0.002831, 0.410583, -0.754207, -0.512437, -1.2e-05, 0.0, 0.0, 0.0, 1.0],
                [0.911817, 0.33755, 0.233772, 0.124994, -0.003339, -0.56323, 0.826293, -0.002831, 0.410583, -0.754207, -0.512437, -1.2e-05, 0.0, 0.0, 0.0, 1.0],
                [0.913044, 0.286651, 0.290139, 0.124994, 2.9e-05, -0.711413, 0.702773, -0.002831, 0.40786, -0.641653, -0.649561, -1.2e-05, 0.0, 0.0, 0.0, 1.0],
                [0.921721, -0.001439, 0.387849, 0.124994, 0.060576, -0.987186, -0.147621, -0.002831, 0.383092, 0.159559, -0.909825, -1.2e-05, 0.0, 0.0, 0.0, 1.0],
                [0.941333, -0.161145, 0.296522, 0.124994, 0.130637, -0.636143, -0.760431, -0.002831, 0.31117, 0.754553, -0.577772, -1.2e-05, 0.0, 0.0, 0.0, 1.0],
                [0.966526, 0.01813, 0.255925, 0.124994, 0.145517, -0.860277, -0.488616, -0.002831, 0.211308, 0.509501, -0.834121, -1.2e-05, 0.0, 0.0, 0.0, 1.0],
                [0.980757, 0.132072, 0.143779, 0.124994, 0.159507, -0.966715, -0.200039, -0.002831, 0.112574, 0.219123, -0.969181, -1.2e-05, 0.0, 0.0, 0.0, 1.0],
                [0.984705, 0.172784, 0.022396, 0.124994, 0.172607, -0.984942, 0.009651, -0.002831, 0.023726, -0.005638, -0.999703, -1.2e-05, 0.0, 0.0, 0.0, 1.0],
                [0.982677, 0.168525, -0.077104, 0.124994, 0.181357, -0.960098, 0.212881, -0.002831, -0.038152, -0.223176, -0.974031, -1.2e-05, 0.0, 0.0, 0.0, 1.0],
                [0.981862, 0.141805, -0.125847, 0.124994, 0.18166, -0.893657, 0.410335, -0.002831, -0.054277, -0.425753, -0.90321, -1.2e-05, 0.0, 0.0, 0.0, 1.0],
                [0.984159, 0.109664, -0.139297, 0.124994, 0.172026, -0.780668, 0.600802, -0.002831, -0.042859, -0.615246, -0.787169, -1.2e-05, 0.0, 0.0, 0.0, 1.0],
                [0.987127, 0.07342, -0.142088, 0.124994, 0.156325, -0.630618, 0.760186, -0.002831, -0.03379, -0.772611, -0.633979, -1.2e-05, 0.0, 0.0, 0.0, 1.0],
                [0.989927, 0.044692, -0.134338, 0.124994, 0.139165, -0.481567, 0.865289, -0.002831, -0.026022, -0.875267, -0.482937, -1.2e-05, 0.0, 0.0, 0.0, 1.0],
                [0.991978, 0.02943, -0.122934, 0.124994, 0.125064, -0.36988, 0.920624, -0.002831, -0.018377, -0.928611, -0.370595, -1.2e-05, 0.0, 0.0, 0.0, 1.0],
                [0.992949, 0.025992, -0.115655, 0.124994, 0.118094, -0.301435, 0.946145, -0.002831, -0.010271, -0.953131, -0.30238, -1.2e-05, 0.0, 0.0, 0.0, 1.0],
                [0.99293, 0.029116, -0.115078, 0.124994, 0.118689, -0.25912, 0.958525, -0.002831, -0.001911, -0.965405, -0.260744, -1.2e-05, 0.0, 0.0, 0.0, 1.0],
                [0.992025, 0.035805, -0.120849, 0.124994, 0.125874, -0.231966, 0.964545, -0.002831, 0.006503, -0.972063, -0.234624, -1.2e-05, 0.0, 0.0, 0.0, 1.0],
                [0.990232, 0.044444, -0.132156, 0.124994, 0.138674, -0.215401, 0.96663, -0.002831, 0.014495, -0.975512, -0.21946, -1.2e-05, 0.0, 0.0, 0.0, 1.0],
                [0.987553, 0.054172, -0.147665, 0.124994, 0.155817, -0.208857, 0.965453, -0.002831, 0.02146, -0.976443, -0.214698, -1.2e-05, 0.0, 0.0, 0.0, 1.0],
                [0.984125, 0.064608, -0.165297, 0.124994, 0.175434, -0.213313, 0.961104, -0.002831, 0.026835, -0.974844, -0.221261, -1.2e-05, 0.0, 0.0, 0.0, 1.0],
                [0.980352, 0.07557, -0.182209, 0.124994, 0.194919, -0.2293, 0.95364, -0.002831, 0.030286, -0.970416, -0.239525, -1.2e-05, 0.0, 0.0, 0.0, 1.0],
                [0.976951, 0.086576, -0.195116, 0.124994, 0.211078, -0.255615, 0.943455, -0.002831, 0.031806, -0.962893, -0.267998, -1.2e-05, 0.0, 0.0, 0.0, 1.0],
                [0.973885, 0.096907, -0.205321, 0.124994, 0.224895, -0.287705, 0.93094, -0.002831, 0.031143, -0.952802, -0.301986, -1.2e-05, 0.0, 0.0, 0.0, 1.0],
                [0.969781, 0.110905, -0.217313, 0.124994, 0.242229, -0.33125, 0.91192, -0.002831, 0.029152, -0.937, -0.348105, -1.2e-05, 0.0, 0.0, 0.0, 1.0],
                [0.969781, 0.110905, -0.217313, 0.124994, 0.242229, -0.33125, 0.91192, -0.002831, 0.029152, -0.937001, -0.348105, -1.2e-05, 0.0, 0.0, 0.0, 1.0],
                [0.981608, 0.08983, -0.168452, 0.124994, 0.188061, -0.303222, 0.934179, -0.002831, 0.032839, -0.948675, -0.31454, -1.2e-05, 0.0, 0.0, 0.0, 1.0],
                [0.989757, 0.089237, -0.111431, 0.124994, 0.138182, -0.40278, 0.904806, -0.002831, 0.03586, -0.910935, -0.410986, -1.2e-05, 0.0, 0.0, 0.0, 1.0],
                [0.993502, 0.089445, -0.07038, 0.124994, 0.107143, -0.52642, 0.843446, -0.002831, 0.038392, -0.845505, -0.532584, -1.2e-05, 0.0, 0.0, 0.0, 1.0],
                [0.994619, 0.087753, -0.055075, 0.124994, 0.095038, -0.561127, 0.822255, -0.002831, 0.041251, -0.823063, -0.566449, -1.2e-05, 0.0, 0.0, 0.0, 1.0],
                [0.990359, 0.13341, -0.037273, 0.124994, 0.096017, -0.467211, 0.878916, -0.002831, 0.099842, -0.874021, -0.475518, -1.2e-05, 0.0, 0.0, 0.0, 1.0],
                [0.966857, 0.25522, 0.006987, 0.124994, 0.10021, -0.404514, 0.909025, -0.002831, 0.234829, -0.878196, -0.416683, -1.2e-05, 0.0, 0.0, 0.0, 1.0],
                [0.908319, 0.412554, 0.068954, 0.124994, 0.109012, -0.392645, 0.913207, -0.002831, 0.403822, -0.821965, -0.401621, -1.2e-05, 0.0, 0.0, 0.0, 1.0],
                [0.815669, 0.566818, 0.115757, 0.124994, 0.111495, -0.350361, 0.929955, -0.002831, 0.567672, -0.745628, -0.348977, -1.2e-05, 0.0, 0.0, 0.0, 1.0],
                [0.724184, 0.67507, 0.140838, 0.124994, 0.097829, -0.302733, 0.948041, -0.002831, 0.682631, -0.672777, -0.285277, -1.2e-05, 0.0, 0.0, 0.0, 1.0],
                [0.684934, 0.713435, 0.147897, 0.124994, 0.081426, -0.276667, 0.95751, -0.002831, 0.724041, -0.643787, -0.247592, -1.1e-05, 0.0, 0.0, 0.0, 1.0],
                [0.686714, 0.71149, 0.149008, 0.124994, 0.072421, -0.270925, 0.959873, -0.002831, 0.723311, -0.648366, -0.237575, -1.1e-05, 0.0, 0.0, 0.0, 1.0],
                [0.687388, 0.710684, 0.14975, 0.124994, 0.068934, -0.269094, 0.960644, -0.002831, 0.723012, -0.650011, -0.233963, -1.1e-05, 0.0, 0.0, 0.0, 1.0],
                [0.687388, 0.710684, 0.14975, 0.124994, 0.068934, -0.269094, 0.960644, -0.002831, 0.723012, -0.650011, -0.233962, -1.1e-05, 0.0, 0.0, 0.0, 1.0],
                [0.687388, 0.710684, 0.14975, 0.124994, 0.068934, -0.269094, 0.960644, -0.002831, 0.723012, -0.650011, -0.233963, -1.1e-05, 0.0, 0.0, 0.0, 1.0],
                [0.687387, 0.710684, 0.14975, 0.124994, 0.068934, -0.269094, 0.960644, -0.002831, 0.723012, -0.650011, -0.233962, -1.1e-05, 0.0, 0.0, 0.0, 1.0],
                [0.687387, 0.710684, 0.14975, 0.124994, 0.068934, -0.269094, 0.960644, -0.002831, 0.723012, -0.650011, -0.233962, -1.1e-05, 0.0, 0.0, 0.0, 1.0],
                [0.687387, 0.710684, 0.14975, 0.124994, 0.068934, -0.269094, 0.960644, -0.002831, 0.723012, -0.650011, -0.233962, -1.1e-05, 0.0, 0.0, 0.0, 1.0],
                [0.687387, 0.710684, 0.14975, 0.124994, 0.068934, -0.269094, 0.960644, -0.002831, 0.723012, -0.650011, -0.233962, -1.1e-05, 0.0, 0.0, 0.0, 1.0],
                [0.687387, 0.710684, 0.14975, 0.124994, 0.068934, -0.269094, 0.960644, -0.002831, 0.723012, -0.650011, -0.233962, -1.1e-05, 0.0, 0.0, 0.0, 1.0],
                [0.687387, 0.710684, 0.14975, 0.124994, 0.068934, -0.269094, 0.960644, -0.002831, 0.723012, -0.650011, -0.233962, -1.1e-05, 0.0, 0.0, 0.0, 1.0],
                [0.687387, 0.710684, 0.14975, 0.124994, 0.068934, -0.269094, 0.960644, -0.002831, 0.723012, -0.650011, -0.233962, -1.1e-05, 0.0, 0.0, 0.0, 1.0],
                [0.687387, 0.710684, 0.14975, 0.124994, 0.068934, -0.269094, 0.960644, -0.002831, 0.723012, -0.650011, -0.233962, -1.1e-05, 0.0, 0.0, 0.0, 1.0],
                [0.687387, 0.710684, 0.14975, 0.124994, 0.068934, -0.269094, 0.960644, -0.002831, 0.723012, -0.650011, -0.233962, -1.1e-05, 0.0, 0.0, 0.0, 1.0],
                [0.687387, 0.710684, 0.14975, 0.124994, 0.068934, -0.269094, 0.960644, -0.002831, 0.723012, -0.650011, -0.233962, -1.1e-05, 0.0, 0.0, 0.0, 1.0],
                [0.687387, 0.710684, 0.14975, 0.124994, 0.068934, -0.269094, 0.960644, -0.002831, 0.723012, -0.650011, -0.233962, -1.1e-05, 0.0, 0.0, 0.0, 1.0],
                [0.687387, 0.710684, 0.14975, 0.124994, 0.068934, -0.269094, 0.960644, -0.002831, 0.723012, -0.650011, -0.233962, -1.1e-05, 0.0, 0.0, 0.0, 1.0],
                [0.687387, 0.710684, 0.14975, 0.124994, 0.068934, -0.269094, 0.960644, -0.002831, 0.723012, -0.650011, -0.233962, -1.1e-05, 0.0, 0.0, 0.0, 1.0],
                [0.687387, 0.710684, 0.14975, 0.124994, 0.068934, -0.269094, 0.960644, -0.002831, 0.723012, -0.650011, -0.233962, -1.1e-05, 0.0, 0.0, 0.0, 1.0],
                [0.687387, 0.710684, 0.14975, 0.124994, 0.068934, -0.269094, 0.960644, -0.002831, 0.723012, -0.650011, -0.233962, -1.1e-05, 0.0, 0.0, 0.0, 1.0]
            ]
        },
        {
            "name": "Leg_R",
            "time": [0.0, 0.0111, 0.0222, 0.0333, 0.0444, 0.0556, 0.0667, 0.0778, 0.0889, 0.1, 0.1111, 0.1222, 0.1333, 0.1444, 0.1556, 0.1667, 0.1778, 0.1889, 0.2, 0.2111, 0.2222, 0.2333, 0.2444, 0.2556, 0.2667, 0.2778, 0.2889, 0.3, 0.3111, 0.3222, 0.3333, 0.3444, 0.3556, 0.3667, 0.3778, 0.3889, 0.4, 0.4111, 0.4222, 0.4333, 0.4444, 0.4556, 0.4667, 0.4778, 0.4889, 0.5, 0.5111, 0.5222, 0.5333, 0.5444, 0.5556, 0.5667, 0.5778, 0.5889, 0.6, 0.6111],
            "transform": [
                [1.0, -1e-06, 1e-06, 0.0, -0.0, 0.503638, 0.863914, 0.374726, -1e-06, -0.863917, 0.503637, 0.0, 0.0, 0.0, 0.0, 1.0],
                [1.0, -1e-06, 1e-06, 0.0, -0.0, 0.503638, 0.863914, 0.374726, -1e-06, -0.863917, 0.503637, 0.0, 0.0, 0.0, 0.0, 1.0],
                [1.0, -1e-06, 1e-06, 0.0, -0.0, 0.503638, 0.863914, 0.374726, -1e-06, -0.863917, 0.503637, 0.0, 0.0, 0.0, 0.0, 1.0],
                [1.0, -1e-06, 1e-06, 0.0, -0.0, 0.503638, 0.863914, 0.374726, -1e-06, -0.863917, 0.503637, 0.0, 0.0, 0.0, 0.0, 1.0],
                [1.0, -1e-06, 0.0, -0.0, -0.0, 0.167431, 0.985883, 0.374726, -1e-06, -0.985885, 0.16743, -0.0, 0.0, 0.0, 0.0, 1.0],
                [1.0, -1e-06, 1e-06, 0.0, -0.0, 0.575167, 0.818035, 0.374726, -1e-06, -0.818038, 0.575165, 0.0, 0.0, 0.0, 0.0, 1.0],
                [1.0, -0.0, 1e-06, 0.0, -0.0, 0.999992, 0.00473, 0.374726, -1e-06, -0.004729, 0.999985, -0.0, 0.0, 0.0, 0.0, 1.0],
                [1.000001, -0.0, 1e-06, 0.0, -0.0, 0.788515, 0.615016, 0.374726, -1e-06, -0.615019, 0.788512, 0.0, 0.0, 0.0, 0.0, 1.0],
                [1.0, -1e-06, 1e-06, 0.0, -0.0, 0.428977, 0.903314, 0.374726, -1e-06, -0.903317, 0.428976, -0.0, 0.0, 0.0, 0.0, 1.0],
                [1.0, -1e-06, 0.0, -0.0, -0.0, 0.209506, 0.977806, 0.374726, -1e-06, -0.977808, 0.209506, -0.0, 0.0, 0.0, 0.0, 1.0],
                [1.0, -1e-06, 0.0, 0.0, -0.0, 0.028978, 0.999579, 0.374726, -1e-06, -0.999581, 0.028978, -0.0, 0.0, 0.0, 0.0, 1.0],
                [1.0, -1e-06, 0.0, -0.0, -0.0, -0.1127, 0.993628, 0.374726, -1e-06, -0.99363, -0.1127, 0.0, 0.0, 0.0, 0.0, 1.0],
                [1.0, -1e-06, 0.0, 0.0, -0.0, -0.213902, 0.976854, 0.374726, -1e-06, -0.976856, -0.213902, -0.0, 0.0, 0.0, 0.0, 1.0],
                [1.0, -1e-06, 0.0, 0.0, -0.0, -0.26028, 0.965532, 0.374726, -1e-06, -0.965534, -0.260279, 0.0, 0.0, 0.0, 0.0, 1.0],
                [1.0, -1e-06, 0.0, -0.0, -0.0, -0.24806, 0.968744, 0.374726, -1e-06, -0.968746, -0.248059, -0.0, 0.0, 0.0, 0.0, 1.0],
                [1.0, -1e-06, 0.0, -0.0, -0.0, -0.195783, 0.980646, 0.374726, -1e-06, -0.980648, -0.195783, 0.0, 0.0, 0.0, 0.0, 1.0],
                [1.0, -1e-06, 0.0, -0.0, -0.0, -0.140342, 0.990102, 0.374726, -1e-06, -0.990104, -0.140341, 0.0, 0.0, 0.0, 0.0, 1.0],
                [1.0, -1e-06, 0.0, 0.0, -0.0, -0.106696, 0.99429, 0.374726, -1e-06, -0.994292, -0.106696, -0.0, 0.0, 0.0, 0.0, 1.0],
                [1.0, -1e-06, 0.0, 0.0, -0.0, -0.100085, 0.994978, 0.374726, -1e-06, -0.99498, -0.100085, -0.0, 0.0, 0.0, 0.0, 1.0],
                [1.0, -1e-06, 0.0, 0.0, -0.0, -0.117462, 0.993076, 0.374726, -1e-06, -0.993078, -0.117462, 0.0, 0.0, 0.0, 0.0, 1.0],
                [1.0, -1e-06, 0.0, 0.0, -0.0, -0.151206, 0.988501, 0.374726, -1e-06, -0.988503, -0.151206, 0.0, 0.0, 0.0, 0.0, 1.0],
                [1.0, -1e-06, 0.0, 0.0, -0.0, -0.192, 0.981394, 0.374726, -1e-06, -0.981396, -0.192, 0.0, 0.0, 0.0, 0.0, 1.0],
                [1.0, -1e-06, 0.0, 0.0, -0.0, -0.230875, 0.972982, 0.374726, -1e-06, -0.972984, -0.230874, 0.0, 0.0, 0.0, 0.0, 1.0],
                [1.0, -1e-06, 0.0, -0.0, -0.0, -0.260421, 0.965494, 0.374726, -1e-06, -0.965496, -0.26042, -0.0, 0.0, 0.0, 0.0, 1.0],
                [1.0, -1e-06, 0.0, -0.0, -0.0, -0.281565, 0.959541, 0.374726, -1e-06, -0.959543, -0.281565, -0.0, 0.0, 0.0, 0.0, 1.0],
                [1.0, -1e-06, -0.0, -0.0, -0.0, -0.302883, 0.953026, 0.374726, -1e-06, -0.953029, -0.302882, -0.0, 0.0, 0.0, 0.0, 1.0],
                [1.0, -1e-06, 0.0, 0.0, -0.0, -0.302883, 0.953027, 0.374726, -1e-06, -0.953029, -0.302882, 0.0, 0.0, 0.0, 0.0, 1.0],
                [1.0, -1e-06, 0.0, 0.0, -0.0, -0.152019, 0.988376, 0.374726, -1e-06, -0.988379, -0.152018, -0.0, 0.0, 0.0, 0.0, 1.0],
                [1.0, -1e-06, 0.0, -0.0, -0.0, 0.130752, 0.991414, 0.374726, -1e-06, -0.991416, 0.130751, -0.0, 0.0, 0.0, 0.0, 1.0],
                [1.0, -1e-06, 1e-06, 0.0, -0.0, 0.412289, 0.911052, 0.374726, -1e-06, -0.911054, 0.412288, -0.0, 0.0, 0.0, 0.0, 1.0],
                [1.0, -1e-06, 1e-06, 0.0, -0.0, 0.507713, 0.861525, 0.374726, -1e-06, -0.861528, 0.507712, -0.0, 0.0, 0.0, 0.0, 1.0],
                [1.0, -1e-06, 0.0, -0.0, -0.0, 0.349873, 0.936796, 0.374726, -1e-06, -0.936798, 0.349872, -0.0, 0.0, 0.0, 0.0, 1.0],
                [1.0, -1e-06, 0.0, 0.0, -0.0, 0.213776, 0.976881, 0.374726, -1e-06, -0.976884, 0.213776, -0.0, 0.0, 0.0, 0.0, 1.0],
                [1.0, -1e-06, 0.0, 0.0, -0.0, 0.219198, 0.975679, 0.374726, -1e-06, -0.975681, 0.219198, -0.0, 0.0, 0.0, 0.0, 1.0],
                [1.0, -1e-06, 0.0, 0.0, -0.0, 0.272158, 0.962252, 0.374726, -1e-06, -0.962254, 0.272158, 0.0, 0.0, 0.0, 0.0, 1.0],
                [1.0, -1e-06, 0.0, 0.0, -0.0, 0.341456, 0.939897, 0.374726, -1e-06, -0.939899, 0.341455, -0.0, 0.0, 0.0, 0.0, 1.0],
                [1.0, -1e-06, 1e-06, 0.0, -0.0, 0.393515, 0.919317, 0.374726, -1e-06, -0.919319, 0.393514, -0.0, 0.0, 0.0, 0.0, 1.0],
                [1.0, -1e-06, 1e-06, 0.0, -0.0, 0.420105, 0.907475, 0.374726, -1e-06, -0.907477, 0.420104, -0.0, 0.0, 0.0, 0.0, 1.0],
                [1.0, -1e-06, 1e-06, 0.0, -0.0, 0.430801, 0.902446, 0.374726, -1e-06, -0.902448, 0.4308, -0.0, 0.0, 0.0, 0.0, 1.0],
                [1.0, -1e-06, 1e-06, -0.0, -0.0, 0.430801, 0.902446, 0.374726, -1e-06, -0.902448, 0.4308, 0.0, 0.0, 0.0, 0.0, 1.0],
                [1.0, -1e-06, 1e-06, 0.0, -0.0, 0.430801, 0.902446, 0.374726, -1e-06, -0.902448, 0.4308, -0.0, 0.0, 0.0, 0.0, 1.0],
                [1.0, -1e-06, 1e-06, 0.0, -0.0, 0.430801, 0.902446, 0.374726, -1e-06, -0.902448, 0.4308, -0.0, 0.0, 0.0, 0.0, 1.0],
                [1.0, -1e-06, 1e-06, 0.0, -0.0, 0.430801, 0.902446, 0.374726, -1e-06, -0.902448, 0.4308, -0.0, 0.0, 0.0, 0.0, 1.0],
                [1.0, -1e-06, 1e-06, 0.0, -0.0, 0.430801, 0.902446, 0.374726, -1e-06, -0.902448, 0.4308, -0.0, 0.0, 0.0, 0.0, 1.0],
                [1.0, -1e-06, 1e-06, 0.0, -0.0, 0.430801, 0.902446, 0.374726, -1e-06, -0.902448, 0.4308, -0.0, 0.0, 0.0, 0.0, 1.0],
                [1.0, -1e-06, 1e-06, 0.0, -0.0, 0.430801, 0.902446, 0.374726, -1e-06, -0.902448, 0.4308, -0.0, 0.0, 0.0, 0.0, 1.0],
                [1.0, -1e-06, 1e-06, 0.0, -0.0, 0.430801, 0.902446, 0.374726, -1e-06, -0.902448, 0.4308, -0.0, 0.0, 0.0, 0.0, 1.0],
                [1.0, -1e-06, 1e-06, 0.0, -0.0, 0.430801, 0.902446, 0.374726, -1e-06, -0.902448, 0.4308, -0.0, 0.0, 0.0, 0.0, 1.0],
                [1.0, -1e-06, 1e-06, 0.0, -0.0, 0.430801, 0.902446, 0.374726, -1e-06, -0.902448, 0.4308, -0.0, 0.0, 0.0, 0.0, 1.0],
                [1.0, -1e-06, 1e-06, 0.0, -0.0, 0.430801, 0.902446, 0.374726, -1e-06, -0.902448, 0.4308, -0.0, 0.0, 0.0, 0.0, 1.0],
                [1.0, -1e-06, 1e-06, 0.0, -0.0, 0.430801, 0.902446, 0.374726, -1e-06, -0.902448, 0.4308, -0.0, 0.0, 0.0, 0.0, 1.0],
                [1.0, -1e-06, 1e-06, 0.0, -0.0, 0.430801, 0.902446, 0.374726, -1e-06, -0.902448, 0.4308, -0.0, 0.0, 0.0, 0.0, 1.0],
                [1.0, -1e-06, 1e-06, 0.0, -0.0, 0.430801, 0.902446, 0.374726, -1e-06, -0.902448, 0.4308, -0.0, 0.0, 0.0, 0.0, 1.0],
                [1.0, -1e-06, 1e-06, 0.0, -0.0, 0.430801, 0.902446, 0.374726, -1e-06, -0.902448, 0.4308, -0.0, 0.0, 0.0, 0.0, 1.0],
                [1.0, -1e-06, 1e-06, 0.0, -0.0, 0.430801, 0.902446, 0.374726, -1e-06, -0.902448, 0.4308, -0.0, 0.0, 0.0, 0.0, 1.0],
                [1.0, -1e-06, 1e-06, 0.0, -0.0, 0.430801, 0.902446, 0.374726, -1e-06, -0.902448, 0.4308, -0.0, 0.0, 0.0, 0.0, 1.0]
            ]
        },
        {
            "name": "Knee_R",
            "time": [0.0, 0.6111],
            "transform": [
                [1.0, 0.0, -0.0, 0.0, -0.0, 0.00567, -0.999984, 0.428093, -0.0, 0.999984, 0.00567, -0.000303, 0.0, 0.0, 0.0, 1.0],
                [1.0, 0.0, -0.0, 0.0, -0.0, 0.00567, -0.999984, 0.436751, -0.0, 0.999984, 0.00567, -0.000352, 0.0, 0.0, 0.0, 1.0]
            ]
        },
        {
            "name": "Thigh_L",
            "time": [0.0, 0.0111, 0.0222, 0.0333, 0.0444, 0.0556, 0.0667, 0.0778, 0.0889, 0.1, 0.1111, 0.1222, 0.1333, 0.1444, 0.1556, 0.1667, 0.1778, 0.1889, 0.2, 0.2111, 0.2222, 0.2333, 0.2444, 0.2556, 0.2667, 0.2778, 0.2889, 0.3, 0.3111, 0.3222, 0.3333, 0.3444, 0.3556, 0.3667, 0.3778, 0.3889, 0.4, 0.4111, 0.4222, 0.4333, 0.4444, 0.4556, 0.4667, 0.4778, 0.4889, 0.5, 0.5111, 0.5222, 0.5333, 0.5444, 0.5556, 0.5667, 0.5778, 0.5889, 0.6, 0.6111],
            "transform": [
                [0.790652, -0.604453, -0.097494, -0.125006, -0.493068, -0.723003, 0.483891, -0.002831, -0.362977, -0.334518, -0.869681, -1.2e-05, 0.0, 0.0, 0.0, 1.0],
                [0.790652, -0.604453, -0.097494, -0.125006, -0.493068, -0.723003, 0.483891, -0.002831, -0.362977, -0.334518, -0.869681, -1.2e-05, 0.0, 0.0, 0.0, 1.0],
                [0.790652, -0.604453, -0.097494, -0.125006, -0.493068, -0.723003, 0.483891, -0.002831, -0.362977, -0.334518, -0.869681, -1.2e-05, 0.0, 0.0, 0.0, 1.0],
                [0.790652, -0.604453, -0.097494, -0.125006, -0.493068, -0.723003, 0.483891, -0.002831, -0.362977, -0.334518, -0.869681, -1.2e-05, 0.0, 0.0, 0.0, 1.0],
                [0.794914, -0.603904, -0.05841, -0.125006, -0.508996, -0.716171, 0.477516, -0.002831, -0.330205, -0.349853, -0.876679, -1.2e-05, 0.0, 0.0, 0.0, 1.0],
                [0.818159, -0.572878, 0.049241, -0.125006, -0.508037, -0.680128, 0.52851, -0.002831, -0.269282, -0.457422, -0.847497, -1.2e-05, 0.0, 0.0, 0.0, 1.0],
                [0.873439, -0.439023, 0.210623, -0.125006, -0.43312, -0.502811, 0.748056, -0.002831, -0.22251, -0.744606, -0.629325, -1.2e-05, 0.0, 0.0, 0.0, 1.0],
                [0.899125, -0.30844, 0.310546, -0.125006, -0.383664, -0.213917, 0.898355, -0.002831, -0.210657, -0.926878, -0.310676, -1.2e-05, 0.0, 0.0, 0.0, 1.0],
                [0.880292, -0.327719, 0.343054, -0.125006, -0.400334, -0.125071, 0.907794, -0.002831, -0.254595, -0.93646, -0.241296, -1.2e-05, 0.0, 0.0, 0.0, 1.0],
                [0.863696, -0.399501, 0.30729, -0.125006, -0.378594, -0.111777, 0.918788, -0.002831, -0.332709, -0.909892, -0.247791, -1.2e-05, 0.0, 0.0, 0.0, 1.0],
                [0.860782, -0.446321, 0.244648, -0.125006, -0.314607, -0.088724, 0.945066, -0.002831, -0.400097, -0.890463, -0.216788, -1.2e-05, 0.0, 0.0, 0.0, 1.0],
                [0.87384, -0.456149, 0.168319, -0.125006, -0.225451, -0.073417, 0.971484, -0.002831, -0.430784, -0.88687, -0.166994, -1.2e-05, 0.0, 0.0, 0.0, 1.0],
                [0.89173, -0.445253, 0.081036, -0.125006, -0.133321, -0.087335, 0.987217, -0.002831, -0.432484, -0.891135, -0.137241, -1.2e-05, 0.0, 0.0, 0.0, 1.0],
                [0.89972, -0.436452, -0.003702, -0.125006, -0.060259, -0.132611, 0.989335, -0.002831, -0.432288, -0.889901, -0.145612, -1.2e-05, 0.0, 0.0, 0.0, 1.0],
                [0.901901, -0.427571, -0.06129, -0.125006, -0.018873, -0.180767, 0.983345, -0.002831, -0.431529, -0.885723, -0.171104, -1.2e-05, 0.0, 0.0, 0.0, 1.0],
                [0.902086, -0.425712, -0.070781, -0.125006, -0.019435, -0.203922, 0.978794, -0.002831, -0.431118, -0.881581, -0.192229, -1.2e-05, 0.0, 0.0, 0.0, 1.0],
                [0.901259, -0.428702, -0.062813, -0.125006, -0.047961, -0.242789, 0.968893, -0.002831, -0.430617, -0.870211, -0.239377, -1.2e-05, 0.0, 0.0, 0.0, 1.0],
                [0.89943, -0.430066, -0.077897, -0.125006, -0.079615, -0.336462, 0.938325, -0.002831, -0.429751, -0.837757, -0.336864, -1.2e-05, 0.0, 0.0, 0.0, 1.0],
                [0.896657, -0.426919, -0.11724, -0.125006, -0.111261, -0.47361, 0.873679, -0.002831, -0.428516, -0.770346, -0.472166, -1.2e-05, 0.0, 0.0, 0.0, 1.0],
                [0.893212, -0.414149, -0.175079, -0.125006, -0.140835, -0.627477, 0.765792, -0.002831, -0.42701, -0.659357, -0.618797, -1.2e-05, 0.0, 0.0, 0.0, 1.0],
                [0.889421, -0.388605, -0.240658, -0.125006, -0.167315, -0.76675, 0.619757, -0.002831, -0.425365, -0.51096, -0.746984, -1.2e-05, 0.0, 0.0, 0.0, 1.0],
                [0.885563, -0.351841, -0.303292, -0.125006, -0.190434, -0.870508, 0.453818, -0.002831, -0.42369, -0.344127, -0.837892, -1.2e-05, 0.0, 0.0, 0.0, 1.0],
                [0.881824, -0.309808, -0.355534, -0.125006, -0.210373, -0.933187, 0.291382, -0.002831, -0.422052, -0.182153, -0.888083, -1.2e-05, 0.0, 0.0, 0.0, 1.0],
                [0.878306, -0.272121, -0.393101, -0.125006, -0.227539, -0.961047, 0.156887, -0.002831, -0.420481, -0.048349, -0.906012, -1.2e-05, 0.0, 0.0, 0.0, 1.0],
                [0.875373, -0.240465, -0.419402, -0.125006, -0.240931, -0.969106, 0.05277, -0.002831, -0.419134, 0.054854, -0.906266, -1.2e-05, 0.0, 0.0, 0.0, 1.0],
                [0.866547, -0.108807, -0.48709, -0.125006, -0.277204, -0.916498, -0.288425, -0.002831, -0.415035, 0.384957, -0.824351, -1.2e-05, 0.0, 0.0, 0.0, 1.0],
                [0.85191, 0.081815, -0.517258, -0.125006, -0.328036, -0.686564, -0.648862, -0.002831, -0.408218, 0.722451, -0.558053, -1.3e-05, 0.0, 0.0, 0.0, 1.0],
                [0.846651, 0.096047, -0.523408, -0.125006, -0.34648, -0.647034, -0.67919, -0.002831, -0.403897, 0.756387, -0.514534, -1.2e-05, 0.0, 0.0, 0.0, 1.0],
                [0.847846, 0.098302, -0.52105, -0.125006, -0.346509, -0.641092, -0.684786, -0.002831, -0.401357, 0.761141, -0.509485, -1.2e-05, 0.0, 0.0, 0.0, 1.0],
                [0.848979, 0.096018, -0.51963, -0.125006, -0.343786, -0.646429, -0.681132, -0.002831, -0.401305, 0.756908, -0.515795, -1.2e-05, 0.0, 0.0, 0.0, 1.0],
                [0.843682, 0.095348, -0.528307, -0.125006, -0.353102, -0.64271, -0.679884, -0.002831, -0.404374, 0.760152, -0.508576, -1.2e-05, 0.0, 0.0, 0.0, 1.0],
                [0.839915, 0.060789, -0.539302, -0.125006, -0.393354, -0.61645, -0.682101, -0.002831, -0.373917, 0.785043, -0.493855, -1.2e-05, 0.0, 0.0, 0.0, 1.0],
                [0.862609, -0.037348, -0.504491, -0.125006, -0.423394, -0.599073, -0.679594, -0.002831, -0.276846, 0.799822, -0.532579, -1.1e-05, 0.0, 0.0, 0.0, 1.0],
                [0.916627, -0.155178, -0.368393, -0.125006, -0.376608, -0.644202, -0.66571, -0.002831, -0.134016, 0.748948, -0.648935, -1.2e-05, 0.0, 0.0, 0.0, 1.0],
                [0.953756, -0.239053, -0.182217, -0.125006, -0.300321, -0.732607, -0.610814, -0.002831, 0.012524, 0.63729, -0.770522, -1.2e-05, 0.0, 0.0, 0.0, 1.0],
                [0.961894, -0.272472, -0.022763, -0.125006, -0.241841, -0.808999, -0.535754, -0.002831, 0.127563, 0.520844, -0.844066, -1.2e-05, 0.0, 0.0, 0.0, 1.0],
                [0.960042, -0.276581, 0.042681, -0.125006, -0.219683, -0.83929, -0.497324, -0.002831, 0.173372, 0.468076, -0.866514, -1.2e-05, 0.0, 0.0, 0.0, 1.0],
                [0.960042, -0.276581, 0.042681, -0.125006, -0.219683, -0.83929, -0.497324, -0.002831, 0.173372, 0.468076, -0.866514, -1.2e-05, 0.0, 0.0, 0.0, 1.0],
                [0.960042, -0.276581, 0.042681, -0.125006, -0.219683, -0.83929, -0.497324, -0.002831, 0.173372, 0.468076, -0.866514, -1.2e-05, 0.0, 0.0, 0.0, 1.0],
                [0.960042, -0.276581, 0.042681, -0.125006, -0.219683, -0.83929, -0.497324, -0.002831, 0.173372, 0.468076, -0.866514, -1.2e-05, 0.0, 0.0, 0.0, 1.0],
                [0.960042, -0.276581, 0.042681, -0.125006, -0.219683, -0.83929, -0.497324, -0.002831, 0.173372, 0.468076, -0.866514, -1.2e-05, 0.0, 0.0, 0.0, 1.0],
                [0.960042, -0.276581, 0.042681, -0.125006, -0.219683, -0.83929, -0.497324, -0.002831, 0.173372, 0.468076, -0.866514, -1.2e-05, 0.0, 0.0, 0.0, 1.0],
                [0.960042, -0.276581, 0.042681, -0.125006, -0.219683, -0.83929, -0.497324, -0.002831, 0.173372, 0.468076, -0.866514, -1.2e-05, 0.0, 0.0, 0.0, 1.0],
                [0.960042, -0.276581, 0.042681, -0.125006, -0.219683, -0.83929, -0.497324, -0.002831, 0.173372, 0.468076, -0.866514, -1.2e-05, 0.0, 0.0, 0.0, 1.0],
                [0.960042, -0.276581, 0.042681, -0.125006, -0.219683, -0.83929, -0.497324, -0.002831, 0.173372, 0.468076, -0.866514, -1.2e-05, 0.0, 0.0, 0.0, 1.0],
                [0.960042, -0.276581, 0.042681, -0.125006, -0.219683, -0.83929, -0.497324, -0.002831, 0.173372, 0.468076, -0.866514, -1.2e-05, 0.0, 0.0, 0.0, 1.0],
                [0.960042, -0.276581, 0.042681, -0.125006, -0.219683, -0.83929, -0.497324, -0.002831, 0.173372, 0.468076, -0.866514, -1.2e-05, 0.0, 0.0, 0.0, 1.0],
                [0.960042, -0.276581, 0.042681, -0.125006, -0.219683, -0.83929, -0.497324, -0.002831, 0.173372, 0.468076, -0.866514, -1.2e-05, 0.0, 0.0, 0.0, 1.0],
                [0.960042, -0.276581, 0.042681, -0.125006, -0.219683, -0.83929, -0.497324, -0.002831, 0.173372, 0.468076, -0.866514, -1.2e-05, 0.0, 0.0, 0.0, 1.0],
                [0.960042, -0.276581, 0.042681, -0.125006, -0.219683, -0.83929, -0.497324, -0.002831, 0.173372, 0.468076, -0.866514, -1.2e-05, 0.0, 0.0, 0.0, 1.0],
                [0.960042, -0.276581, 0.042681, -0.125006, -0.219683, -0.83929, -0.497324, -0.002831, 0.173372, 0.468076, -0.866514, -1.2e-05, 0.0, 0.0, 0.0, 1.0],
                [0.960042, -0.276581, 0.042681, -0.125006, -0.219683, -0.83929, -0.497324, -0.002831, 0.173372, 0.468076, -0.866514, -1.2e-05, 0.0, 0.0, 0.0, 1.0],
                [0.960042, -0.276581, 0.042681, -0.125006, -0.219683, -0.83929, -0.497324, -0.002831, 0.173372, 0.468076, -0.866514, -1.2e-05, 0.0, 0.0, 0.0, 1.0],
                [0.960042, -0.276581, 0.042681, -0.125006, -0.219683, -0.83929, -0.497324, -0.002831, 0.173372, 0.468076, -0.866514, -1.2e-05, 0.0, 0.0, 0.0, 1.0],
                [0.960042, -0.276581, 0.042681, -0.125006, -0.219683, -0.83929, -0.497324, -0.002831, 0.173372, 0.468076, -0.866514, -1.2e-05, 0.0, 0.0, 0.0, 1.0],
                [0.960042, -0.276581, 0.042681, -0.125006, -0.219683, -0.83929, -0.497324, -0.002831, 0.173372, 0.468076, -0.866514, -1.2e-05, 0.0, 0.0, 0.0, 1.0]
            ]
        },
        {
            "name": "Leg_L",
            "time": [0.0, 0.0111, 0.0222, 0.0333, 0.0444, 0.0556, 0.0667, 0.0778, 0.0889, 0.1, 0.1111, 0.1222, 0.1333, 0.1444, 0.1556, 0.1667, 0.1778, 0.1889, 0.2, 0.2111, 0.2222, 0.2333, 0.2444, 0.2556, 0.2667, 0.2778, 0.2889, 0.3, 0.3111, 0.3222, 0.3333, 0.3444, 0.3556, 0.3667, 0.3778, 0.3889, 0.4, 0.4111, 0.4222, 0.4333, 0.4444, 0.4556, 0.4667, 0.4778, 0.4889, 0.5, 0.5111, 0.5222, 0.5333, 0.5444, 0.5556, 0.5667, 0.5778, 0.5889, 0.6, 0.6111],
            "transform": [
                [1.0, -1e-06, 0.0, 0.0, -0.0, 0.293122, 0.956075, 0.374726, -1e-06, -0.956075, 0.293122, -0.0, 0.0, 0.0, 0.0, 1.0],
                [1.0, -1e-06, 0.0, 0.0, -0.0, 0.293122, 0.956075, 0.374726, -1e-06, -0.956075, 0.293122, -0.0, 0.0, 0.0, 0.0, 1.0],
                [1.0, -1e-06, 0.0, 0.0, -0.0, 0.293122, 0.956075, 0.374726, -1e-06, -0.956075, 0.293122, -0.0, 0.0, 0.0, 0.0, 1.0],
                [1.0, -1e-06, 0.0, 0.0, -0.0, 0.293122, 0.956075, 0.374726, -1e-06, -0.956074, 0.293122, -0.0, 0.0, 0.0, 0.0, 1.0],
                [1.0, -1e-06, 0.0, 0.0, -0.0, 0.219075, 0.975708, 0.374726, -1e-06, -0.975707, 0.219075, 0.0, 0.0, 0.0, 0.0, 1.0],
                [1.0, -1e-06, 0.0, 0.0, -0.0, -0.013706, 0.999906, 0.374726, -1e-06, -0.999906, -0.013706, -0.0, 0.0, 0.0, 0.0, 1.0],
                [1.0, -1e-06, 0.0, -0.0, -0.0, -0.343789, 0.939047, 0.374726, -1e-06, -0.939047, -0.343789, -0.0, 0.0, 0.0, 0.0, 1.0],
                [1.0, -1e-06, -0.0, 0.0, -0.0, -0.489595, 0.87195, 0.374726, -1e-06, -0.87195, -0.489595, -0.0, 0.0, 0.0, 0.0, 1.0],
                [1.0, -1e-06, -0.0, 0.0, -0.0, -0.522327, 0.852745, 0.374726, -1e-06, -0.852745, -0.522327, -0.0, 0.0, 0.0, 0.0, 1.0],
                [1.0, -1e-06, -0.0, -0.0, -0.0, -0.495944, 0.868354, 0.374726, -1e-06, -0.868354, -0.495944, -0.0, 0.0, 0.0, 0.0, 1.0],
                [1.0, -1e-06, -0.0, 0.0, -0.0, -0.42482, 0.905278, 0.374726, -1e-06, -0.905277, -0.42482, -0.0, 0.0, 0.0, 0.0, 1.0],
                [1.0, -1e-06, 0.0, 0.0, -0.0, -0.29969, 0.954037, 0.374726, -1e-06, -0.954036, -0.29969, -0.0, 0.0, 0.0, 0.0, 1.0],
                [1.0, -1e-06, 0.0, -0.0, -0.0, -0.122812, 0.99243, 0.374726, -1e-06, -0.99243, -0.122812, 0.0, 0.0, 0.0, 0.0, 1.0],
                [1.0, -1e-06, 0.0, -0.0, -0.0, 0.059257, 0.998243, 0.374726, -1e-06, -0.998243, 0.059257, -0.0, 0.0, 0.0, 0.0, 1.0],
                [1.000001, -1e-06, 0.0, -0.0, -0.0, 0.169367, 0.985553, 0.374726, -1e-06, -0.985553, 0.169367, -0.0, 0.0, 0.0, 0.0, 1.0],
                [1.0, -1e-06, 0.0, -0.0, -0.0, 0.129292, 0.991607, 0.374726, -1e-06, -0.991607, 0.129292, 0.0, 0.0, 0.0, 0.0, 1.0],
                [1.000001, -1e-06, 0.0, 0.0, -0.0, 0.011311, 0.999936, 0.374726, -1e-06, -0.999936, 0.011311, 0.0, 0.0, 0.0, 0.0, 1.0],
                [1.0, -1e-06, 0.0, 0.0, -0.0, -0.067463, 0.997722, 0.374726, -1e-06, -0.997722, -0.067463, 0.0, 0.0, 0.0, 0.0, 1.0],
                [1.0, -1e-06, 0.0, 0.0, -0.0, -0.091543, 0.995801, 0.374726, -1e-06, -0.995801, -0.091543, -0.0, 0.0, 0.0, 0.0, 1.0],
                [1.0, -1e-06, 0.0, 0.0, -0.0, -0.054493, 0.998515, 0.374726, -1e-06, -0.998514, -0.054493, 0.0, 0.0, 0.0, 0.0, 1.0],
                [1.0, -1e-06, 0.0, -0.0, -0.0, 0.038545, 0.999257, 0.374726, -1e-06, -0.999257, 0.038545, 0.0, 0.0, 0.0, 0.0, 1.0],
                [1.0, -1e-06, 0.0, 0.0, -0.0, 0.170232, 0.985404, 0.374726, -1e-06, -0.985404, 0.170232, -0.0, 0.0, 0.0, 0.0, 1.0],
                [1.0, -1e-06, 0.0, 0.0, -0.0, 0.312326, 0.949975, 0.374726, -1e-06, -0.949975, 0.312326, 0.0, 0.0, 0.0, 0.0, 1.0],
                [1.0, -1e-06, 1e-06, 0.0, -0.0, 0.428877, 0.903363, 0.374726, -1e-06, -0.903363, 0.428877, -0.0, 0.0, 0.0, 0.0, 1.0],
