{
    "animation": [
        {
            "name": "Root",
            "time": [0.0, 0.0167, 0.0333, 0.05, 0.0667, 0.0833, 0.1, 0.1167, 0.1333, 0.15, 0.1667, 0.1833, 0.2, 0.2167, 0.2333, 0.25, 0.2667, 0.2833, 0.3, 0.3167, 0.3333, 0.35, 0.3667, 0.3833, 0.4, 0.4167, 0.4333, 0.45, 0.4667, 0.4833, 0.5, 0.5167, 0.5333, 0.55, 0.5667, 0.5833, 0.6, 0.6167, 0.6333, 0.65, 0.6667, 0.6833, 0.7, 0.7167, 0.7333, 0.75, 0.7667, 0.7833, 0.8, 0.8167, 0.8333, 0.85, 0.8667, 0.8833, 0.9, 0.9167, 0.9333, 0.95, 0.9667, 0.9833, 1.0, 1.0167, 1.0333, 1.05, 1.0667, 1.0833, 1.1, 1.1167, 1.1333, 1.15, 1.1667, 1.1833, 1.2, 1.2167, 1.2333, 1.25, 1.2667, 1.2833, 1.3, 1.3167, 1.3333, 1.35, 1.3667, 1.3833, 1.4, 1.4167, 1.4333, 1.45, 1.4667, 1.4833, 1.5, 1.5167, 1.5333, 1.55, 1.5667, 1.5833, 1.6, 1.6167, 1.6333, 1.65, 1.6667],
            "transform": [
                [0.434724, -0.116169, 0.89304, 0.031932, 0.85527, 0.363787, -0.369015, -0.066583, -0.282008, 0.92421, 0.257503, 0.615888, 0.0, 0.0, 0.0, 1.0],
                [0.42879, -0.118272, 0.895629, 0.031932, 0.858485, 0.36207, -0.363194, -0.06747, -0.281324, 0.924617, 0.256787, 0.616436, 0.0, 0.0, 0.0, 1.0],
                [0.411943, -0.124095, 0.90272, 0.031932, 0.86734, 0.357091, -0.34671, -0.069966, -0.279328, 0.92579, 0.254734, 0.617978, 0.0, 0.0, 0.0, 1.0],
                [0.3855, -0.132843, 0.913095, 0.031932, 0.88044, 0.349037, -0.320933, -0.073825, -0.276071, 0.927645, 0.251514, 0.620361, 0.0, 0.0, 0.0, 1.0],
                [0.350737, -0.143658, 0.925389, 0.031932, 0.89623, 0.33806, -0.287205, -0.078797, -0.271578, 0.930095, 0.247321, 0.623432, 0.0, 0.0, 0.0, 1.0],
                [0.309023, -0.155655, 0.938231, 0.031932, 0.913135, 0.324348, -0.246947, -0.084635, -0.265875, 0.933043, 0.242365, 0.627038, 0.0, 0.0, 0.0, 1.0],
                [0.261894, -0.16795, 0.95037, 0.031932, 0.929692, 0.308183, -0.201733, -0.091093, -0.259007, 0.936384, 0.236853, 0.631027, 0.0, 0.0, 0.0, 1.0],
                [0.211095, -0.179712, 0.960803, 0.031932, 0.944675, 0.289972, -0.153314, -0.097922, -0.251054, 0.940011, 0.230981, 0.635245, 0.0, 0.0, 0.0, 1.0],
                [0.158554, -0.190201, 0.968857, 0.031932, 0.9572, 0.270255, -0.103591, -0.104875, -0.242135, 0.943815, 0.224911, 0.639539, 0.0, 0.0, 0.0, 1.0],
                [0.10633, -0.198814, 0.974252, 0.031932, 0.966787, 0.249691, -0.054561, -0.111704, -0.232415, 0.947696, 0.21876, 0.643757, 0.0, 0.0, 0.0, 1.0],
                [0.056531, -0.205099, 0.977107, 0.031932, 0.973385, 0.229026, -0.008242, -0.118162, -0.222093, 0.951568, 0.212588, 0.647745, 0.0, 0.0, 0.0, 1.0],
                [0.011234, -0.208768, 0.977901, 0.031932, 0.977335, 0.209045, 0.0334, -0.124, -0.211398, 0.955362, 0.206384, 0.651352, 0.0, 0.0, 0.0, 1.0],
                [-0.027571, -0.20967, 0.977383, 0.031932, 0.979289, 0.190527, 0.068497, -0.128973, -0.20058, 0.95903, 0.200074, 0.654423, 0.0, 0.0, 0.0, 1.0],
                [-0.058, -0.207756, 0.97646, 0.031932, 0.980088, 0.174207, 0.095281, -0.132831, -0.189902, 0.962543, 0.193516, 0.656806, 0.0, 0.0, 0.0, 1.0],
                [-0.07825, -0.203025, 0.976042, 0.031932, 0.980615, 0.160746, 0.112053, -0.135327, -0.179644, 0.965889, 0.186511, 0.658348, 0.0, 0.0, 0.0, 1.0],
                [-0.08654, -0.195455, 0.976887, 0.031932, 0.981618, 0.150706, 0.117112, -0.136214, -0.170113, 0.969064, 0.17882, 0.658896, 0.0, 0.0, 0.0, 1.0],
                [-0.060321, -0.184732, 0.980936, 0.02742, 0.985148, 0.147258, 0.088312, -0.122083, -0.160765, 0.971694, 0.173106, 0.658896, 0.0, 0.0, 0.0, 1.0],
                [0.018075, -0.170428, 0.985204, 0.014859, 0.988396, 0.151682, 0.008105, -0.082746, -0.150819, 0.973626, 0.171192, 0.658896, 0.0, 0.0, 0.0, 1.0],
                [0.143952, -0.151561, 0.97791, -0.004288, 0.979637, 0.161589, -0.119162, -0.022785, -0.139959, 0.97515, 0.171736, 0.658896, 0.0, 0.0, 0.0, 1.0],
                [0.30938, -0.126886, 0.942435, -0.028557, 0.942312, 0.174092, -0.285901, 0.053216, -0.127793, 0.97652, 0.173427, 0.658896, 0.0, 0.0, 0.0, 1.0],
                [0.498088, -0.09592, 0.861805, -0.056484, 0.859569, 0.185546, -0.476144, 0.140675, -0.114232, 0.977943, 0.174868, 0.658896, 0.0, 0.0, 0.0, 1.0],
                [0.684082, -0.05999, 0.726934, -0.086606, 0.722544, 0.192101, -0.664099, 0.235008, -0.099805, 0.97954, 0.174758, 0.658896, 0.0, 0.0, 0.0, 1.0],
                [0.838197, -0.022513, 0.544902, -0.117461, 0.538595, 0.191138, -0.820598, 0.331632, -0.085677, 0.981305, 0.172337, 0.658896, 0.0, 0.0, 0.0, 1.0],
                [0.940608, 0.012145, 0.339276, -0.147583, 0.331508, 0.182627, -0.925608, 0.425966, -0.073203, 0.983107, 0.167755, 0.658896, 0.0, 0.0, 0.0, 1.0],
                [0.989331, 0.040593, 0.139918, -0.17551, 0.131213, 0.169079, -0.976829, 0.513424, -0.06331, 0.984766, 0.161949, 0.658896, 0.0, 0.0, 0.0, 1.0],
                [0.997678, 0.061505, -0.029241, -0.199779, -0.038438, 0.154119, -0.987304, 0.589425, -0.056218, 0.986136, 0.156125, 0.658896, 0.0, 0.0, 0.0, 1.0],
                [0.985019, 0.075288, -0.155145, -0.218925, -0.164541, 0.141019, -0.976238, 0.649386, -0.05162, 0.98714, 0.151295, 0.658896, 0.0, 0.0, 0.0, 1.0],
                [0.968965, 0.083039, -0.232833, -0.231487, -0.242281, 0.132101, -0.961171, 0.688723, -0.049057, 0.987752, 0.14812, 0.658896, 0.0, 0.0, 0.0, 1.0],
                [0.961895, 0.085582, -0.259679, -0.235999, -0.269133, 0.128877, -0.954441, 0.702854, -0.048217, 0.987961, 0.146999, 0.658896, 0.0, 0.0, 0.0, 1.0],
                [0.961895, 0.085582, -0.259679, -0.235999, -0.269133, 0.128877, -0.954441, 0.702854, -0.048217, 0.987961, 0.146999, 0.658896, 0.0, 0.0, 0.0, 1.0],
                [0.961895, 0.085582, -0.259679, -0.235999, -0.269133, 0.128877, -0.954441, 0.702854, -0.048217, 0.987961, 0.146999, 0.658896, 0.0, 0.0, 0.0, 1.0],
                [0.961895, 0.085582, -0.259679, -0.235999, -0.269133, 0.128877, -0.954441, 0.702854, -0.048217, 0.987961, 0.146999, 0.658896, 0.0, 0.0, 0.0, 1.0],
                [0.969166, 0.086808, -0.230611, -0.235999, -0.240705, 0.133321, -0.961398, 0.73036, -0.052712, 0.987264, 0.150105, 0.657897, 0.0, 0.0, 0.0, 1.0],
                [0.984503, 0.089448, -0.150842, -0.235999, -0.162742, 0.145522, -0.975878, 0.804075, -0.065339, 0.985303, 0.157823, 0.655222, 0.0, 0.0, 0.0, 1.0],
                [0.9953, 0.091488, -0.031748, -0.235999, -0.046484, 0.16375, -0.985406, 0.910797, -0.084954, 0.98225, 0.167233, 0.651348, 0.0, 0.0, 0.0, 1.0],
                [0.989544, 0.091, 0.111904, -0.235999, 0.093531, 0.185758, -0.978134, 1.037322, -0.109798, 0.978373, 0.175304, 0.646755, 0.0, 0.0, 0.0, 1.0],
                [0.961331, 0.087003, 0.261292, -0.235999, 0.238882, 0.208669, -0.948363, 1.170449, -0.137034, 0.974109, 0.179817, 0.641923, 0.0, 0.0, 0.0, 1.0],
                [0.914332, 0.080016, 0.396981, -0.235999, 0.370659, 0.229502, -0.899967, 1.296975, -0.163119, 0.970013, 0.180183, 0.63733, 0.0, 0.0, 0.0, 1.0],
                [0.860894, 0.071933, 0.503673, -0.235999, 0.474087, 0.245902, -0.845443, 1.403697, -0.184669, 0.966622, 0.177593, 0.633457, 0.0, 0.0, 0.0, 1.0],
                [0.817567, 0.065328, 0.572116, -0.235999, 0.540331, 0.256432, -0.801427, 1.477412, -0.199064, 0.964352, 0.174352, 0.630781, 0.0, 0.0, 0.0, 1.0],
                [0.800215, 0.062673, 0.59643, -0.235999, 0.563841, 0.260175, -0.783832, 1.504917, -0.204301, 0.963525, 0.172858, 0.629782, 0.0, 0.0, 0.0, 1.0],
                [0.800215, 0.062673, 0.596429, -0.235999, 0.563841, 0.260175, -0.783832, 1.504917, -0.204301, 0.963525, 0.172858, 0.629782, 0.0, 0.0, 0.0, 1.0],
                [0.800215, 0.062673, 0.596429, -0.235999, 0.563841, 0.260174, -0.783832, 1.504917, -0.204301, 0.963525, 0.172858, 0.629782, 0.0, 0.0, 0.0, 1.0],
                [0.800215, 0.062673, 0.596429, -0.235999, 0.563841, 0.260175, -0.783832, 1.504917, -0.204301, 0.963525, 0.172858, 0.629782, 0.0, 0.0, 0.0, 1.0],
                [0.800215, 0.062673, 0.596429, -0.235999, 0.563841, 0.260175, -0.783832, 1.504917, -0.204301, 0.963525, 0.172858, 0.629782, 0.0, 0.0, 0.0, 1.0],
                [0.800215, 0.062673, 0.596429, -0.235999, 0.563841, 0.260175, -0.783832, 1.504917, -0.204301, 0.963525, 0.172858, 0.629782, 0.0, 0.0, 0.0, 1.0],
                [0.800206, 0.06261, 0.596448, -0.235938, 0.563899, 0.26004, -0.783835, 1.505016, -0.204177, 0.963566, 0.17278, 0.62988, 0.0, 0.0, 0.0, 1.0],
                [0.800179, 0.062425, 0.596503, -0.235757, 0.56407, 0.259644, -0.783843, 1.505306, -0.20381, 0.963685, 0.17255, 0.630166, 0.0, 0.0, 0.0, 1.0],
                [0.800135, 0.062121, 0.596594, -0.23546, 0.564349, 0.258996, -0.783857, 1.505782, -0.203209, 0.963879, 0.172174, 0.630635, 0.0, 0.0, 0.0, 1.0],
                [0.800075, 0.061704, 0.596718, -0.235054, 0.564731, 0.258105, -0.783876, 1.506435, -0.202384, 0.964144, 0.171658, 0.631278, 0.0, 0.0, 0.0, 1.0],
                [0.799998, 0.061178, 0.596876, -0.234541, 0.565212, 0.256981, -0.783898, 1.507258, -0.201343, 0.964478, 0.171006, 0.63209, 0.0, 0.0, 0.0, 1.0],
                [0.799905, 0.060548, 0.597064, -0.233926, 0.565786, 0.255634, -0.783924, 1.508245, -0.200095, 0.964876, 0.170226, 0.633062, 0.0, 0.0, 0.0, 1.0],
                [0.799796, 0.059819, 0.597284, -0.233215, 0.566449, 0.254073, -0.783953, 1.509387, -0.198649, 0.965333, 0.169323, 0.634188, 0.0, 0.0, 0.0, 1.0],
                [0.799672, 0.058995, 0.597532, -0.232411, 0.567196, 0.252308, -0.783983, 1.510678, -0.197013, 0.965847, 0.168302, 0.63546, 0.0, 0.0, 0.0, 1.0],
                [0.799532, 0.058082, 0.597809, -0.231519, 0.56802, 0.250347, -0.784015, 1.512111, -0.195197, 0.966412, 0.167169, 0.636872, 0.0, 0.0, 0.0, 1.0],
                [0.799377, 0.057084, 0.598112, -0.230543, 0.568918, 0.248201, -0.784046, 1.513677, -0.193209, 0.967025, 0.16593, 0.638416, 0.0, 0.0, 0.0, 1.0],
                [0.799206, 0.056006, 0.598442, -0.229488, 0.569883, 0.245879, -0.784077, 1.515371, -0.191057, 0.967681, 0.164591, 0.640085, 0.0, 0.0, 0.0, 1.0],
                [0.799021, 0.054852, 0.598796, -0.228359, 0.57091, 0.24339, -0.784106, 1.517184, -0.188751, 0.968376, 0.163158, 0.641872, 0.0, 0.0, 0.0, 1.0],
                [0.798821, 0.053628, 0.599174, -0.22716, 0.571995, 0.240743, -0.784133, 1.519109, -0.186298, 0.969106, 0.161636, 0.64377, 0.0, 0.0, 0.0, 1.0],
                [0.798606, 0.052338, 0.599574, -0.225895, 0.573131, 0.237949, -0.784156, 1.52114, -0.183709, 0.969866, 0.160031, 0.645771, 0.0, 0.0, 0.0, 1.0],
                [0.798377, 0.050987, 0.599995, -0.22457, 0.574314, 0.235017, -0.784175, 1.523268, -0.180991, 0.970653, 0.15835, 0.647868, 0.0, 0.0, 0.0, 1.0],
                [0.798133, 0.049579, 0.600437, -0.223188, 0.575538, 0.231955, -0.784189, 1.525487, -0.178154, 0.971462, 0.156596, 0.650055, 0.0, 0.0, 0.0, 1.0],
                [0.797876, 0.048121, 0.600898, -0.221754, 0.576799, 0.228775, -0.784197, 1.527789, -0.175206, 0.972289, 0.154778, 0.652325, 0.0, 0.0, 0.0, 1.0],
                [0.797605, 0.046615, 0.601377, -0.220272, 0.578091, 0.225484, -0.784199, 1.530168, -0.172157, 0.973131, 0.1529, 0.654669, 0.0, 0.0, 0.0, 1.0],
                [0.79732, 0.045068, 0.601871, -0.218748, 0.579409, 0.222094, -0.784194, 1.532615, -0.169014, 0.973983, 0.150967, 0.657081, 0.0, 0.0, 0.0, 1.0],
                [0.797023, 0.043484, 0.602382, -0.217185, 0.580748, 0.218614, -0.784181, 1.535124, -0.165788, 0.974842, 0.148987, 0.659554, 0.0, 0.0, 0.0, 1.0],
                [0.796713, 0.041867, 0.602906, -0.215589, 0.582105, 0.215053, -0.784159, 1.537687, -0.162488, 0.975704, 0.146965, 0.66208, 0.0, 0.0, 0.0, 1.0],
                [0.796391, 0.040223, 0.603443, -0.213963, 0.583474, 0.211422, -0.78413, 1.540298, -0.159121, 0.976567, 0.144906, 0.664653, 0.0, 0.0, 0.0, 1.0],
                [0.796058, 0.038556, 0.603991, -0.212312, 0.58485, 0.207731, -0.784091, 1.542948, -0.155699, 0.977426, 0.142816, 0.667265, 0.0, 0.0, 0.0, 1.0],
                [0.795714, 0.03687, 0.604549, -0.210641, 0.58623, 0.203989, -0.784043, 1.545631, -0.152229, 0.978279, 0.140702, 0.669909, 0.0, 0.0, 0.0, 1.0],
                [0.79536, 0.035171, 0.605116, -0.208954, 0.587609, 0.200206, -0.783986, 1.548339, -0.148722, 0.979122, 0.138569, 0.672578, 0.0, 0.0, 0.0, 1.0],
                [0.794997, 0.033463, 0.605689, -0.207256, 0.588982, 0.196393, -0.783919, 1.551066, -0.145186, 0.979954, 0.136423, 0.675265, 0.0, 0.0, 0.0, 1.0],
                [0.794626, 0.031751, 0.606268, -0.205551, 0.590347, 0.19256, -0.783844, 1.553803, -0.141631, 0.980771, 0.134269, 0.677963, 0.0, 0.0, 0.0, 1.0],
                [0.794247, 0.030039, 0.606851, -0.203844, 0.5917, 0.188716, -0.783758, 1.556544, -0.138066, 0.981572, 0.132113, 0.680665, 0.0, 0.0, 0.0, 1.0],
                [0.793862, 0.028333, 0.607437, -0.202139, 0.593036, 0.184873, -0.783664, 1.559282, -0.134502, 0.982354, 0.129962, 0.683363, 0.0, 0.0, 0.0, 1.0],
                [0.793472, 0.026635, 0.608024, -0.200441, 0.594353, 0.181041, -0.783562, 1.562008, -0.130947, 0.983115, 0.12782, 0.68605, 0.0, 0.0, 0.0, 1.0],
                [0.793077, 0.024952, 0.608609, -0.198754, 0.595646, 0.177229, -0.783451, 1.564716, -0.127412, 0.983853, 0.125694, 0.688719, 0.0, 0.0, 0.0, 1.0],
                [0.79268, 0.023287, 0.609193, -0.197083, 0.596914, 0.173449, -0.783332, 1.567399, -0.123905, 0.984567, 0.12359, 0.691363, 0.0, 0.0, 0.0, 1.0],
                [0.792281, 0.021645, 0.609772, -0.195432, 0.598152, 0.169711, -0.783207, 1.57005, -0.120437, 0.985256, 0.121512, 0.693975, 0.0, 0.0, 0.0, 1.0],
                [0.791882, 0.02003, 0.610346, -0.193807, 0.599358, 0.166025, -0.783074, 1.57266, -0.117018, 0.985918, 0.119467, 0.696548, 0.0, 0.0, 0.0, 1.0],
                [0.791484, 0.018447, 0.610912, -0.19221, 0.600529, 0.162402, -0.782937, 1.575224, -0.113656, 0.986552, 0.117461, 0.699075, 0.0, 0.0, 0.0, 1.0],
                [0.791089, 0.0169, 0.611468, -0.190647, 0.601664, 0.158852, -0.782794, 1.577733, -0.110362, 0.987158, 0.115498, 0.701547, 0.0, 0.0, 0.0, 1.0],
                [0.790698, 0.015394, 0.612013, -0.189123, 0.602758, 0.155387, -0.782648, 1.58018, -0.107146, 0.987734, 0.113585, 0.703959, 0.0, 0.0, 0.0, 1.0],
                [0.790312, 0.013932, 0.612546, -0.187642, 0.60381, 0.152015, -0.782499, 1.582558, -0.104018, 0.98828, 0.111727, 0.706304, 0.0, 0.0, 0.0, 1.0],
                [0.789935, 0.012519, 0.613063, -0.186208, 0.604818, 0.148749, -0.782348, 1.584861, -0.100987, 0.988796, 0.10993, 0.708573, 0.0, 0.0, 0.0, 1.0],
                [0.789566, 0.01116, 0.613564, -0.184826, 0.60578, 0.145599, -0.782197, 1.58708, -0.098064, 0.989281, 0.1082, 0.71076, 0.0, 0.0, 0.0, 1.0],
                [0.789208, 0.009858, 0.614046, -0.1835, 0.606693, 0.142575, -0.782046, 1.589208, -0.095257, 0.989735, 0.106541, 0.712857, 0.0, 0.0, 0.0, 1.0],
                [0.788863, 0.008618, 0.614508, -0.182235, 0.607556, 0.139689, -0.781897, 1.591239, -0.092578, 0.990158, 0.10496, 0.714859, 0.0, 0.0, 0.0, 1.0],
                [0.788533, 0.007443, 0.614948, -0.181036, 0.608366, 0.13695, -0.781751, 1.593164, -0.090036, 0.99055, 0.103461, 0.716756, 0.0, 0.0, 0.0, 1.0],
                [0.788218, 0.006339, 0.615363, -0.179907, 0.609123, 0.134369, -0.78161, 1.594977, -0.08764, 0.990911, 0.102051, 0.718543, 0.0, 0.0, 0.0, 1.0],
                [0.787922, 0.005309, 0.615752, -0.178852, 0.609824, 0.131957, -0.781474, 1.59667, -0.085402, 0.991241, 0.100735, 0.720212, 0.0, 0.0, 0.0, 1.0],
                [0.787646, 0.004357, 0.616112, -0.177877, 0.610467, 0.129725, -0.781346, 1.598237, -0.08333, 0.99154, 0.099518, 0.721756, 0.0, 0.0, 0.0, 1.0],
                [0.787392, 0.003487, 0.616443, -0.176985, 0.611051, 0.127684, -0.781226, 1.599669, -0.081434, 0.991809, 0.098406, 0.723168, 0.0, 0.0, 0.0, 1.0],
                [0.787161, 0.002704, 0.616742, -0.17618, 0.611574, 0.125842, -0.781116, 1.60096, -0.079725, 0.992046, 0.097404, 0.72444, 0.0, 0.0, 0.0, 1.0],
                [0.786955, 0.002012, 0.617007, -0.175469, 0.612033, 0.124213, -0.781016, 1.602103, -0.078212, 0.992253, 0.096518, 0.725566, 0.0, 0.0, 0.0, 1.0],
                [0.786777, 0.001415, 0.617236, -0.174854, 0.612428, 0.122805, -0.780929, 1.603089, -0.076905, 0.99243, 0.095753, 0.726538, 0.0, 0.0, 0.0, 1.0],
                [0.786627, 0.000917, 0.617428, -0.174342, 0.612756, 0.12163, -0.780856, 1.603913, -0.075814, 0.992575, 0.095115, 0.72735, 0.0, 0.0, 0.0, 1.0],
                [0.786508, 0.000522, 0.61758, -0.173935, 0.613016, 0.120697, -0.780797, 1.604566, -0.074948, 0.992689, 0.094609, 0.727994, 0.0, 0.0, 0.0, 1.0],
                [0.786421, 0.000235, 0.617691, -0.173639, 0.613204, 0.120019, -0.780754, 1.605041, -0.074318, 0.992772, 0.094241, 0.728462, 0.0, 0.0, 0.0, 1.0],
                [0.786368, 5.9e-05, 0.617759, -0.173458, 0.613319, 0.119604, -0.780727, 1.605332, -0.073933, 0.992822, 0.094016, 0.728749, 0.0, 0.0, 0.0, 1.0],
                [0.78635, 0.0, 0.617782, -0.173396, 0.613358, 0.119463, -0.780718, 1.60543, -0.073802, 0.992839, 0.09394, 0.728846, 0.0, 0.0, 0.0, 1.0]
            ]
        },
        {
            "name": "Thigh_R",
            "time": [0.0, 0.0167, 0.0333, 0.05, 0.0667, 0.0833, 0.1, 0.1167, 0.1333, 0.15, 0.1667, 0.1833, 0.2, 0.2167, 0.2333, 0.25, 0.2667, 0.2833, 0.3, 0.3167, 0.3333, 0.35, 0.3667, 0.3833, 0.4, 0.4167, 0.4333, 0.45, 0.4667, 0.4833, 0.5, 0.5167, 0.5333, 0.55, 0.5667, 0.5833, 0.6, 0.6167, 0.6333, 0.65, 0.6667, 0.6833, 0.7, 0.7167, 0.7333, 0.75, 0.7667, 0.7833, 0.8, 0.8167, 0.8333, 0.85, 0.8667, 0.8833, 0.9, 0.9167, 0.9333, 0.95, 0.9667, 0.9833, 1.0, 1.0167, 1.0333, 1.05, 1.0667, 1.0833, 1.1, 1.1167, 1.1333, 1.15, 1.1667, 1.1833, 1.2, 1.2167, 1.2333, 1.25, 1.2667, 1.2833, 1.3, 1.3167, 1.3333, 1.35, 1.3667, 1.3833, 1.4, 1.4167, 1.4333, 1.45, 1.4667, 1.4833, 1.5, 1.5167, 1.5333, 1.55, 1.5667, 1.5833, 1.6, 1.6167, 1.6333, 1.65, 1.6667],
            "transform": [
                [0.557625, 0.828186, 0.056207, 0.124994, 0.051735, -0.102253, 0.993412, -0.002831, 0.828479, -0.551043, -0.099866, -1.2e-05, 0.0, 0.0, 0.0, 1.0],
                [0.559691, 0.827019, 0.052752, 0.124994, 0.063525, -0.106285, 0.992305, -0.002831, 0.826262, -0.552032, -0.112023, -1.2e-05, 0.0, 0.0, 0.0, 1.0],
                [0.565881, 0.823377, 0.042749, 0.124994, 0.097611, -0.118388, 0.988158, -0.002831, 0.818688, -0.555006, -0.147364, -1.2e-05, 0.0, 0.0, 0.0, 1.0],
                [0.5766, 0.816604, 0.02622, 0.124994, 0.152917, -0.139387, 0.97836, -0.002831, 0.802588, -0.560112, -0.205244, -1.2e-05, 0.0, 0.0, 0.0, 1.0],
                [0.592007, 0.805926, 0.00302, 0.124994, 0.2277, -0.170852, 0.958625, -0.002831, 0.773098, -0.566824, -0.284655, -1.2e-05, 0.0, 0.0, 0.0, 1.0],
                [0.611034, 0.79117, -0.02615, 0.124994, 0.317005, -0.214291, 0.923898, -0.002831, 0.725358, -0.572822, -0.381744, -1.2e-05, 0.0, 0.0, 0.0, 1.0],
                [0.631087, 0.773508, -0.058414, 0.124994, 0.411035, -0.269588, 0.870847, -0.002831, 0.65786, -0.573589, -0.488072, -1.2e-05, 0.0, 0.0, 0.0, 1.0],
                [0.649163, 0.755519, -0.088178, 0.124994, 0.496963, -0.333503, 0.801127, -0.002831, 0.57586, -0.563882, -0.591964, -1.2e-05, 0.0, 0.0, 0.0, 1.0],
                [0.663716, 0.740033, -0.108771, 0.124994, 0.564416, -0.40008, 0.72206, -0.002831, 0.490831, -0.540634, -0.683227, -1.2e-05, 0.0, 0.0, 0.0, 1.0],
                [0.675159, 0.728586, -0.115414, 0.124994, 0.609775, -0.463181, 0.643146, -0.00283, 0.41513, -0.504602, -0.756996, -1.2e-05, 0.0, 0.0, 0.0, 1.0],
                [0.684658, 0.720993, -0.106817, 0.124994, 0.635474, -0.518713, 0.571935, -0.002831, 0.356954, -0.459458, -0.813315, -1.2e-05, 0.0, 0.0, 0.0, 1.0],
                [0.692833, 0.716128, -0.084495, 0.124994, 0.646441, -0.564903, 0.512833, -0.002831, 0.319523, -0.409928, -0.85432, -1.2e-05, 0.0, 0.0, 0.0, 1.0],
                [0.699351, 0.712944, -0.051152, 0.124994, 0.647291, -0.60134, 0.468405, -0.002831, 0.303187, -0.360689, -0.882032, -1.2e-05, 0.0, 0.0, 0.0, 1.0],
                [0.702964, 0.711163, -0.009243, 0.124994, 0.64108, -0.627952, 0.44124, -0.002831, 0.307989, -0.316101, -0.897342, -1.2e-05, 0.0, 0.0, 0.0, 1.0],
                [0.705504, 0.708149, 0.02805, 0.124994, 0.632948, -0.647398, 0.42456, -0.002831, 0.318812, -0.281774, -0.904965, -1.2e-05, 0.0, 0.0, 0.0, 1.0],
                [0.710693, 0.702009, 0.045797, 0.124994, 0.627152, -0.661713, 0.410871, -0.002831, 0.31874, -0.263281, -0.910543, -1.2e-05, 0.0, 0.0, 0.0, 1.0],
                [0.725704, 0.68725, 0.032239, 0.124994, 0.606336, -0.661, 0.44208, -0.002831, 0.325129, -0.301271, -0.896396, -1.2e-05, 0.0, 0.0, 0.0, 1.0],
                [0.757106, 0.653289, 4e-05, 0.124994, 0.554944, -0.643164, 0.527614, -0.002831, 0.344711, -0.399437, -0.849485, -1.2e-05, 0.0, 0.0, 0.0, 1.0],
                [0.804211, 0.593939, -0.021899, 0.124994, 0.476866, -0.622822, 0.620235, -0.002831, 0.354743, -0.509242, -0.784111, -1.2e-05, 0.0, 0.0, 0.0, 1.0],
                [0.862464, 0.505425, -0.026459, 0.124994, 0.384048, -0.619502, 0.684634, -0.002831, 0.32964, -0.600632, -0.728407, -1.2e-05, 0.0, 0.0, 0.0, 1.0],
                [0.921182, 0.387968, -0.030076, 0.124994, 0.295882, -0.648136, 0.701694, -0.002831, 0.252741, -0.655285, -0.711845, -1.2e-05, 0.0, 0.0, 0.0, 1.0],
                [0.965219, 0.254115, -0.061453, 0.124994, 0.229056, -0.708649, 0.667345, -0.002831, 0.126034, -0.658209, -0.74221, -1.2e-05, 0.0, 0.0, 0.0, 1.0],
                [0.981241, 0.133185, -0.139375, 0.124994, 0.190167, -0.787351, 0.58644, -0.002831, -0.031632, -0.601943, -0.797912, -1.2e-05, 0.0, 0.0, 0.0, 1.0],
                [0.964828, 0.058145, -0.256372, 0.124994, 0.176564, -0.865853, 0.468104, -0.002831, -0.194763, -0.496905, -0.845666, -1.2e-05, 0.0, 0.0, 0.0, 1.0],
                [0.932695, 0.061256, -0.355426, 0.124994, 0.186693, -0.925168, 0.330465, -0.002831, -0.308586, -0.374578, -0.874337, -1.2e-05, 0.0, 0.0, 0.0, 1.0],
                [0.916547, 0.143712, -0.373213, 0.124994, 0.231107, -0.951938, 0.201, -0.002831, -0.32639, -0.270477, -0.905711, -1.2e-05, 0.0, 0.0, 0.0, 1.0],
                [0.91912, 0.265408, -0.291165, 0.124994, 0.308437, -0.944551, 0.112644, -0.002831, -0.245124, -0.193339, -0.950018, -1.2e-05, 0.0, 0.0, 0.0, 1.0],
                [0.916397, 0.376371, -0.136241, 0.124994, 0.389913, -0.916313, 0.09131, -0.00283, -0.090473, -0.136798, -0.98646, -1.2e-05, 0.0, 0.0, 0.0, 1.0],
                [0.895546, 0.444317, 0.024071, 0.124994, 0.437486, -0.889074, 0.134724, -0.002831, 0.081261, -0.11012, -0.990591, -1.2e-05, 0.0, 0.0, 0.0, 1.0],
                [0.865235, 0.481248, 0.140602, 0.124994, 0.452659, -0.870404, 0.193635, -0.002831, 0.215567, -0.103894, -0.970947, -1.2e-05, 0.0, 0.0, 0.0, 1.0],
                [0.840701, 0.501455, 0.204364, 0.124994, 0.457406, -0.859624, 0.227649, -0.002831, 0.289832, -0.097907, -0.952057, -1.2e-05, 0.0, 0.0, 0.0, 1.0],
                [0.83451, 0.505885, 0.21834, 0.124994, 0.458083, -0.857204, 0.235287, -0.002831, 0.306191, -0.096331, -0.947084, -1.2e-05, 0.0, 0.0, 0.0, 1.0],
                [0.844306, 0.499347, 0.194419, 0.124994, 0.440128, -0.853176, 0.279957, -0.002831, 0.30567, -0.1508, -0.94012, -1.2e-05, 0.0, 0.0, 0.0, 1.0],
                [0.859579, 0.484483, 0.162478, 0.124994, 0.394181, -0.830995, 0.392514, -0.002831, 0.325185, -0.27335, -0.905281, -1.2e-05, 0.0, 0.0, 0.0, 1.0],
                [0.872812, 0.468328, 0.137358, 0.124994, 0.334123, -0.778519, 0.531289, -0.002831, 0.355754, -0.41782, -0.835981, -1.2e-05, 0.0, 0.0, 0.0, 1.0],
                [0.877625, 0.465473, 0.114488, 0.124994, 0.27981, -0.691395, 0.666091, -0.002831, 0.389204, -0.552543, -0.737031, -1.2e-05, 0.0, 0.0, 0.0, 1.0],
                [0.871832, 0.482957, 0.081611, 0.124994, 0.251559, -0.584471, 0.771435, -0.002831, 0.420269, -0.652031, -0.631054, -1.2e-05, 0.0, 0.0, 0.0, 1.0],
                [0.856938, 0.514254, 0.034592, 0.124994, 0.25946, -0.488399, 0.833154, -0.002831, 0.445349, -0.704986, -0.551957, -1.1e-05, 0.0, 0.0, 0.0, 1.0],
                [0.837046, 0.546855, -0.017372, 0.124994, 0.297797, -0.428728, 0.852942, -0.002831, 0.458988, -0.719123, -0.521719, -1.2e-05, 0.0, 0.0, 0.0, 1.0],
                [0.820165, 0.568517, -0.064144, 0.124994, 0.349233, -0.408679, 0.843218, -0.002831, 0.453171, -0.713979, -0.53373, -1.2e-05, 0.0, 0.0, 0.0, 1.0],
                [0.818063, 0.564783, -0.108589, 0.124994, 0.393951, -0.412719, 0.821259, -0.00283, 0.419017, -0.714619, -0.560127, -1.2e-05, 0.0, 0.0, 0.0, 1.0],
                [0.823921, 0.548437, -0.142724, 0.124994, 0.419448, -0.420816, 0.804349, -0.002831, 0.381074, -0.722584, -0.57676, -1.2e-05, 0.0, 0.0, 0.0, 1.0],
                [0.825412, 0.543238, -0.153581, 0.124994, 0.427339, -0.423485, 0.798776, -0.002831, 0.368886, -0.724948, -0.581697, -1.1e-05, 0.0, 0.0, 0.0, 1.0],
                [0.82399, 0.54821, -0.143199, 0.124994, 0.419795, -0.420932, 0.804108, -0.00283, 0.380543, -0.722689, -0.57698, -1.1e-05, 0.0, 0.0, 0.0, 1.0],
                [0.820698, 0.558034, -0.122682, 0.124994, 0.404605, -0.416007, 0.814391, -0.00283, 0.403422, -0.718006, -0.5672, -1.1e-05, 0.0, 0.0, 0.0, 1.0],
                [0.818063, 0.564783, -0.10859, 0.124994, 0.393951, -0.412719, 0.821259, -0.00283, 0.419016, -0.71462, -0.560127, -1.1e-05, 0.0, 0.0, 0.0, 1.0],
                [0.817175, 0.56707, -0.103227, 0.124994, 0.389919, -0.411975, 0.823554, -0.002831, 0.424486, -0.713237, -0.557767, -1.2e-05, 0.0, 0.0, 0.0, 1.0],
                [0.816537, 0.569008, -0.097439, 0.124994, 0.385678, -0.412095, 0.825488, -0.002831, 0.429556, -0.711621, -0.555946, -1.2e-05, 0.0, 0.0, 0.0, 1.0],
                [0.816138, 0.570608, -0.091238, 0.124994, 0.38125, -0.413054, 0.827064, -0.002831, 0.434243, -0.709781, -0.554654, -1.2e-05, 0.0, 0.0, 0.0, 1.0],
                [0.815963, 0.571873, -0.084641, 0.124994, 0.376651, -0.414823, 0.828285, -0.002831, 0.438563, -0.707729, -0.553878, -1.1e-05, 0.0, 0.0, 0.0, 1.0],
                [0.816, 0.572811, -0.077664, 0.124994, 0.3719, -0.41737, 0.829152, -0.002831, 0.442532, -0.705469, -0.553603, -1.2e-05, 0.0, 0.0, 0.0, 1.0],
                [0.816234, 0.573423, -0.070324, 0.124994, 0.367011, -0.420669, 0.829662, -0.002831, 0.446165, -0.703008, -0.553818, -1.2e-05, 0.0, 0.0, 0.0, 1.0],
                [0.816656, 0.573714, -0.062641, 0.124994, 0.361999, -0.424684, 0.82982, -0.002831, 0.449477, -0.700352, -0.554506, -1.2e-05, 0.0, 0.0, 0.0, 1.0],
                [0.817251, 0.573685, -0.054628, 0.124994, 0.356876, -0.429391, 0.829617, -0.002831, 0.452482, -0.697499, -0.555656, -1.2e-05, 0.0, 0.0, 0.0, 1.0],
                [0.818008, 0.573339, -0.046307, 0.124993, 0.351654, -0.434759, 0.82905, -0.002831, 0.455194, -0.694452, -0.557255, -1.2e-05, 0.0, 0.0, 0.0, 1.0],
                [0.818915, 0.572675, -0.037698, 0.124994, 0.346345, -0.440753, 0.82812, -0.002831, 0.457629, -0.691215, -0.559283, -1.2e-05, 0.0, 0.0, 0.0, 1.0],
                [0.819959, 0.571695, -0.02882, 0.124994, 0.34096, -0.447342, 0.82682, -0.002831, 0.459798, -0.687784, -0.561727, -1.2e-05, 0.0, 0.0, 0.0, 1.0],
                [0.821131, 0.570399, -0.019693, 0.124994, 0.335506, -0.454496, 0.825148, -0.002831, 0.461714, -0.68416, -0.564574, -1.2e-05, 0.0, 0.0, 0.0, 1.0],
                [0.822419, 0.568787, -0.01034, 0.124994, 0.329994, -0.46218, 0.8231, -0.002831, 0.463391, -0.680343, -0.567803, -1.2e-05, 0.0, 0.0, 0.0, 1.0],
                [0.823812, 0.566861, -0.000782, 0.124994, 0.324434, -0.470362, 0.820672, -0.002831, 0.46484, -0.676332, -0.5714, -1.2e-05, 0.0, 0.0, 0.0, 1.0],
                [0.825301, 0.564621, 0.00896, 0.124994, 0.318832, -0.47901, 0.817861, -0.002831, 0.466073, -0.672124, -0.575347, -1.2e-05, 0.0, 0.0, 0.0, 1.0],
                [0.826875, 0.562068, 0.01886, 0.124994, 0.313196, -0.488087, 0.814666, -0.002831, 0.467103, -0.667719, -0.579625, -1.2e-05, 0.0, 0.0, 0.0, 1.0],
                [0.828526, 0.559204, 0.028898, 0.124994, 0.307534, -0.49756, 0.811083, -0.002831, 0.46794, -0.663115, -0.584217, -1.2e-05, 0.0, 0.0, 0.0, 1.0],
                [0.830242, 0.556032, 0.03905, 0.124994, 0.301854, -0.507396, 0.807113, -0.002831, 0.468595, -0.65831, -0.589104, -1.2e-05, 0.0, 0.0, 0.0, 1.0],
                [0.832016, 0.552555, 0.049291, 0.124994, 0.296163, -0.517558, 0.802758, -0.002831, 0.46908, -0.653309, -0.594265, -1.2e-05, 0.0, 0.0, 0.0, 1.0],
                [0.83384, 0.548778, 0.059596, 0.124994, 0.290467, -0.528012, 0.798018, -0.002831, 0.469403, -0.648108, -0.59968, -1.2e-05, 0.0, 0.0, 0.0, 1.0],
                [0.835704, 0.544707, 0.069944, 0.124994, 0.284775, -0.538721, 0.792895, -0.002831, 0.469576, -0.642707, -0.605331, -1.2e-05, 0.0, 0.0, 0.0, 1.0],
                [0.837601, 0.540345, 0.080309, 0.124994, 0.279092, -0.549651, 0.787395, -0.002831, 0.469607, -0.637108, -0.611196, -1.2e-05, 0.0, 0.0, 0.0, 1.0],
                [0.839524, 0.535704, 0.090664, 0.124994, 0.273427, -0.560765, 0.781524, -0.002831, 0.469508, -0.631317, -0.617253, -1.2e-05, 0.0, 0.0, 0.0, 1.0],
                [0.841464, 0.53079, 0.10099, 0.124994, 0.267786, -0.572029, 0.775289, -0.002831, 0.469286, -0.625332, -0.623481, -1.2e-05, 0.0, 0.0, 0.0, 1.0],
                [0.843415, 0.525616, 0.11126, 0.124994, 0.262177, -0.583406, 0.7687, -0.002831, 0.468951, -0.619162, -0.629859, -1.2e-05, 0.0, 0.0, 0.0, 1.0],
                [0.845369, 0.520192, 0.12145, 0.124994, 0.256607, -0.594863, 0.761768, -0.002831, 0.468513, -0.61281, -0.636365, -1.2e-05, 0.0, 0.0, 0.0, 1.0],
                [0.847321, 0.514532, 0.131538, 0.124994, 0.251083, -0.606363, 0.754506, -0.002831, 0.467978, -0.606281, -0.642976, -1.2e-05, 0.0, 0.0, 0.0, 1.0],
                [0.849264, 0.508651, 0.141499, 0.124994, 0.245615, -0.617871, 0.746932, -0.002831, 0.467357, -0.599588, -0.64967, -1.2e-05, 0.0, 0.0, 0.0, 1.0],
                [0.851192, 0.502566, 0.151314, 0.124994, 0.240209, -0.629355, 0.739061, -0.002831, 0.466658, -0.592735, -0.656425, -1.2e-05, 0.0, 0.0, 0.0, 1.0],
                [0.853101, 0.496297, 0.160957, 0.124994, 0.234874, -0.640778, 0.730915, -0.002831, 0.465889, -0.585739, -0.663217, -1.2e-05, 0.0, 0.0, 0.0, 1.0],
                [0.854983, 0.48986, 0.170408, 0.124994, 0.229619, -0.652108, 0.722516, -0.002831, 0.465057, -0.578609, -0.670024, -1.2e-05, 0.0, 0.0, 0.0, 1.0],
                [0.856835, 0.48328, 0.179648, 0.124994, 0.224452, -0.663313, 0.713888, -0.002831, 0.464171, -0.57136, -0.676824, -1.2e-05, 0.0, 0.0, 0.0, 1.0],
                [0.85865, 0.476578, 0.188657, 0.124994, 0.219382, -0.674361, 0.705059, -0.002831, 0.463239, -0.56401, -0.683594, -1.2e-05, 0.0, 0.0, 0.0, 1.0],
                [0.860425, 0.469782, 0.197415, 0.124994, 0.21442, -0.685219, 0.696059, -0.002831, 0.462269, -0.556576, -0.690311, -1.2e-05, 0.0, 0.0, 0.0, 1.0],
                [0.862155, 0.462917, 0.205903, 0.124994, 0.209574, -0.695856, 0.686922, -0.002831, 0.461267, -0.54908, -0.696952, -1.2e-05, 0.0, 0.0, 0.0, 1.0],
                [0.863836, 0.45601, 0.214106, 0.124994, 0.204854, -0.706245, 0.677681, -0.002831, 0.460241, -0.541543, -0.703497, -1.2e-05, 0.0, 0.0, 0.0, 1.0],
                [0.865464, 0.449094, 0.222006, 0.124994, 0.20027, -0.716353, 0.668378, -0.002831, 0.4592, -0.533995, -0.70992, -1.2e-05, 0.0, 0.0, 0.0, 1.0],
                [0.867034, 0.442199, 0.229589, 0.124994, 0.195834, -0.726154, 0.659051, -0.002831, 0.458149, -0.526458, -0.716199, -1.2e-05, 0.0, 0.0, 0.0, 1.0],
                [0.868544, 0.435359, 0.236839, 0.124993, 0.191555, -0.735618, 0.649746, -0.002831, 0.457097, -0.518965, -0.722313, -1.1e-05, 0.0, 0.0, 0.0, 1.0],
                [0.86999, 0.428611, 0.243742, 0.124994, 0.187444, -0.744717, 0.640516, -0.002831, 0.456051, -0.511553, -0.728238, -1.2e-05, 0.0, 0.0, 0.0, 1.0],
                [0.871367, 0.421989, 0.250287, 0.124994, 0.183513, -0.753427, 0.631403, -0.002831, 0.455018, -0.504252, -0.733954, -1.2e-05, 0.0, 0.0, 0.0, 1.0],
                [0.872674, 0.415533, 0.256458, 0.124994, 0.179772, -0.761717, 0.622469, -0.002831, 0.454006, -0.497108, -0.739433, -1.2e-05, 0.0, 0.0, 0.0, 1.0],
                [0.873907, 0.409282, 0.262246, 0.124994, 0.176234, -0.769565, 0.613767, -0.002831, 0.45302, -0.490158, -0.744659, -1.2e-05, 0.0, 0.0, 0.0, 1.0],
                [0.875063, 0.40328, 0.267637, 0.124994, 0.17291, -0.776939, 0.605364, -0.002831, 0.45207, -0.483453, -0.749603, -1.2e-05, 0.0, 0.0, 0.0, 1.0],
                [0.876137, 0.397567, 0.272622, 0.124994, 0.169812, -0.783818, 0.59732, -0.002831, 0.451162, -0.477039, -0.754246, -1.2e-05, 0.0, 0.0, 0.0, 1.0],
                [0.877129, 0.392187, 0.277189, 0.124994, 0.16695, -0.790173, 0.589706, -0.002831, 0.450302, -0.47097, -0.758561, -1.2e-05, 0.0, 0.0, 0.0, 1.0],
                [0.878032, 0.387187, 0.281326, 0.124994, 0.16434, -0.795977, 0.58259, -0.002831, 0.449501, -0.465299, -0.762526, -1.2e-05, 0.0, 0.0, 0.0, 1.0],
                [0.878846, 0.38261, 0.285022, 0.124994, 0.16199, -0.801204, 0.576045, -0.002831, 0.448763, -0.460083, -0.766116, -1.2e-05, 0.0, 0.0, 0.0, 1.0],
                [0.879566, 0.378504, 0.288267, 0.124994, 0.159915, -0.805827, 0.570147, -0.00283, 0.448097, -0.455382, -0.769308, -1.2e-05, 0.0, 0.0, 0.0, 1.0],
                [0.880187, 0.374916, 0.291047, 0.124994, 0.158127, -0.809816, 0.56497, -0.002831, 0.447512, -0.451256, -0.772076, -1.2e-05, 0.0, 0.0, 0.0, 1.0],
                [0.880706, 0.371887, 0.293351, 0.124994, 0.156636, -0.813145, 0.560588, -0.002831, 0.447013, -0.447763, -0.774394, -1.2e-05, 0.0, 0.0, 0.0, 1.0],
                [0.881119, 0.369464, 0.295168, 0.124994, 0.155456, -0.815785, 0.557069, -0.002831, 0.446611, -0.444958, -0.776241, -1.2e-05, 0.0, 0.0, 0.0, 1.0],
                [0.881421, 0.367688, 0.296482, 0.124994, 0.154599, -0.817706, 0.554486, -0.002831, 0.446313, -0.442899, -0.777589, -1.2e-05, 0.0, 0.0, 0.0, 1.0],
                [0.881607, 0.366596, 0.297281, 0.124994, 0.154076, -0.818881, 0.552895, -0.002831, 0.446128, -0.441631, -0.778416, -1.2e-05, 0.0, 0.0, 0.0, 1.0],
                [0.881669, 0.366226, 0.297551, 0.124994, 0.1539, -0.819279, 0.552353, -0.002831, 0.446064, -0.441199, -0.778697, -1.2e-05, 0.0, 0.0, 0.0, 1.0]
            ]
        },
        {
            "name": "Leg_R",
            "time": [0.0, 0.0167, 0.0333, 0.05, 0.0667, 0.0833, 0.1, 0.1167, 0.1333, 0.15, 0.1667, 0.1833, 0.2, 0.2167, 0.2333, 0.25, 0.2667, 0.2833, 0.3, 0.3167, 0.3333, 0.35, 0.3667, 0.3833, 0.4, 0.4167, 0.4333, 0.45, 0.4667, 0.4833, 0.5, 0.5167, 0.5333, 0.55, 0.5667, 0.5833, 0.6, 0.6167, 0.6333, 0.65, 0.6667, 0.6833, 0.7, 0.7167, 0.7333, 0.75, 0.7667, 0.7833, 0.8, 0.8167, 0.8333, 0.85, 0.8667, 0.8833, 0.9, 0.9167, 0.9333, 0.95, 0.9667, 0.9833, 1.0, 1.0167, 1.0333, 1.05, 1.0667, 1.0833, 1.1, 1.1167, 1.1333, 1.15, 1.1667, 1.1833, 1.2, 1.2167, 1.2333, 1.25, 1.2667, 1.2833, 1.3, 1.3167, 1.3333, 1.35, 1.3667, 1.3833, 1.4, 1.4167, 1.4333, 1.45, 1.4667, 1.4833, 1.5, 1.5167, 1.5333, 1.55, 1.5667, 1.5833, 1.6, 1.6167, 1.6333, 1.65, 1.6667],
            "transform": [
                [1.0, -1e-06, 1e-06, 0.0, -0.0, 0.472521, 0.881319, 0.374726, -1e-06, -0.881321, 0.472518, 0.0, 0.0, 0.0, 0.0, 1.0],
                [1.0, -1e-06, 1e-06, 0.0, -0.0, 0.476107, 0.879387, 0.374726, -1e-06, -0.87939, 0.476103, 0.0, 0.0, 0.0, 0.0, 1.0],
                [1.0, -1e-06, 1e-06, 0.0, -0.0, 0.48633, 0.873775, 0.374726, -1e-06, -0.873777, 0.486327, -0.0, 0.0, 0.0, 0.0, 1.0],
                [1.0, -1e-06, 1e-06, -0.0, -0.0, 0.502522, 0.864564, 0.374726, -1e-06, -0.864566, 0.502519, -0.0, 0.0, 0.0, 0.0, 1.0],
                [1.000001, -1e-06, 1e-06, 0.0, -0.0, 0.52411, 0.85165, 0.374726, -1e-06, -0.851653, 0.524107, 0.0, 0.0, 0.0, 0.0, 1.0],
                [1.000001, -1e-06, 1e-06, 0.0, -0.0, 0.550547, 0.834805, 0.374726, -1e-06, -0.834807, 0.550543, 0.0, 0.0, 0.0, 0.0, 1.0],
                [1.0, -1e-06, 1e-06, 0.0, -0.0, 0.58123, 0.81374, 0.374726, -1e-06, -0.813742, 0.581225, -0.0, 0.0, 0.0, 0.0, 1.0],
                [1.0, -1e-06, 1e-06, 0.0, -0.0, 0.615428, 0.788194, 0.374726, -1e-06, -0.788197, 0.615423, -0.0, 0.0, 0.0, 0.0, 1.0],
                [1.000001, -1e-06, 1e-06, 0.0, -0.0, 0.652218, 0.758033, 0.374726, -1e-06, -0.758035, 0.652213, -0.0, 0.0, 0.0, 0.0, 1.0],
                [1.0, -0.0, 1e-06, -0.0, -0.0, 0.69044, 0.72339, 0.374726, -1e-06, -0.723393, 0.690435, 0.0, 0.0, 0.0, 0.0, 1.0],
                [1.000001, -0.0, 1e-06, 0.0, -0.0, 0.728667, 0.68487, 0.374726, -1e-06, -0.684873, 0.728661, -0.0, 0.0, 0.0, 0.0, 1.0],
                [1.0, -0.0, 1e-06, -0.0, -0.0, 0.76522, 0.643772, 0.374726, -1e-06, -0.643774, 0.765214, -0.0, 0.0, 0.0, 0.0, 1.0],
                [1.0, -0.0, 1e-06, 0.0, -0.0, 0.798205, 0.602391, 0.374726, -1e-06, -0.602394, 0.798197, -0.0, 0.0, 0.0, 0.0, 1.0],
                [1.0, -0.0, 1e-06, -0.0, -0.0, 0.825579, 0.56429, 0.374726, -1e-06, -0.564293, 0.825572, -0.0, 0.0, 0.0, 0.0, 1.0],
                [1.0, -0.0, 1e-06, 0.0, 0.0, 0.845243, 0.534387, 0.374726, -1e-06, -0.53439, 0.845235, 0.0, 0.0, 0.0, 0.0, 1.0],
                [1.0, -0.0, 1e-06, 0.0, 0.0, 0.855151, 0.518383, 0.374726, -1e-06, -0.518386, 0.855144, 0.0, 0.0, 0.0, 0.0, 1.0],
                [1.0, -0.0, 1e-06, 0.0, -0.0, 0.821148, 0.570718, 0.374726, -1e-06, -0.570721, 0.821141, 0.0, 0.0, 0.0, 0.0, 1.0],
                [1.0, -0.0, 1e-06, 0.0, -0.0, 0.727645, 0.685954, 0.374726, -1e-06, -0.685958, 0.727639, 0.0, 0.0, 0.0, 0.0, 1.0],
                [1.0, -1e-06, 1e-06, -0.0, -0.0, 0.60753, 0.794296, 0.374726, -1e-06, -0.794299, 0.607527, -0.0, 0.0, 0.0, 0.0, 1.0],
                [1.0, -1e-06, 1e-06, 0.0, -0.0, 0.49432, 0.869279, 0.374726, -1e-06, -0.869282, 0.494317, 0.0, 0.0, 0.0, 0.0, 1.0],
                [1.000001, -1e-06, 1e-06, -0.0, -0.0, 0.413219, 0.910631, 0.374726, -1e-06, -0.910634, 0.413217, 0.0, 0.0, 0.0, 0.0, 1.0],
                [1.0, -1e-06, 1e-06, -0.0, -0.0, 0.376442, 0.926439, 0.374726, -1e-06, -0.926441, 0.37644, -0.0, 0.0, 0.0, 0.0, 1.0],
                [1.000001, -1e-06, 1e-06, 0.0, -0.0, 0.384643, 0.923065, 0.374726, -1e-06, -0.923068, 0.38464, 0.0, 0.0, 0.0, 0.0, 1.0],
                [1.0, -1e-06, 1e-06, 0.0, -0.0, 0.432379, 0.901691, 0.374726, -1e-06, -0.901693, 0.432376, -0.0, 0.0, 0.0, 0.0, 1.0],
                [1.0, -1e-06, 1e-06, -0.0, -0.0, 0.511624, 0.859209, 0.374726, -1e-06, -0.859212, 0.51162, -0.0, 0.0, 0.0, 0.0, 1.0],
                [1.0, -1e-06, 1e-06, -0.0, -0.0, 0.610435, 0.792067, 0.374726, -1e-06, -0.79207, 0.61043, 0.0, 0.0, 0.0, 0.0, 1.0],
                [1.0, -1e-06, 1e-06, -0.0, -0.0, 0.710401, 0.703798, 0.374726, -1e-06, -0.703801, 0.710396, 0.0, 0.0, 0.0, 0.0, 1.0],
                [1.0, -0.0, 1e-06, -0.0, -0.0, 0.787529, 0.61628, 0.374726, -1e-06, -0.616283, 0.787523, 0.0, 0.0, 0.0, 0.0, 1.0],
                [1.000001, -1e-06, 1e-06, 0.0, -0.0, 0.817596, 0.575796, 0.374726, -1e-06, -0.575799, 0.817588, 0.0, 0.0, 0.0, 0.0, 1.0],
                [1.0, -0.0, 1e-06, -0.0, -0.0, 0.817596, 0.575796, 0.374726, -1e-06, -0.575799, 0.817589, 0.0, 0.0, 0.0, 0.0, 1.0],
                [1.0, -0.0, 1e-06, -0.0, -0.0, 0.817596, 0.575795, 0.374726, -1e-06, -0.575798, 0.817589, 0.0, 0.0, 0.0, 0.0, 1.0],
                [1.0, -1e-06, 1e-06, 0.0, -0.0, 0.817596, 0.575795, 0.374726, -1e-06, -0.575798, 0.817589, 0.0, 0.0, 0.0, 0.0, 1.0],
                [1.0, -0.0, 1e-06, -0.0, -0.0, 0.767043, 0.641599, 0.374726, -1e-06, -0.641601, 0.767036, -0.0, 0.0, 0.0, 0.0, 1.0],
                [1.0, -0.0, 1e-06, -0.0, -0.0, 0.647498, 0.762067, 0.374726, -1e-06, -0.76207, 0.647494, -0.0, 0.0, 0.0, 0.0, 1.0],
                [1.0, -1e-06, 1e-06, 0.0, -0.0, 0.514683, 0.85738, 0.374726, -1e-06, -0.857383, 0.514681, -0.0, 0.0, 0.0, 0.0, 1.0],
                [1.0, -1e-06, 1e-06, 0.0, -0.0, 0.417461, 0.908695, 0.374726, -1e-06, -0.908697, 0.417458, -0.0, 0.0, 0.0, 0.0, 1.0],
                [1.0, -1e-06, 0.0, 0.0, -0.0, 0.384885, 0.922965, 0.374726, -1e-06, -0.922967, 0.384882, -0.0, 0.0, 0.0, 0.0, 1.0],
