{
    "animation": [
        {
            "name": "Root",
            "time": [0.0, 0.0167, 0.0333, 0.05, 0.0667, 0.0833, 0.1, 0.1167, 0.1333, 0.15, 0.1667, 0.1833, 0.2, 0.2167, 0.2333, 0.25, 0.2667, 0.2833, 0.3, 0.3167, 0.3333, 0.35, 0.3667, 0.3833, 0.4, 0.4167, 0.4333, 0.45, 0.4667, 0.4833, 0.5, 0.5167, 0.5333, 0.55, 0.5667, 0.5833, 0.6, 0.6167, 0.6333, 0.65, 0.6667, 0.6833, 0.7, 0.7167, 0.7333, 0.75, 0.7667, 0.7833, 0.8, 0.8167, 0.8333, 0.85, 0.8667, 0.8833, 0.9, 0.9167, 0.9333, 0.95, 0.9667, 0.9833, 1.0, 1.0167, 1.0333, 1.05, 1.0667, 1.0833, 1.1, 1.1167, 1.1333, 1.15, 1.1667, 1.1833, 1.2, 1.2167, 1.2333, 1.25, 1.2667, 1.2833, 1.3, 1.3167, 1.3333, 1.35, 1.3667, 1.3833, 1.4, 1.4167, 1.4333, 1.45, 1.4667, 1.4833, 1.5, 1.5167, 1.5333, 1.55, 1.5667, 1.5833, 1.6, 1.6167, 1.6333, 1.65, 1.6667],
            "transform": [
                [0.78635, 0.0, 0.617782, -5e-06, 0.613358, 0.119463, -0.780718, 0.719509, -0.073802, 0.992839, 0.09394, 0.728846, 0.0, 0.0, 0.0, 1.0],
                [0.780831, 0.001483, 0.624741, -5e-06, 0.619985, 0.121329, -0.775176, 0.719652, -0.076949, 0.992611, 0.093818, 0.727801, 0.0, 0.0, 0.0, 1.0],
                [0.764881, 0.005584, 0.644147, -5e-06, 0.638427, 0.126671, -0.759187, 0.720657, -0.085834, 0.991929, 0.093324, 0.724861, 0.0, 0.0, 0.0, 1.0],
                [0.739021, 0.011699, 0.673581, -5e-06, 0.666274, 0.135182, -0.733352, 0.723384, -0.099636, 0.990752, 0.092107, 0.720317, 0.0, 0.0, 0.0, 1.0],
                [0.703563, 0.01915, 0.710375, -5e-06, 0.700852, 0.146586, -0.698083, 0.728694, -0.117499, 0.989012, 0.089711, 0.714461, 0.0, 0.0, 0.0, 1.0],
                [0.658962, 0.027216, 0.751683, -5e-06, 0.739317, 0.160562, -0.653935, 0.737449, -0.138489, 0.98665, 0.085683, 0.707585, 0.0, 0.0, 0.0, 1.0],
                [0.606098, 0.035194, 0.794611, -5e-06, 0.778807, 0.176679, -0.601868, 0.75051, -0.161573, 0.983639, 0.079676, 0.699979, 0.0, 0.0, 0.0, 1.0],
                [0.546461, 0.042454, 0.836408, -5e-06, 0.81665, 0.194369, -0.543418, 0.768738, -0.185642, 0.980009, 0.071545, 0.691936, 0.0, 0.0, 0.0, 1.0],
                [0.482226, 0.048509, 0.874703, -5e-06, 0.850612, 0.212924, -0.480753, 0.792994, -0.209566, 0.975864, 0.061415, 0.683748, 0.0, 0.0, 0.0, 1.0],
                [0.416172, 0.05307, 0.907736, -5e-06, 0.879117, 0.231533, -0.416588, 0.824139, -0.232279, 0.971378, 0.049703, 0.675705, 0.0, 0.0, 0.0, 1.0],
                [0.351504, 0.056074, 0.934506, -5e-06, 0.901392, 0.249338, -0.35401, 0.863034, -0.252859, 0.966792, 0.037098, 0.6681, 0.0, 0.0, 0.0, 1.0],
                [0.291609, 0.057675, 0.954797, -5e-06, 0.91747, 0.265495, -0.296246, 0.910541, -0.27058, 0.962385, 0.024505, 0.661223, 0.0, 0.0, 0.0, 1.0],
                [0.239832, 0.058201, 0.969068, -5e-06, 0.928061, 0.279219, -0.246453, 0.967521, -0.284926, 0.958462, 0.012952, 0.655367, 0.0, 0.0, 0.0, 1.0],
                [0.199333, 0.058082, 0.978209, -5e-06, 0.934301, 0.289804, -0.207593, 1.034834, -0.295546, 0.955322, 0.003502, 0.650824, 0.0, 0.0, 0.0, 1.0],
                [0.173035, 0.057762, 0.983221, -5e-06, 0.937419, 0.296609, -0.182399, 1.113343, -0.302167, 0.953251, -0.002823, 0.647884, 0.0, 0.0, 0.0, 1.0],
                [0.163679, 0.057603, 0.984831, -5e-06, 0.938353, 0.299017, -0.173443, 1.203907, -0.304472, 0.952508, -0.005109, 0.646839, 0.0, 0.0, 0.0, 1.0],
                [0.002812, 0.000989, 0.016917, -0.067659, 0.016118, 0.005136, -0.002979, 1.411878, -0.00523, 0.016362, -8.8e-05, 0.738716, 0.0, 0.0, 0.0, 1.0],
                [0.002977, 0.001476, 0.018636, -0.156171, 0.017757, 0.005677, -0.003286, 1.658915, -0.005845, 0.017998, -0.000492, 0.882066, 0.0, 0.0, 0.0, 1.0],
                [0.004357, 0.00412, 0.030614, -0.228547, 0.029242, 0.009414, -0.005429, 1.883216, -0.009956, 0.029455, -0.002547, 1.02752, 0.0, 0.0, 0.0, 1.0],
                [0.007308, 0.013478, 0.062641, -0.286275, 0.060405, 0.019582, -0.011261, 2.083797, -0.021374, 0.059949, -0.010405, 1.168293, 0.0, 0.0, 0.0, 1.0],
                [0.010514, 0.038432, 0.123036, -0.330843, 0.121089, 0.039369, -0.022646, 2.259674, -0.044184, 0.11704, -0.032783, 1.297604, 0.0, 0.0, 0.0, 1.0],
                [0.011245, 0.090911, 0.217734, -0.36374, 0.221276, 0.071611, -0.041328, 2.409861, -0.081913, 0.205928, -0.081751, 1.408668, 0.0, 0.0, 0.0, 1.0],
                [0.006677, 0.182616, 0.350956, -0.386454, 0.371288, 0.118315, -0.068628, 2.533375, -0.136615, 0.330479, -0.169361, 1.494702, 0.0, 0.0, 0.0, 1.0],
                [-0.004497, 0.331089, 0.543554, -0.400518, 0.598856, 0.186256, -0.108498, 2.628399, -0.215506, 0.510666, -0.312839, 1.55095, 0.0, 0.0, 0.0, 1.0],
                [-0.021509, 0.496573, 0.732702, -0.407659, 0.833948, 0.256962, -0.149669, 2.689794, -0.296593, 0.686502, -0.473968, 1.580759, 0.0, 0.0, 0.0, 1.0],
                [-0.03643, 0.584496, 0.810579, -0.409645, 0.938353, 0.299017, -0.173443, 2.711586, -0.343754, 0.75429, -0.559356, 1.589501, 0.0, 0.0, 0.0, 1.0],
                [-0.046222, 0.598217, 0.8, -0.409645, 0.930292, 0.317519, -0.183682, 2.711586, -0.363897, 0.735743, -0.571193, 1.589501, 0.0, 0.0, 0.0, 1.0],
                [-0.053763, 0.607203, 0.792726, -0.409645, 0.91952, 0.339646, -0.197797, 2.711586, -0.389349, 0.718293, -0.576596, 1.589501, 0.0, 0.0, 0.0, 1.0],
                [-0.056643, 0.609336, 0.790886, -0.409645, 0.905141, 0.365632, -0.216875, 2.711586, -0.421323, 0.703578, -0.572245, 1.589501, 0.0, 0.0, 0.0, 1.0],
                [-0.052066, 0.602554, 0.796378, -0.409645, 0.885806, 0.396094, -0.241779, 2.711586, -0.461126, 0.692848, -0.554369, 1.589501, 0.0, 0.0, 0.0, 1.0],
                [-0.03643, 0.584496, 0.810579, -0.409645, 0.859444, 0.432213, -0.273035, 2.711586, -0.50993, 0.6867, -0.518087, 1.589501, 0.0, 0.0, 0.0, 1.0],
                [0.012808, 0.567414, 0.823333, -0.409049, 0.813186, 0.473236, -0.338788, 2.729, -0.581863, 0.673862, -0.455352, 1.557304, 0.0, 0.0, 0.0, 1.0],
                [0.117675, 0.564626, 0.816915, -0.404879, 0.724931, 0.513379, -0.459257, 2.779102, -0.678695, 0.64625, -0.348903, 1.471006, 0.0, 0.0, 0.0, 1.0],
                [0.279341, 0.574901, 0.769063, -0.39356, 0.571331, 0.544214, -0.614339, 2.858684, -0.771719, 0.610999, -0.176437, 1.346045, 0.0, 0.0, 0.0, 1.0],
                [0.48323, 0.592833, 0.644234, -0.371518, 0.331969, 0.556829, -0.761406, 2.964539, -0.810114, 0.5818, 0.072274, 1.197859, 0.0, 0.0, 0.0, 1.0],
                [0.682963, 0.602738, 0.412636, -0.335178, 0.018441, 0.550496, -0.834634, 3.09346, -0.73022, 0.577633, 0.364854, 1.041886, 0.0, 0.0, 0.0, 1.0],
                [0.820148, 0.56566, 0.085942, -0.283018, -0.294686, 0.546377, -0.783985, 3.240084, -0.490425, 0.617658, 0.614802, 0.892034, 0.0, 0.0, 0.0, 1.0],
                [0.841693, 0.476603, -0.253775, -0.223253, -0.515937, 0.571274, -0.638322, 3.390436, -0.159251, 0.668203, 0.726735, 0.75609, 0.0, 0.0, 0.0, 1.0],
                [0.772039, 0.378947, -0.510249, -0.16691, -0.622071, 0.615142, -0.484384, 3.528387, 0.13032, 0.691375, 0.710646, 0.640311, 0.0, 0.0, 0.0, 1.0],
                [0.689638, 0.307741, -0.655511, -0.125017, -0.653996, 0.65337, -0.381309, 3.637808, 0.310947, 0.691667, 0.65185, 0.550952, 0.0, 0.0, 0.0, 1.0],
                [0.654116, 0.280614, -0.702416, -0.108602, -0.658179, 0.668775, -0.345746, 3.70257, 0.372738, 0.688473, 0.622151, 0.494271, 0.0, 0.0, 0.0, 1.0],
                [0.654115, 0.280614, -0.702416, -0.108602, -0.658179, 0.668775, -0.345746, 3.722958, 0.372738, 0.688473, 0.622151, 0.471954, 0.0, 0.0, 0.0, 1.0],
                [0.654116, 0.280614, -0.702416, -0.108602, -0.658179, 0.668775, -0.345746, 3.727274, 0.372738, 0.688473, 0.622151, 0.468766, 0.0, 0.0, 0.0, 1.0],
                [0.654116, 0.280614, -0.702416, -0.108602, -0.658179, 0.668775, -0.345746, 3.73583, 0.372738, 0.688473, 0.622151, 0.475378, 0.0, 0.0, 0.0, 1.0],
                [0.654116, 0.280614, -0.702416, -0.108602, -0.658179, 0.668775, -0.345746, 3.74657, 0.372738, 0.688473, 0.622151, 0.487659, 0.0, 0.0, 0.0, 1.0],
                [0.654116, 0.280614, -0.702416, -0.108602, -0.658179, 0.668775, -0.345746, 3.751848, 0.372738, 0.688473, 0.622151, 0.494271, 0.0, 0.0, 0.0, 1.0],
                [0.654116, 0.280614, -0.702416, -0.108602, -0.658179, 0.668775, -0.345746, 3.751848, 0.372738, 0.688473, 0.622151, 0.494271, 0.0, 0.0, 0.0, 1.0],
                [0.654116, 0.280614, -0.702416, -0.108602, -0.658179, 0.668775, -0.345746, 3.751848, 0.372738, 0.688473, 0.622151, 0.494271, 0.0, 0.0, 0.0, 1.0],
                [0.654116, 0.280614, -0.702416, -0.108602, -0.658179, 0.668775, -0.345746, 3.751848, 0.372738, 0.688473, 0.622151, 0.494271, 0.0, 0.0, 0.0, 1.0],
                [0.654116, 0.280614, -0.702416, -0.108602, -0.658179, 0.668775, -0.345746, 3.751848, 0.372738, 0.688473, 0.622151, 0.494271, 0.0, 0.0, 0.0, 1.0],
                [0.654116, 0.280614, -0.702416, -0.108602, -0.658179, 0.668775, -0.345746, 3.751848, 0.372738, 0.688473, 0.622151, 0.494271, 0.0, 0.0, 0.0, 1.0],
                [0.654116, 0.280614, -0.702416, -0.108602, -0.658179, 0.668775, -0.345746, 3.751848, 0.372738, 0.688473, 0.622151, 0.494271, 0.0, 0.0, 0.0, 1.0],
                [0.654116, 0.280614, -0.702416, -0.108602, -0.658179, 0.668775, -0.345746, 3.751848, 0.372738, 0.688473, 0.622151, 0.494271, 0.0, 0.0, 0.0, 1.0],
                [0.654116, 0.280614, -0.702416, -0.108602, -0.658179, 0.668775, -0.345746, 3.751848, 0.372738, 0.688473, 0.622151, 0.494271, 0.0, 0.0, 0.0, 1.0],
                [0.654116, 0.280614, -0.702416, -0.108602, -0.658179, 0.668775, -0.345746, 3.751848, 0.372738, 0.688473, 0.622151, 0.494271, 0.0, 0.0, 0.0, 1.0],
                [0.654116, 0.280614, -0.702416, -0.108602, -0.658179, 0.668775, -0.345746, 3.751848, 0.372738, 0.688473, 0.622151, 0.494271, 0.0, 0.0, 0.0, 1.0],
                [0.654953, 0.280294, -0.701763, -0.108405, -0.658126, 0.66795, -0.347438, 3.751848, 0.371358, 0.689404, 0.621945, 0.494276, 0.0, 0.0, 0.0, 1.0],
                [0.657458, 0.279307, -0.699812, -0.107824, -0.657887, 0.665566, -0.352431, 3.751842, 0.367335, 0.692105, 0.621334, 0.494309, 0.0, 0.0, 0.0, 1.0],
                [0.661617, 0.277621, -0.696555, -0.106879, -0.657318, 0.661738, -0.360604, 3.751828, 0.360826, 0.69644, 0.620303, 0.494399, 0.0, 0.0, 0.0, 1.0],
                [0.667419, 0.27521, -0.691962, -0.10559, -0.656246, 0.656565, -0.371838, 3.751801, 0.351984, 0.702269, 0.618809, 0.494574, 0.0, 0.0, 0.0, 1.0],
                [0.674846, 0.272058, -0.685979, -0.103976, -0.654472, 0.650123, -0.386013, 3.751756, 0.340953, 0.709454, 0.616787, 0.494862, 0.0, 0.0, 0.0, 1.0],
                [0.683877, 0.26815, -0.678533, -0.102055, -0.651772, 0.642481, -0.403003, 3.751689, 0.327879, 0.717853, 0.614151, 0.495292, 0.0, 0.0, 0.0, 1.0],
                [0.694484, 0.26348, -0.66953, -0.099847, -0.647902, 0.633696, -0.422672, 3.751595, 0.312913, 0.727329, 0.610801, 0.495893, 0.0, 0.0, 0.0, 1.0],
                [0.706629, 0.25804, -0.658856, -0.097371, -0.642599, 0.623821, -0.444875, 3.75147, 0.296213, 0.737742, 0.606626, 0.496692, 0.0, 0.0, 0.0, 1.0],
                [0.720258, 0.251828, -0.646383, -0.094647, -0.635587, 0.612904, -0.469444, 3.75131, 0.277952, 0.748954, 0.601507, 0.497719, 0.0, 0.0, 0.0, 1.0],
                [0.735305, 0.244842, -0.631964, -0.091692, -0.626576, 0.600996, -0.496192, 3.751109, 0.25832, 0.760826, 0.595327, 0.499001, 0.0, 0.0, 0.0, 1.0],
                [0.751679, 0.237082, -0.615443, -0.088528, -0.615271, 0.588149, -0.524902, 3.750865, 0.237528, 0.773223, 0.587969, 0.500566, 0.0, 0.0, 0.0, 1.0],
                [0.769268, 0.228546, -0.596652, -0.085171, -0.601375, 0.57442, -0.555329, 3.750571, 0.21581, 0.786008, 0.579325, 0.502444, 0.0, 0.0, 0.0, 1.0],
                [0.787931, 0.219231, -0.575415, -0.081643, -0.584594, 0.559871, -0.587192, 3.750225, 0.193427, 0.799051, 0.5693, 0.504662, 0.0, 0.0, 0.0, 1.0],
                [0.807494, 0.209132, -0.551559, -0.077962, -0.564647, 0.544572, -0.620173, 3.749821, 0.170665, 0.812222, 0.557825, 0.507249, 0.0, 0.0, 0.0, 1.0],
                [0.82775, 0.19824, -0.52491, -0.074146, -0.541271, 0.528603, -0.653915, 3.749354, 0.147837, 0.825397, 0.544853, 0.510234, 0.0, 0.0, 0.0, 1.0],
                [0.848454, 0.186539, -0.495307, -0.070216, -0.514229, 0.512049, -0.688022, 3.748821, 0.125279, 0.838456, 0.530374, 0.513644, 0.0, 0.0, 0.0, 1.0],
                [0.869321, 0.174006, -0.462604, -0.066191, -0.483322, 0.495005, -0.722059, 3.748218, 0.103349, 0.851288, 0.514419, 0.517508, 0.0, 0.0, 0.0, 1.0],
                [0.890027, 0.160611, -0.426681, -0.062089, -0.448397, 0.477571, -0.755557, 3.747539, 0.08242, 0.863788, 0.497068, 0.521855, 0.0, 0.0, 0.0, 1.0],
                [0.910206, 0.146311, -0.38745, -0.05793, -0.409354, 0.459853, -0.788013, 3.74678, 0.062875, 0.875859, 0.478454, 0.526712, 0.0, 0.0, 0.0, 1.0],
                [0.929459, 0.131053, -0.344864, -0.053732, -0.36616, 0.441957, -0.818902, 3.745936, 0.045095, 0.887411, 0.458767, 0.532109, 0.0, 0.0, 0.0, 1.0],
                [0.947295, 0.115564, -0.298792, -0.049515, -0.319076, 0.42382, -0.847683, 3.744563, 0.028672, 0.898344, 0.438356, 0.538207, 0.0, 0.0, 0.0, 1.0],
                [0.963153, 0.10072, -0.249381, -0.045294, -0.268635, 0.405325, -0.873812, 3.742271, 0.01307, 0.908607, 0.417447, 0.545094, 0.0, 0.0, 0.0, 1.0],
                [0.976542, 0.086676, -0.197114, -0.041084, -0.215324, 0.386525, -0.896791, 3.739144, -0.00154, 0.918197, 0.396121, 0.55268, 0.0, 0.0, 0.0, 1.0],
                [0.987049, 0.073566, -0.142556, -0.0369, -0.159715, 0.367502, -0.916206, 3.735264, -0.015011, 0.927109, 0.374492, 0.560877, 0.0, 0.0, 0.0, 1.0],
                [0.994366, 0.061501, -0.086338, -0.032757, -0.102447, 0.348365, -0.931744, 3.730715, -0.027226, 0.935339, 0.352703, 0.569596, 0.0, 0.0, 0.0, 1.0],
                [0.998296, 0.050565, -0.029134, -0.02867, -0.044203, 0.329243, -0.94321, 3.72558, -0.038101, 0.942891, 0.330917, 0.578751, 0.0, 0.0, 0.0, 1.0],
                [0.998764, 0.040808, 0.02836, -0.024654, 0.014313, 0.310279, -0.950538, 3.71994, -0.047589, 0.949769, 0.309311, 0.588252, 0.0, 0.0, 0.0, 1.0],
                [0.99582, 0.032252, 0.085456, -0.020724, 0.072404, 0.291625, -0.953789, 3.71388, -0.055682, 0.955989, 0.288071, 0.598011, 0.0, 0.0, 0.0, 1.0],
                [0.989626, 0.024885, 0.141493, -0.016895, 0.129401, 0.273434, -0.953147, 3.707483, -0.062408, 0.961569, 0.267377, 0.60794, 0.0, 0.0, 0.0, 1.0],
                [0.980453, 0.018669, 0.195865, -0.013182, 0.184692, 0.255852, -0.948909, 3.70083, -0.067828, 0.966536, 0.247403, 0.617951, 0.0, 0.0, 0.0, 1.0],
                [0.968656, 0.013539, 0.248035, -0.0096, 0.237731, 0.239016, -0.941464, 3.694006, -0.072031, 0.970921, 0.228306, 0.627956, 0.0, 0.0, 0.0, 1.0],
                [0.954661, 0.00941, 0.297545, -0.006163, 0.288058, 0.223046, -0.931275, 3.687093, -0.075129, 0.974762, 0.210223, 0.637865, 0.0, 0.0, 0.0, 1.0],
                [0.93894, 0.006182, 0.344024, -0.002888, 0.335295, 0.208045, -0.918855, 3.680174, -0.077253, 0.9781, 0.19327, 0.647592, 0.0, 0.0, 0.0, 1.0],
                [0.921993, 0.003745, 0.387187, 0.000212, 0.379156, 0.194096, -0.904747, 3.673331, -0.07854, 0.980975, 0.177536, 0.657048, 0.0, 0.0, 0.0, 1.0],
                [0.90433, 0.001985, 0.426828, 0.00312, 0.419433, 0.181264, -0.889505, 3.666649, -0.079134, 0.983432, 0.16309, 0.666144, 0.0, 0.0, 0.0, 1.0],
                [0.886455, 0.000787, 0.462813, 0.005823, 0.455991, 0.169596, -0.873676, 3.66021, -0.079179, 0.985513, 0.149981, 0.674793, 0.0, 0.0, 0.0, 1.0],
                [0.868855, 3.9e-05, 0.495066, 0.008305, 0.488753, 0.159124, -0.857788, 3.654096, -0.078811, 0.987259, 0.138237, 0.682906, 0.0, 0.0, 0.0, 1.0],
                [0.851991, -0.000362, 0.523556, 0.010551, 0.51769, 0.149867, -0.84234, 3.648391, -0.078159, 0.988706, 0.127873, 0.690395, 0.0, 0.0, 0.0, 1.0],
                [0.836292, -0.000513, 0.548284, 0.012546, 0.542802, 0.141833, -0.827798, 3.643177, -0.07734, 0.98989, 0.118893, 0.697172, 0.0, 0.0, 0.0, 1.0],
                [0.822155, -0.000498, 0.569264, 0.014275, 0.564106, 0.135028, -0.814587, 3.638538, -0.076461, 0.990842, 0.111295, 0.703148, 0.0, 0.0, 0.0, 1.0],
                [0.80994, -0.000389, 0.586513, 0.015724, 0.581619, 0.12945, -0.803095, 3.634557, -0.075611, 0.991586, 0.105073, 0.708235, 0.0, 0.0, 0.0, 1.0],
                [0.799974, -0.000247, 0.600034, 0.016877, 0.595345, 0.1251, -0.793671, 3.631315, -0.074868, 0.992144, 0.100224, 0.712346, 0.0, 0.0, 0.0, 1.0],
                [0.792552, -0.000117, 0.609805, 0.017719, 0.605262, 0.121979, -0.786625, 3.628897, -0.074291, 0.992533, 0.096746, 0.715391, 0.0, 0.0, 0.0, 1.0],
                [0.787934, -3e-05, 0.61576, 0.018235, 0.611306, 0.120095, -0.782229, 3.627386, -0.073927, 0.992762, 0.094645, 0.717283, 0.0, 0.0, 0.0, 1.0],
                [0.78635, 0.0, 0.617782, 0.01841, 0.613357, 0.119463, -0.780718, 3.626864, -0.073802, 0.992839, 0.09394, 0.717933, 0.0, 0.0, 0.0, 1.0]
            ]
        },
        {
            "name": "Thigh_R",
            "time": [0.0, 0.0167, 0.0333, 0.05, 0.0667, 0.0833, 0.1, 0.1167, 0.1333, 0.15, 0.1667, 0.1833, 0.2, 0.2167, 0.2333, 0.25, 0.2667, 0.2833, 0.3, 0.3167, 0.3333, 0.35, 0.3667, 0.3833, 0.4, 0.4167, 0.4333, 0.45, 0.4667, 0.4833, 0.5, 0.5167, 0.5333, 0.55, 0.5667, 0.5833, 0.6, 0.6167, 0.6333, 0.65, 0.6667, 0.6833, 0.7, 0.7167, 0.7333, 0.75, 0.7667, 0.7833, 0.8, 0.8167, 0.8333, 0.85, 0.8667, 0.8833, 0.9, 0.9167, 0.9333, 0.95, 0.9667, 0.9833, 1.0, 1.0167, 1.0333, 1.05, 1.0667, 1.0833, 1.1, 1.1167, 1.1333, 1.15, 1.1667, 1.1833, 1.2, 1.2167, 1.2333, 1.25, 1.2667, 1.2833, 1.3, 1.3167, 1.3333, 1.35, 1.3667, 1.3833, 1.4, 1.4167, 1.4333, 1.45, 1.4667, 1.4833, 1.5, 1.5167, 1.5333, 1.55, 1.5667, 1.5833, 1.6, 1.6167, 1.6333, 1.65, 1.6667],
            "transform": [
                [0.87888, 0.273172, 0.391084, 0.124994, 0.093484, -0.902537, 0.420339, -0.002831, 0.467793, -0.332867, -0.81876, -1.2e-05, 0.0, 0.0, 0.0, 1.0],
                [0.874138, 0.280555, 0.396448, 0.124994, 0.096086, -0.900043, 0.425074, -0.002831, 0.476077, -0.333479, -0.81372, -1.2e-05, 0.0, 0.0, 0.0, 1.0],
                [0.860298, 0.300973, 0.411463, 0.124994, 0.103327, -0.893312, 0.437396, -0.002831, 0.49921, -0.333775, -0.799614, -1.2e-05, 0.0, 0.0, 0.0, 1.0],
                [0.837407, 0.331732, 0.434399, 0.124994, 0.114377, -0.883516, 0.454219, -0.002831, 0.534478, -0.33068, -0.777808, -1.2e-05, 0.0, 0.0, 0.0, 1.0],
                [0.805193, 0.369772, 0.463608, 0.124994, 0.128391, -0.871942, 0.472471, -0.002831, 0.578947, -0.320906, -0.749559, -1.2e-05, 0.0, 0.0, 0.0, 1.0],
                [0.763494, 0.411463, 0.49777, 0.124994, 0.144469, -0.860046, 0.489335, -0.002831, 0.629448, -0.301691, -0.716085, -1.2e-05, 0.0, 0.0, 0.0, 1.0],
                [0.71062, 0.453481, 0.537933, 0.124994, 0.161439, -0.849266, 0.502676, -0.002831, 0.684803, -0.270368, -0.676717, -1.2e-05, 0.0, 0.0, 0.0, 1.0],
                [0.646341, 0.491233, 0.583895, 0.124994, 0.178315, -0.841261, 0.510373, -0.002831, 0.741921, -0.225757, -0.631338, -1.2e-05, 0.0, 0.0, 0.0, 1.0],
                [0.574287, 0.518444, 0.633568, 0.124994, 0.1944, -0.83814, 0.509635, -0.002831, 0.795237, -0.169511, -0.58212, -1.2e-05, 0.0, 0.0, 0.0, 1.0],
                [0.499022, 0.529185, 0.68625, 0.124994, 0.208916, -0.842003, 0.497375, -0.002831, 0.841029, -0.104833, -0.530734, -1.2e-05, 0.0, 0.0, 0.0, 1.0],
                [0.425347, 0.518137, 0.742034, 0.124994, 0.221045, -0.854542, 0.469994, -0.002831, 0.877622, -0.035888, -0.47801, -1.2e-05, 0.0, 0.0, 0.0, 1.0],
                [0.357974, 0.480294, 0.800732, 0.124994, 0.229987, -0.876494, 0.422922, -0.002831, 0.904964, 0.032763, -0.424225, -1.2e-05, 0.0, 0.0, 0.0, 1.0],
                [0.301396, 0.410211, 0.860748, 0.124994, 0.234968, -0.906839, 0.349903, -0.002831, 0.924094, 0.096789, -0.369705, -1.2e-05, 0.0, 0.0, 0.0, 1.0],
                [0.259888, 0.300244, 0.917775, 0.124994, 0.235145, -0.941498, 0.24142, -0.002831, 0.93657, 0.153068, -0.315286, -1.2e-05, 0.0, 0.0, 0.0, 1.0],
                [0.237682, 0.134796, 0.961945, 0.124994, 0.229393, -0.9701, 0.07926, -0.002831, 0.943867, 0.201824, -0.261497, -1.2e-05, 0.0, 0.0, 0.0, 1.0],
                [0.239388, -0.166076, 0.956615, 0.124994, 0.215858, -0.951499, -0.219206, -0.002831, 0.946625, 0.258967, -0.191929, -1.2e-05, 0.0, 0.0, 0.0, 1.0],
                [0.239395, -0.166274, 0.956579, 0.125025, 0.215848, -0.951456, -0.219403, -0.002823, 0.946625, 0.258999, -0.191884, -1.3e-05, 0.0, 0.0, 0.0, 1.0],
                [0.400687, 0.666004, -0.629196, 0.124988, -0.074682, 0.708189, 0.702062, -0.002847, 0.913166, -0.234317, 0.333502, -1.8e-05, 0.0, 0.0, 0.0, 1.0],
                [0.368887, 0.696138, -0.615883, 0.125009, -0.053644, 0.677454, 0.733606, -0.002833, 0.927924, -0.237579, 0.287248, -1.2e-05, 0.0, 0.0, 0.0, 1.0],
                [0.297608, 0.765642, -0.570281, 0.125001, -0.045689, 0.608085, 0.792556, -0.002821, 0.953594, -0.209816, 0.215953, -1.4e-05, 0.0, 0.0, 0.0, 1.0],
                [0.080514, 0.927526, -0.36498, 0.124993, -0.255182, 0.373146, 0.891989, -0.002832, 0.963535, 0.021319, 0.266732, -1.3e-05, 0.0, 0.0, 0.0, 1.0],
                [0.675939, -0.481049, -0.558298, 0.124993, -0.492743, -0.858341, 0.143009, -0.002829, -0.548005, 0.178432, -0.817222, -1e-05, 0.0, 0.0, 0.0, 1.0],
                [0.890309, -0.116762, 0.440132, 0.124994, -0.022399, -0.976623, -0.213779, -0.00283, 0.454805, 0.18047, -0.872115, -1.1e-05, 0.0, 0.0, 0.0, 1.0],
                [0.787053, -0.165515, 0.594266, 0.124992, 0.048951, -0.943537, -0.327627, -0.002831, 0.614939, 0.286949, -0.734513, -1.2e-05, 0.0, 0.0, 0.0, 1.0],
                [0.755818, -0.141134, 0.63939, 0.124994, 0.121347, -0.929386, -0.34859, -0.00283, 0.643439, 0.341058, -0.685322, -1.2e-05, 0.0, 0.0, 0.0, 1.0],
                [0.734571, -0.09228, 0.672227, 0.124995, 0.209336, -0.911559, -0.353886, -0.00283, 0.645432, 0.400676, -0.650289, -1.2e-05, 0.0, 0.0, 0.0, 1.0],
                [0.710601, -0.047267, 0.702006, 0.124994, 0.289638, -0.889628, -0.353084, -0.002831, 0.641214, 0.454229, -0.618482, -1.2e-05, 0.0, 0.0, 0.0, 1.0],
                [0.694315, -0.006286, 0.719644, 0.124994, 0.340379, -0.878178, -0.33607, -0.002831, 0.634089, 0.478289, -0.607594, -1.2e-05, 0.0, 0.0, 0.0, 1.0],
                [0.685118, 0.039593, 0.727356, 0.124994, 0.376478, -0.874066, -0.307037, -0.002831, 0.6236, 0.484189, -0.613744, -1.2e-05, 0.0, 0.0, 0.0, 1.0],
                [0.680731, 0.094744, 0.72638, 0.124993, 0.40865, -0.872079, -0.269221, -0.002831, 0.607955, 0.480101, -0.63237, -1.2e-05, 0.0, 0.0, 0.0, 1.0],
                [0.677263, 0.161907, 0.717705, 0.124994, 0.445285, -0.866744, -0.224665, -0.002831, 0.585692, 0.47174, -0.65911, -1.3e-05, 0.0, 0.0, 0.0, 1.0],
                [0.673874, 0.394031, 0.625006, 0.124994, 0.540819, -0.839408, -0.053904, -0.002831, 0.503396, 0.374338, -0.778757, -1.2e-05, 0.0, 0.0, 0.0, 1.0],
                [0.619226, 0.743787, 0.251674, 0.124994, 0.716489, -0.666351, 0.206443, -0.002831, 0.321253, 0.052487, -0.945538, -1.2e-05, 0.0, 0.0, 0.0, 1.0],
                [0.433456, 0.817836, -0.378496, 0.124994, 0.894018, -0.33742, 0.294754, -0.002831, 0.113348, -0.466143, -0.877418, -1.1e-05, 0.0, 0.0, 0.0, 1.0],
                [0.202428, 0.516232, -0.832182, 0.124994, 0.978225, -0.06683, 0.196495, -0.002831, 0.045823, -0.853835, -0.51852, -1.2e-05, 0.0, 0.0, 0.0, 1.0],
                [0.200847, 0.193389, -0.960345, 0.124994, 0.971354, 0.087792, 0.220829, -0.002831, 0.127016, -0.977185, -0.170217, -1.2e-05, 0.0, 0.0, 0.0, 1.0],
                [0.500927, 0.021208, -0.86523, 0.124994, 0.857266, 0.125329, 0.499389, -0.002831, 0.119029, -0.991887, 0.0446, -1.2e-05, 0.0, 0.0, 0.0, 1.0],
                [0.809827, -0.042938, -0.585095, 0.124994, 0.582245, -0.063413, 0.810537, -0.002831, -0.071906, -0.997062, -0.026353, -1.2e-05, 0.0, 0.0, 0.0, 1.0],
                [0.924869, -0.291167, -0.244617, 0.124995, 0.256951, 0.004272, 0.966415, -0.00283, -0.280344, -0.956661, 0.078767, -1.2e-05, 0.0, 0.0, 0.0, 1.0],
                [0.917311, -0.395952, 0.041987, 0.124994, 0.022137, 0.156001, 0.987509, -0.002831, -0.397556, -0.904921, 0.151867, -1.2e-05, 0.0, 0.0, 0.0, 1.0],
                [0.907888, -0.385124, 0.16558, 0.124995, -0.06335, 0.264403, 0.96233, -0.002831, -0.414397, -0.884175, 0.215651, -1.2e-05, 0.0, 0.0, 0.0, 1.0],
                [0.915296, -0.357855, 0.184857, 0.124994, -0.06407, 0.32375, 0.943972, -0.002831, -0.397653, -0.875855, 0.273401, -1.2e-05, 0.0, 0.0, 0.0, 1.0],
                [0.916858, -0.352904, 0.186624, 0.124995, -0.064223, 0.331002, 0.941443, -0.00283, -0.394012, -0.875153, 0.280819, -1.2e-05, 0.0, 0.0, 0.0, 1.0],
                [0.919499, -0.350856, 0.177261, 0.124995, -0.064482, 0.310204, 0.948481, -0.00283, -0.387768, -0.883555, 0.262609, -1.2e-05, 0.0, 0.0, 0.0, 1.0],
                [0.9226, -0.35025, 0.161656, 0.124995, -0.064789, 0.272419, 0.959996, -0.002831, -0.380277, -0.896163, 0.228643, -1.2e-05, 0.0, 0.0, 0.0, 1.0],
                [0.924071, -0.350075, 0.153426, 0.124994, -0.064935, 0.251786, 0.965603, -0.00283, -0.376664, -0.902246, 0.209937, -1.2e-05, 0.0, 0.0, 0.0, 1.0],
                [0.924066, -0.350174, 0.153228, 0.124994, -0.064665, 0.251879, 0.965596, -0.00283, -0.376722, -0.902181, 0.21011, -1.2e-05, 0.0, 0.0, 0.0, 1.0],
                [0.924052, -0.350467, 0.152643, 0.124994, -0.063866, 0.252156, 0.965577, -0.00283, -0.376893, -0.90199, 0.210623, -1.2e-05, 0.0, 0.0, 0.0, 1.0],
                [0.924027, -0.350951, 0.151681, 0.124994, -0.062554, 0.252609, 0.965545, -0.00283, -0.377175, -0.901675, 0.211465, -1.2e-05, 0.0, 0.0, 0.0, 1.0],
                [0.923989, -0.351622, 0.150349, 0.124994, -0.060737, 0.253229, 0.965498, -0.00283, -0.377563, -0.90124, 0.212625, -1.2e-05, 0.0, 0.0, 0.0, 1.0],
                [0.923936, -0.352481, 0.148654, 0.124994, -0.058426, 0.254009, 0.965436, -0.00283, -0.378057, -0.900685, 0.214095, -1.2e-05, 0.0, 0.0, 0.0, 1.0],
                [0.923865, -0.353528, 0.146597, 0.124994, -0.055624, 0.25494, 0.965356, -0.00283, -0.378654, -0.900011, 0.215867, -1.2e-05, 0.0, 0.0, 0.0, 1.0],
                [0.92377, -0.354766, 0.144181, 0.124994, -0.052337, 0.256013, 0.965256, -0.00283, -0.379353, -0.899219, 0.217931, -1.2e-05, 0.0, 0.0, 0.0, 1.0],
                [0.923648, -0.356198, 0.141406, 0.124994, -0.048563, 0.257218, 0.965133, -0.00283, -0.380151, -0.898308, 0.220282, -1.2e-05, 0.0, 0.0, 0.0, 1.0],
                [0.923492, -0.35783, 0.13827, 0.124994, -0.044301, 0.258548, 0.964983, -0.00283, -0.381049, -0.897278, 0.222915, -1.2e-05, 0.0, 0.0, 0.0, 1.0],
                [0.923297, -0.359666, 0.134769, 0.124994, -0.039549, 0.25999, 0.964802, -0.00283, -0.382045, -0.896126, 0.225824, -1.2e-05, 0.0, 0.0, 0.0, 1.0],
                [0.92348, -0.360884, 0.130177, 0.124995, -0.034076, 0.260816, 0.964788, -0.002831, -0.382129, -0.895396, 0.228561, -1.2e-05, 0.0, 0.0, 0.0, 1.0],
                [0.924426, -0.360691, 0.123843, 0.124994, -0.027736, 0.260293, 0.965132, -0.00283, -0.380351, -0.895626, 0.230619, -1.1e-05, 0.0, 0.0, 0.0, 1.0],
                [0.926069, -0.359122, 0.115874, 0.124994, -0.020645, 0.258394, 0.965819, -0.002831, -0.376789, -0.896806, 0.231877, -1.2e-05, 0.0, 0.0, 0.0, 1.0],
                [0.928335, -0.356199, 0.106374, 0.124994, -0.012914, 0.255074, 0.966836, -0.002831, -0.37152, -0.898919, 0.232194, -1.2e-05, 0.0, 0.0, 0.0, 1.0],
                [0.93115, -0.351921, 0.095448, 0.124995, -0.004649, 0.250284, 0.968162, -0.002831, -0.364606, -0.901946, 0.231416, -1.2e-05, 0.0, 0.0, 0.0, 1.0],
                [0.934436, -0.346273, 0.083208, 0.124994, 0.004047, 0.243954, 0.969779, -0.00283, -0.356108, -0.905857, 0.229361, -1.2e-05, 0.0, 0.0, 0.0, 1.0],
                [0.938114, -0.339223, 0.069778, 0.124994, 0.013071, 0.23602, 0.971661, -0.00283, -0.346079, -0.910615, 0.225849, -1.2e-05, 0.0, 0.0, 0.0, 1.0],
                [0.942108, -0.330717, 0.055299, 0.124993, 0.022319, 0.226403, 0.973778, -0.002831, -0.334566, -0.916169, 0.220678, -1.2e-05, 0.0, 0.0, 0.0, 1.0],
                [0.94634, -0.320696, 0.039929, 0.124994, 0.031679, 0.21501, 0.976098, -0.00283, -0.321617, -0.922454, 0.213632, -1.2e-05, 0.0, 0.0, 0.0, 1.0],
                [0.950737, -0.309078, 0.023857, 0.124993, 0.041036, 0.201762, 0.978575, -0.00283, -0.307269, -0.929386, 0.204506, -1.2e-05, 0.0, 0.0, 0.0, 1.0],
                [0.955227, -0.29578, 0.007298, 0.124994, 0.050271, 0.186562, 0.981157, -0.00283, -0.291568, -0.93686, 0.193079, -1.2e-05, 0.0, 0.0, 0.0, 1.0],
                [0.959747, -0.280705, -0.009497, 0.124994, 0.059256, 0.169317, 0.983779, -0.002831, -0.274544, -0.94474, 0.179136, -1.2e-05, 0.0, 0.0, 0.0, 1.0],
                [0.964231, -0.263759, -0.02624, 0.124994, 0.067854, 0.149928, 0.986366, -0.00283, -0.25623, -0.952863, 0.162462, -1.2e-05, 0.0, 0.0, 0.0, 1.0],
                [0.968623, -0.244855, -0.042598, 0.124994, 0.075922, 0.12831, 0.988824, -0.002831, -0.236653, -0.961031, 0.142874, -1.3e-05, 0.0, 0.0, 0.0, 1.0],
                [0.972868, -0.223917, -0.058197, 0.124994, 0.083306, 0.10437, 0.991044, -0.002831, -0.215838, -0.969002, 0.120192, -1.1e-05, 0.0, 0.0, 0.0, 1.0],
                [0.976917, -0.200894, -0.072612, 0.124994, 0.089847, 0.078036, 0.992894, -0.002831, -0.193801, -0.976498, 0.094285, -1.2e-05, 0.0, 0.0, 0.0, 1.0],
                [0.980722, -0.175767, -0.085375, 0.124994, 0.095376, 0.049247, 0.994223, -0.002831, -0.170548, -0.983198, 0.065061, -1.2e-05, 0.0, 0.0, 0.0, 1.0],
                [0.984234, -0.148568, -0.095976, 0.124994, 0.099722, 0.017956, 0.994854, -0.00283, -0.14608, -0.988738, 0.032489, -1.1e-05, 0.0, 0.0, 0.0, 1.0],
                [0.9874, -0.119389, -0.103868, 0.124994, 0.102708, -0.015851, 0.994586, -0.00283, -0.120389, -0.99272, -0.003389, -1.1e-05, 0.0, 0.0, 0.0, 1.0],
                [0.990161, -0.088397, -0.108479, 0.124994, 0.104154, -0.052163, 0.993193, -0.002831, -0.093454, -0.994717, -0.042443, -1.2e-05, 0.0, 0.0, 0.0, 1.0],
                [0.992367, -0.055852, -0.109946, 0.124994, 0.104628, -0.090568, 0.990379, -0.002831, -0.065273, -0.994321, -0.084033, -1.3e-05, 0.0, 0.0, 0.0, 1.0],
                [0.993833, -0.022086, -0.108664, 0.124994, 0.104897, -0.130448, 0.98589, -0.002831, -0.03595, -0.991207, -0.127327, -1.2e-05, 0.0, 0.0, 0.0, 1.0],
                [0.994447, 0.012521, -0.104491, 0.124994, 0.105086, -0.171455, 0.979572, -0.002831, -0.00565, -0.985111, -0.171819, -1.3e-05, 0.0, 0.0, 0.0, 1.0],
                [0.994113, 0.047549, -0.097357, 0.124994, 0.105323, -0.213236, 0.971308, -0.002831, 0.025425, -0.975842, -0.216989, -1.3e-05, 0.0, 0.0, 0.0, 1.0],
                [0.992758, 0.082543, -0.087272, 0.124994, 0.105722, -0.255447, 0.961025, -0.002831, 0.057032, -0.963291, -0.262324, -1.2e-05, 0.0, 0.0, 0.0, 1.0],
                [0.990343, 0.117032, -0.074323, 0.124994, 0.106384, -0.297749, 0.948698, -0.002831, 0.088899, -0.947442, -0.307324, -1.2e-05, 0.0, 0.0, 0.0, 1.0],
                [0.98686, 0.150548, -0.058671, 0.124994, 0.10739, -0.339828, 0.934337, -0.002831, 0.120725, -0.928358, -0.35153, -1.2e-05, 0.0, 0.0, 0.0, 1.0],
                [0.982343, 0.182641, -0.040543, 0.124994, 0.108796, -0.381385, 0.917992, -0.002831, 0.1522, -0.906192, -0.394522, -1.2e-05, 0.0, 0.0, 0.0, 1.0],
                [0.976865, 0.212896, -0.020224, 0.124994, 0.110631, -0.422151, 0.89975, -0.00283, 0.183015, -0.88117, -0.435939, -1.2e-05, 0.0, 0.0, 0.0, 1.0],
                [0.970535, 0.240953, 0.001958, 0.124994, 0.112897, -0.461887, 0.879724, -0.002831, 0.212876, -0.85358, -0.475481, -1.2e-05, 0.0, 0.0, 0.0, 1.0],
                [0.96349, 0.266511, 0.025643, 0.124994, 0.115572, -0.500377, 0.858059, -0.002831, 0.241514, -0.823767, -0.512911, -1.1e-05, 0.0, 0.0, 0.0, 1.0],
                [0.955895, 0.289342, 0.050456, 0.124994, 0.11861, -0.537443, 0.834917, -0.002831, 0.268694, -0.792106, -0.548059, -1.2e-05, 0.0, 0.0, 0.0, 1.0],
                [0.947924, 0.309292, 0.076008, 0.124993, 0.121949, -0.572926, 0.810484, -0.002831, 0.294224, -0.759007, -0.580809, -1.3e-05, 0.0, 0.0, 0.0, 1.0],
                [0.939763, 0.326279, 0.101918, 0.124994, 0.125508, -0.606687, 0.784971, -0.00283, 0.317952, -0.724894, -0.611093, -1.2e-05, 0.0, 0.0, 0.0, 1.0],
                [0.931591, 0.340298, 0.127804, 0.124994, 0.129201, -0.638604, 0.758612, -0.002831, 0.339771, -0.690203, -0.638885, -1.2e-05, 0.0, 0.0, 0.0, 1.0],
                [0.923585, 0.35141, 0.153297, 0.124993, 0.132933, -0.66856, 0.731679, -0.002831, 0.359608, -0.655389, -0.664188, -1.2e-05, 0.0, 0.0, 0.0, 1.0],
                [0.915909, 0.359747, 0.178025, 0.124994, 0.136612, -0.696436, 0.704496, -0.002831, 0.377424, -0.620932, -0.687019, -1.2e-05, 0.0, 0.0, 0.0, 1.0],
                [0.908709, 0.365507, 0.20162, 0.124994, 0.140142, -0.722101, 0.677442, -0.002831, 0.393201, -0.587342, -0.707404, -1.1e-05, 0.0, 0.0, 0.0, 1.0],
                [0.902123, 0.368962, 0.223697, 0.124994, 0.143434, -0.745396, 0.651007, -0.002831, 0.40694, -0.555201, -0.725362, -1.1e-05, 0.0, 0.0, 0.0, 1.0],
                [0.896272, 0.370454, 0.243843, 0.124994, 0.146402, -0.766121, 0.625799, -0.002831, 0.418643, -0.525186, -0.740889, -1.1e-05, 0.0, 0.0, 0.0, 1.0],
                [0.891266, 0.370417, 0.261599, 0.124994, 0.148967, -0.784009, 0.602609, -0.002831, 0.428312, -0.498115, -0.753942, -1.2e-05, 0.0, 0.0, 0.0, 1.0],
                [0.887209, 0.369374, 0.276447, 0.124994, 0.151057, -0.798724, 0.582426, -0.00283, 0.435939, -0.474973, -0.764433, -1.2e-05, 0.0, 0.0, 0.0, 1.0],
                [0.884194, 0.367931, 0.287797, 0.124994, 0.15261, -0.809833, 0.566463, -0.002831, 0.441487, -0.456942, -0.7722, -1.2e-05, 0.0, 0.0, 0.0, 1.0],
                [0.882316, 0.366709, 0.29503, 0.124994, 0.153572, -0.816847, 0.556037, -0.00283, 0.444897, -0.445291, -0.777035, -1.2e-05, 0.0, 0.0, 0.0, 1.0],
                [0.881669, 0.366226, 0.297552, 0.124993, 0.1539, -0.81928, 0.552353, -0.002831, 0.446065, -0.441199, -0.778697, -1.2e-05, 0.0, 0.0, 0.0, 1.0]
            ]
        },
        {
            "name": "Leg_R",
            "time": [0.0, 0.0167, 0.0333, 0.05, 0.0667, 0.0833, 0.1, 0.1167, 0.1333, 0.15, 0.1667, 0.1833, 0.2, 0.2167, 0.2333, 0.25, 0.2667, 0.2833, 0.3, 0.3167, 0.3333, 0.35, 0.3667, 0.3833, 0.4, 0.4167, 0.4333, 0.45, 0.4667, 0.4833, 0.5, 0.5167, 0.5333, 0.55, 0.5667, 0.5833, 0.6, 0.6167, 0.6333, 0.65, 0.6667, 0.6833, 0.7, 0.7167, 0.7333, 0.75, 0.7667, 0.7833, 0.8, 0.8167, 0.8333, 0.85, 0.8667, 0.8833, 0.9, 0.9167, 0.9333, 0.95, 0.9667, 0.9833, 1.0, 1.0167, 1.0333, 1.05, 1.0667, 1.0833, 1.1, 1.1167, 1.1333, 1.15, 1.1667, 1.1833, 1.2, 1.2167, 1.2333, 1.25, 1.2667, 1.2833, 1.3, 1.3167, 1.3333, 1.35, 1.3667, 1.3833, 1.4, 1.4167, 1.4333, 1.45, 1.4667, 1.4833, 1.5, 1.5167, 1.5333, 1.55, 1.5667, 1.5833, 1.6, 1.6167, 1.6333, 1.65, 1.6667],
            "transform": [
                [1.000001, -0.0, 1e-06, -0.0, -0.0, 0.765827, 0.643048, 0.374726, -1e-06, -0.643051, 0.765822, 0.0, 0.0, 0.0, 0.0, 1.0],
                [1.0, -1e-06, 1e-06, 0.0, -0.0, 0.759007, 0.651084, 0.374726, -1e-06, -0.651087, 0.759001, -0.0, 0.0, 0.0, 0.0, 1.0],
                [1.0, -1e-06, 1e-06, 0.0, -0.0, 0.739995, 0.672614, 0.374726, -1e-06, -0.672617, 0.739989, -0.0, 0.0, 0.0, 0.0, 1.0],
                [1.0, -1e-06, 1e-06, -0.0, -0.0, 0.711182, 0.703009, 0.374726, -1e-06, -0.703012, 0.711176, 0.0, 0.0, 0.0, 0.0, 1.0],
                [1.0, -1e-06, 1e-06, 0.0, -0.0, 0.675247, 0.737592, 0.374726, -1e-06, -0.737595, 0.675241, 0.0, 0.0, 0.0, 0.0, 1.0],
                [1.0, -1e-06, 1e-06, 0.0, -0.0, 0.635153, 0.772386, 0.374726, -1e-06, -0.772389, 0.635148, -0.0, 0.0, 0.0, 0.0, 1.0],
                [1.0, -1e-06, 1e-06, -0.0, -0.0, 0.594168, 0.804341, 0.374726, -1e-06, -0.804344, 0.594164, -0.0, 0.0, 0.0, 0.0, 1.0],
                [1.0, -1e-06, 1e-06, 0.0, -0.0, 0.555858, 0.831277, 0.374726, -1e-06, -0.83128, 0.555854, 0.0, 0.0, 0.0, 0.0, 1.0],
                [1.0, -1e-06, 1e-06, 0.0, -0.0, 0.524122, 0.851643, 0.374726, -1e-06, -0.851645, 0.524119, 0.0, 0.0, 0.0, 0.0, 1.0],
                [1.0, -1e-06, 1e-06, -0.0, -0.0, 0.503279, 0.864123, 0.374726, -1e-06, -0.864126, 0.503276, 0.0, 0.0, 0.0, 0.0, 1.0],
                [1.0, -1e-06, 1e-06, 0.0, -0.0, 0.498262, 0.867026, 0.374726, -1e-06, -0.867029, 0.498258, 0.0, 0.0, 0.0, 0.0, 1.0],
                [1.0, -1e-06, 1e-06, 0.0, -0.0, 0.514937, 0.857228, 0.374726, -1e-06, -0.85723, 0.514933, -0.0, 0.0, 0.0, 0.0, 1.0],
                [1.0, -1e-06, 1e-06, 0.0, -0.0, 0.560513, 0.828146, 0.374726, -1e-06, -0.828148, 0.560509, 0.0, 0.0, 0.0, 0.0, 1.0],
                [1.0, -1e-06, 1e-06, -0.0, -0.0, 0.644066, 0.764971, 0.374726, -1e-06, -0.764974, 0.64406, -0.0, 0.0, 0.0, 0.0, 1.0],
                [1.0, -0.0, 1e-06, -0.0, -0.0, 0.777048, 0.629444, 0.374726, -1e-06, -0.629447, 0.777041, 0.0, 0.0, 0.0, 0.0, 1.0],
                [1.0, -0.0, 1e-06, -0.0, -0.0, 0.973786, 0.227487, 0.374726, -1e-06, -0.227488, 0.973776, 0.0, 0.0, 0.0, 0.0, 1.0],
                [1.0, -0.0, 1e-06, 3e-06, -0.0, 0.973873, 0.227114, 0.374706, -1e-06, -0.227115, 0.973863, -9e-06, 0.0, 0.0, 0.0, 1.0],
                [1.0, -0.0, 1e-06, -0.0, -0.0, 0.999989, 0.005616, 0.374734, -1e-06, -0.005616, 0.999978, 1e-06, 0.0, 0.0, 0.0, 1.0],
                [1.0, 0.0, 1e-06, 0.0, 0.0, 0.99999, 0.005565, 0.374721, -1e-06, -0.005565, 0.999979, 2e-06, 0.0, 0.0, 0.0, 1.0],
                [1.0, -0.0, 1e-06, 2e-06, -0.0, 0.999992, 0.005204, 0.37473, -1e-06, -0.005204, 0.99998, -1e-06, 0.0, 0.0, 0.0, 1.0],
                [1.0, -0.0, 1e-06, 0.0, -0.0, 0.999993, 0.004877, 0.374725, -1e-06, -0.004877, 0.999983, -1e-06, 0.0, 0.0, 0.0, 1.0],
                [1.0, -1e-06, -0.0, 1e-06, -0.0, -0.367652, 0.929963, 0.374726, -1e-06, -0.929965, -0.367649, -0.0, 0.0, 0.0, 0.0, 1.0],
                [1.0, -1e-06, 0.0, 0.0, -0.0, 0.2295, 0.973308, 0.374725, -1e-06, -0.97331, 0.229498, -0.0, 0.0, 0.0, 0.0, 1.0],
                [1.000001, -1e-06, 0.0, 0.0, -0.0, 0.336698, 0.941612, 0.374726, -1e-06, -0.941614, 0.336697, -0.0, 0.0, 0.0, 0.0, 1.0],
                [1.0, -1e-06, 1e-06, 0.0, -0.0, 0.3327, 0.943032, 0.374726, -1e-06, -0.943034, 0.332698, -0.0, 0.0, 0.0, 0.0, 1.0],
                [1.0, -1e-06, 1e-06, 0.0, -0.0, 0.373997, 0.927429, 0.374726, -1e-06, -0.927431, 0.373995, 0.0, 0.0, 0.0, 0.0, 1.0],
                [1.000001, -1e-06, 1e-06, -0.0, -0.0, 0.435438, 0.900219, 0.374726, -1e-06, -0.900221, 0.435435, -0.0, 0.0, 0.0, 0.0, 1.0],
                [1.0, -1e-06, 1e-06, 0.0, -0.0, 0.441848, 0.897089, 0.374726, -1e-06, -0.897092, 0.441844, 0.0, 0.0, 0.0, 0.0, 1.0],
                [1.0, -1e-06, 1e-06, -0.0, -0.0, 0.425823, 0.904806, 0.374726, -1e-06, -0.904808, 0.425821, -0.0, 0.0, 0.0, 0.0, 1.0],
                [1.0, -1e-06, 1e-06, -0.0, -0.0, 0.421543, 0.906807, 0.374726, -1e-06, -0.90681, 0.42154, -0.0, 0.0, 0.0, 0.0, 1.0],
                [1.000001, -1e-06, 1e-06, 0.0, -0.0, 0.463985, 0.885842, 0.374727, -1e-06, -0.885845, 0.463982, -0.0, 0.0, 0.0, 0.0, 1.0],
                [1.000001, -1e-06, 0.0, 0.0, -0.0, 0.339566, 0.940582, 0.374726, -1e-06, -0.940584, 0.339563, 0.0, 0.0, 0.0, 0.0, 1.0],
                [1.0, -1e-06, 0.0, 0.0, -0.0, 0.031107, 0.999515, 0.374726, -1e-06, -0.999517, 0.031107, 0.0, 0.0, 0.0, 0.0, 1.0],
                [1.0, -1e-06, 0.0, 0.0, -0.0, -0.125475, 0.992096, 0.374726, -1e-06, -0.992097, -0.125475, -0.0, 0.0, 0.0, 0.0, 1.0],
                [1.0, -1e-06, 0.0, 0.0, -0.0, 0.045431, 0.998967, 0.374726, -1e-06, -0.998969, 0.04543, -0.0, 0.0, 0.0, 0.0, 1.0],
                [1.0, -1e-06, 1e-06, -0.0, -0.0, 0.454723, 0.890632, 0.374726, -1e-06, -0.890634, 0.45472, -0.0, 0.0, 0.0, 0.0, 1.0],
                [1.0, -0.0, 1e-06, 0.0, -0.0, 0.824525, 0.56583, 0.374726, -1e-06, -0.565832, 0.824518, 0.0, 0.0, 0.0, 0.0, 1.0],
