{
    "animation": [
        {
            "name": "Root",
            "time": [0.0, 0.0167, 0.0333, 0.05, 0.0667, 0.0833, 0.1, 0.1167, 0.1333, 0.15, 0.1667, 0.1833, 0.2, 0.2167, 0.2333, 0.25, 0.2667, 0.2833, 0.3, 0.3167, 0.3333, 0.35, 0.3667, 0.3833, 0.4, 0.4167, 0.4333, 0.45, 0.4667, 0.4833, 0.5, 0.5167, 0.5333, 0.55, 0.5667, 0.5833, 0.6, 0.6167, 0.6333, 0.65, 0.6667, 0.6833, 0.7, 0.7167, 0.7333, 0.75, 0.7667, 0.7833, 0.8, 0.8167, 0.8333, 0.85, 0.8667, 0.8833, 0.9, 0.9167, 0.9333, 0.95, 0.9667, 0.9833, 1.0, 1.0167, 1.0333, 1.05, 1.0667, 1.0833, 1.1, 1.1167, 1.1333, 1.15, 1.1667, 1.1833, 1.2, 1.2167, 1.2333, 1.25, 1.2667, 1.2833, 1.3, 1.3167, 1.3333, 1.35, 1.3667, 1.3833, 1.4, 1.4167, 1.4333, 1.45, 1.4667, 1.4833, 1.5, 1.5167, 1.5333, 1.55, 1.5667, 1.5833, 1.6, 1.6167, 1.6333, 1.65, 1.6667],
            "transform": [
                [0.692508, -0.037156, 0.720453, 0.031932, 0.703478, 0.256065, -0.662985, -0.136006, -0.159849, 0.965945, 0.203466, 0.615888, 0.0, 0.0, 0.0, 1.0],
                [0.690254, -0.03596, 0.722673, 0.033179, 0.70562, 0.25452, -0.661302, -0.135991, -0.160154, 0.966399, 0.201058, 0.615524, 0.0, 0.0, 0.0, 1.0],
                [0.683724, -0.032486, 0.729017, 0.036689, 0.711764, 0.250066, -0.656399, -0.135889, -0.160979, 0.967684, 0.194098, 0.614465, 0.0, 0.0, 0.0, 1.0],
                [0.673211, -0.026864, 0.738962, 0.042113, 0.721456, 0.242987, -0.648428, -0.13561, -0.162139, 0.969658, 0.182962, 0.612762, 0.0, 0.0, 0.0, 1.0],
                [0.65897, -0.019193, 0.751925, 0.049103, 0.734206, 0.233584, -0.637479, -0.135067, -0.163402, 0.972147, 0.168016, 0.610464, 0.0, 0.0, 0.0, 1.0],
                [0.641245, -0.009559, 0.767276, 0.057311, 0.749495, 0.222172, -0.623616, -0.134173, -0.164506, 0.97496, 0.149632, 0.607621, 0.0, 0.0, 0.0, 1.0],
                [0.620297, 0.001947, 0.784365, 0.06639, 0.766777, 0.209085, -0.606907, -0.132838, -0.165181, 0.977895, 0.128202, 0.604284, 0.0, 0.0, 0.0, 1.0],
                [0.596424, 0.015216, 0.802525, 0.07599, 0.785493, 0.194666, -0.587457, -0.130976, -0.165163, 0.980752, 0.104151, 0.600501, 0.0, 0.0, 0.0, 1.0],
                [0.56998, 0.030102, 0.821107, 0.085765, 0.805081, 0.179266, -0.565427, -0.128497, -0.164217, 0.98334, 0.077944, 0.596325, 0.0, 0.0, 0.0, 1.0],
                [0.541382, 0.046417, 0.839495, 0.095366, 0.824992, 0.16324, -0.541055, -0.125315, -0.162153, 0.985494, 0.050081, 0.591803, 0.0, 0.0, 0.0, 1.0],
                [0.511119, 0.063926, 0.857129, 0.104444, 0.844705, 0.146931, -0.514669, -0.121341, -0.158839, 0.987079, 0.021101, 0.586986, 0.0, 0.0, 0.0, 1.0],
                [0.479745, 0.082341, 0.873535, 0.112653, 0.863749, 0.130663, -0.486687, -0.116487, -0.154214, 0.988002, -0.008437, 0.581925, 0.0, 0.0, 0.0, 1.0],
                [0.447869, 0.101333, 0.888339, 0.119643, 0.881716, 0.114732, -0.457618, -0.110665, -0.148293, 0.988215, -0.037962, 0.576669, 0.0, 0.0, 0.0, 1.0],
                [0.41614, 0.120531, 0.901277, 0.125067, 0.898275, 0.099392, -0.428046, -0.103787, -0.141173, 0.987721, -0.066909, 0.571268, 0.0, 0.0, 0.0, 1.0],
                [0.385226, 0.139538, 0.912212, 0.128576, 0.913184, 0.084852, -0.398616, -0.095766, -0.133025, 0.986575, -0.094737, 0.565773, 0.0, 0.0, 0.0, 1.0],
                [0.355798, 0.15794, 0.92112, 0.129823, 0.926289, 0.071267, -0.370015, -0.086512, -0.124086, 0.984874, -0.120941, 0.560232, 0.0, 0.0, 0.0, 1.0],
                [0.328096, 0.175367, 0.928224, 0.129471, 0.937662, 0.058793, -0.342539, -0.065484, -0.114643, 0.982746, -0.145145, 0.554707, 0.0, 0.0, 0.0, 1.0],
                [0.300633, 0.191666, 0.934283, 0.128484, 0.947948, 0.047747, -0.314825, -0.024756, -0.10495, 0.980298, -0.167335, 0.549297, 0.0, 0.0, 0.0, 1.0],
                [0.271396, 0.206796, 0.939989, 0.126968, 0.957753, 0.038519, -0.284999, 0.031833, -0.095144, 0.977626, -0.187605, 0.544111, 0.0, 0.0, 0.0, 1.0],
                [0.238262, 0.220757, 0.945779, 0.125028, 0.967452, 0.031532, -0.251082, 0.100443, -0.085251, 0.974819, -0.206059, 0.539261, 0.0, 0.0, 0.0, 1.0],
                [0.19898, 0.233551, 0.951767, 0.122771, 0.977114, 0.027249, -0.210965, 0.177235, -0.075206, 0.971963, -0.222784, 0.534855, 0.0, 0.0, 0.0, 1.0],
                [0.151144, 0.245133, 0.957635, 0.120301, 0.986381, 0.026176, -0.162381, 0.258371, -0.064872, 0.969136, -0.237838, 0.531004, 0.0, 0.0, 0.0, 1.0],
                [0.092177, 0.255348, 0.962445, 0.117726, 0.994274, 0.028872, -0.102885, 0.34001, -0.054059, 0.966418, -0.251224, 0.527817, 0.0, 0.0, 0.0, 1.0],
                [0.019372, 0.263847, 0.96437, 0.115149, 0.998907, 0.035933, -0.029896, 0.418314, -0.04254, 0.963895, -0.262862, 0.525405, 0.0, 0.0, 0.0, 1.0],
                [-0.06993, 0.269987, 0.960321, 0.112678, 0.997098, 0.047953, 0.059126, 0.489444, -0.030087, 0.961669, -0.272557, 0.523877, 0.0, 0.0, 0.0, 1.0],
                [-0.177905, 0.272707, 0.945506, 0.110416, 0.983909, 0.065427, 0.16626, 0.54956, -0.016522, 0.95987, -0.279959, 0.523343, 0.0, 0.0, 0.0, 1.0],
                [-0.302774, 0.265716, 0.915272, 0.108354, 0.953036, 0.091621, 0.288667, 0.595908, -0.007155, 0.959688, -0.280978, 0.523776, 0.0, 0.0, 0.0, 1.0],
                [-0.427845, 0.244583, 0.870131, 0.106009, 0.903818, 0.124139, 0.409515, 0.630072, -0.007857, 0.961649, -0.274171, 0.525025, 0.0, 0.0, 0.0, 1.0],
                [-0.533552, 0.212957, 0.818518, 0.102783, 0.845563, 0.155623, 0.510692, 0.65472, -0.018625, 0.964588, -0.263101, 0.527021, 0.0, 0.0, 0.0, 1.0],
                [-0.60504, 0.1772, 0.776226, 0.098078, 0.795282, 0.181188, 0.578531, 0.672522, -0.038127, 0.967353, -0.25055, 0.529693, 0.0, 0.0, 0.0, 1.0],
                [-0.631875, 0.144922, 0.761401, 0.091295, 0.772422, 0.198878, 0.603168, 0.686147, -0.064013, 0.96925, -0.237607, 0.532968, 0.0, 0.0, 0.0, 1.0],
                [-0.632368, 0.116972, 0.765786, 0.081997, 0.769636, 0.207356, 0.603875, 0.697976, -0.088154, 0.971247, -0.221151, 0.536776, 0.0, 0.0, 0.0, 1.0],
                [-0.631708, 0.089179, 0.77006, 0.070394, 0.76801, 0.207033, 0.606051, 0.709246, -0.105381, 0.974261, -0.199275, 0.541047, 0.0, 0.0, 0.0, 1.0],
                [-0.630089, 0.061612, 0.774075, 0.056858, 0.767609, 0.200033, 0.608904, 0.720906, -0.117325, 0.97785, -0.173332, 0.545708, 0.0, 0.0, 0.0, 1.0],
                [-0.627607, 0.034334, 0.777773, 0.041761, 0.768334, 0.188476, 0.61167, 0.733908, -0.12559, 0.981478, -0.144668, 0.550689, 0.0, 0.0, 0.0, 1.0],
                [-0.624261, 0.007413, 0.781181, 0.025475, 0.770023, 0.174501, 0.613689, 0.749199, -0.131768, 0.984629, -0.114643, 0.555919, 0.0, 0.0, 0.0, 1.0],
                [-0.619953, -0.019076, 0.784407, 0.008371, 0.772504, 0.160295, 0.614445, 0.767731, -0.137458, 0.986885, -0.08464, 0.561327, 0.0, 0.0, 0.0, 1.0],
                [-0.614485, -0.045051, 0.787641, -0.009178, 0.775622, 0.148095, 0.613579, 0.790454, -0.144288, 0.987947, -0.056059, 0.566841, 0.0, 0.0, 0.0, 1.0],
                [-0.607558, -0.070417, 0.791148, -0.0268, 0.779217, 0.140196, 0.610874, 0.818316, -0.153931, 0.987617, -0.030307, 0.57239, 0.0, 0.0, 0.0, 1.0],
                [-0.598765, -0.095042, 0.795266, -0.044124, 0.78308, 0.138962, 0.606197, 0.852269, -0.168126, 0.985726, -0.00878, 0.577905, 0.0, 0.0, 0.0, 1.0],
                [-0.587593, -0.118728, 0.800399, -0.060778, 0.786847, 0.146838, 0.599426, 0.893261, -0.188698, 0.982009, 0.00714, 0.583312, 0.0, 0.0, 0.0, 1.0],
                [-0.55153, -0.140578, 0.822225, -0.076433, 0.805908, 0.164541, 0.568717, 0.941668, -0.215238, 0.976301, 0.022544, 0.588542, 0.0, 0.0, 0.0, 1.0],
                [-0.47142, -0.15842, 0.867563, -0.09093, 0.84747, 0.190848, 0.495351, 0.995571, -0.244046, 0.968752, 0.044287, 0.593523, 0.0, 0.0, 0.0, 1.0],
                [-0.352094, -0.169642, 0.920463, -0.104154, 0.895699, 0.224279, 0.383956, 1.052475, -0.271575, 0.959646, 0.072981, 0.598184, 0.0, 0.0, 0.0, 1.0],
                [-0.202746, -0.172042, 0.964, -0.11599, 0.934017, 0.261712, 0.243147, 1.109884, -0.294121, 0.949689, 0.107629, 0.602455, 0.0, 0.0, 0.0, 1.0],
                [-0.03878, -0.165141, 0.985507, -0.126321, 0.950281, 0.298854, 0.087472, 1.165305, -0.308968, 0.939901, 0.145341, 0.606263, 0.0, 0.0, 0.0, 1.0],
                [0.12091, -0.150838, 0.981136, -0.135033, 0.941201, 0.331532, -0.06502, 1.216244, -0.31547, 0.931308, 0.182054, 0.609539, 0.0, 0.0, 0.0, 1.0],
                [0.259253, -0.132898, 0.956622, -0.142011, 0.912913, 0.357016, -0.197809, 1.260205, -0.315241, 0.924596, 0.213882, 0.61221, 0.0, 0.0, 0.0, 1.0],
                [0.364748, -0.115692, 0.923891, -0.147137, 0.877514, 0.374489, -0.299545, 1.294694, -0.311332, 0.919986, 0.238116, 0.614206, 0.0, 0.0, 0.0, 1.0],
                [0.431258, -0.103146, 0.896313, -0.150298, 0.848367, 0.38447, -0.363945, 1.317217, -0.307066, 0.917357, 0.253311, 0.615455, 0.0, 0.0, 0.0, 1.0],
                [0.454638, -0.098383, 0.885226, -0.151377, 0.836755, 0.387739, -0.386651, 1.325279, -0.305197, 0.916504, 0.258603, 0.615888, 0.0, 0.0, 0.0, 1.0],
                [0.454638, -0.098383, 0.885226, -0.151377, 0.836755, 0.387739, -0.386651, 1.325279, -0.305197, 0.916504, 0.258603, 0.615888, 0.0, 0.0, 0.0, 1.0],
                [0.454638, -0.098383, 0.885226, -0.151377, 0.836755, 0.387739, -0.386651, 1.325279, -0.305197, 0.916504, 0.258603, 0.615888, 0.0, 0.0, 0.0, 1.0],
                [0.454638, -0.098383, 0.885226, -0.151377, 0.836755, 0.387739, -0.386651, 1.325279, -0.305197, 0.916504, 0.258603, 0.615888, 0.0, 0.0, 0.0, 1.0],
                [0.454638, -0.098383, 0.885226, -0.151377, 0.836755, 0.387739, -0.386651, 1.325279, -0.305197, 0.916504, 0.258603, 0.615888, 0.0, 0.0, 0.0, 1.0],
                [0.454638, -0.098383, 0.885226, -0.151377, 0.836755, 0.387739, -0.386651, 1.325279, -0.305197, 0.916504, 0.258603, 0.615888, 0.0, 0.0, 0.0, 1.0],
                [0.454638, -0.098383, 0.885226, -0.151377, 0.836755, 0.387739, -0.386651, 1.325279, -0.305197, 0.916504, 0.258603, 0.615888, 0.0, 0.0, 0.0, 1.0],
                [0.454638, -0.098383, 0.885226, -0.151377, 0.836755, 0.387739, -0.386651, 1.325279, -0.305197, 0.916504, 0.258603, 0.615888, 0.0, 0.0, 0.0, 1.0],
                [0.454638, -0.098383, 0.885226, -0.151377, 0.836755, 0.387739, -0.386651, 1.325279, -0.305197, 0.916504, 0.258603, 0.615888, 0.0, 0.0, 0.0, 1.0],
                [0.454638, -0.098383, 0.885226, -0.151377, 0.836755, 0.387739, -0.386651, 1.325279, -0.305197, 0.916504, 0.258603, 0.615888, 0.0, 0.0, 0.0, 1.0],
                [0.454638, -0.098383, 0.885226, -0.151377, 0.836755, 0.387739, -0.386651, 1.325279, -0.305197, 0.916504, 0.258603, 0.615888, 0.0, 0.0, 0.0, 1.0],
                [0.455321, -0.098099, 0.884906, -0.151384, 0.836554, 0.387322, -0.387504, 1.3256, -0.30473, 0.916711, 0.258421, 0.616096, 0.0, 0.0, 0.0, 1.0],
                [0.457325, -0.097268, 0.883964, -0.151403, 0.835958, 0.386097, -0.390004, 1.326542, -0.303361, 0.917316, 0.257884, 0.616707, 0.0, 0.0, 0.0, 1.0],
                [0.460578, -0.095923, 0.882421, -0.151435, 0.834976, 0.384099, -0.39406, 1.328073, -0.301138, 0.918295, 0.257001, 0.617699, 0.0, 0.0, 0.0, 1.0],
                [0.465008, -0.094102, 0.880291, -0.151478, 0.833606, 0.381363, -0.39958, 1.330159, -0.298109, 0.919623, 0.255781, 0.619051, 0.0, 0.0, 0.0, 1.0],
                [0.470542, -0.091843, 0.877585, -0.151532, 0.831844, 0.377917, -0.406466, 1.332768, -0.294323, 0.921273, 0.254225, 0.620741, 0.0, 0.0, 0.0, 1.0],
                [0.477107, -0.089187, 0.874308, -0.151596, 0.829679, 0.373791, -0.414623, 1.335867, -0.28983, 0.923215, 0.252335, 0.62275, 0.0, 0.0, 0.0, 1.0],
                [0.484627, -0.086175, 0.870466, -0.15167, 0.8271, 0.369013, -0.423951, 1.339424, -0.284679, 0.925421, 0.250109, 0.625055, 0.0, 0.0, 0.0, 1.0],
                [0.493026, -0.082851, 0.866061, -0.151752, 0.824093, 0.363609, -0.43435, 1.343405, -0.278921, 0.92786, 0.247546, 0.627635, 0.0, 0.0, 0.0, 1.0],
                [0.502226, -0.079259, 0.861097, -0.151843, 0.820643, 0.357608, -0.445715, 1.347779, -0.272608, 0.930502, 0.244644, 0.63047, 0.0, 0.0, 0.0, 1.0],
                [0.512149, -0.075443, 0.855577, -0.15194, 0.816736, 0.351039, -0.457945, 1.352512, -0.265792, 0.933317, 0.241402, 0.633537, 0.0, 0.0, 0.0, 1.0],
                [0.522715, -0.071447, 0.849508, -0.152045, 0.812363, 0.343932, -0.470933, 1.357572, -0.258526, 0.936273, 0.237819, 0.636817, 0.0, 0.0, 0.0, 1.0],
                [0.533844, -0.067315, 0.842899, -0.152156, 0.807514, 0.336318, -0.484574, 1.362926, -0.250863, 0.939339, 0.233899, 0.640287, 0.0, 0.0, 0.0, 1.0],
                [0.545455, -0.063089, 0.835763, -0.152272, 0.802184, 0.328234, -0.498762, 1.368542, -0.242859, 0.942487, 0.229645, 0.643926, 0.0, 0.0, 0.0, 1.0],
                [0.557465, -0.05881, 0.828115, -0.152393, 0.796373, 0.319715, -0.513393, 1.374386, -0.234568, 0.945687, 0.225065, 0.647714, 0.0, 0.0, 0.0, 1.0],
                [0.569794, -0.054519, 0.819977, -0.152518, 0.790088, 0.310801, -0.528359, 1.380426, -0.226044, 0.94891, 0.220168, 0.651628, 0.0, 0.0, 0.0, 1.0],
                [0.58236, -0.050254, 0.811376, -0.152646, 0.783338, 0.301537, -0.543559, 1.38663, -0.217344, 0.952129, 0.214969, 0.655649, 0.0, 0.0, 0.0, 1.0],
                [0.595082, -0.046049, 0.802344, -0.152777, 0.776142, 0.291967, -0.558891, 1.392965, -0.208521, 0.955319, 0.209485, 0.659754, 0.0, 0.0, 0.0, 1.0],
                [0.607882, -0.041938, 0.792919, -0.15291, 0.768523, 0.28214, -0.574256, 1.399397, -0.199631, 0.958456, 0.203738, 0.663923, 0.0, 0.0, 0.0, 1.0],
                [0.620682, -0.03795, 0.783144, -0.153044, 0.760512, 0.272107, -0.589559, 1.405895, -0.190725, 0.961518, 0.197754, 0.668134, 0.0, 0.0, 0.0, 1.0],
                [0.633407, -0.034112, 0.773067, -0.153179, 0.752146, 0.261923, -0.604708, 1.412425, -0.181856, 0.964486, 0.191561, 0.672367, 0.0, 0.0, 0.0, 1.0],
                [0.645984, -0.030446, 0.762744, -0.153314, 0.743472, 0.251644, -0.619617, 1.418956, -0.173075, 0.967341, 0.185194, 0.676599, 0.0, 0.0, 0.0, 1.0],
                [0.658344, -0.026972, 0.752234, -0.153449, 0.734538, 0.241328, -0.634204, 1.425454, -0.16443, 0.970069, 0.178689, 0.68081, 0.0, 0.0, 0.0, 1.0],
                [0.670421, -0.023704, 0.741602, -0.153582, 0.725403, 0.231036, -0.648392, 1.431887, -0.155967, 0.972656, 0.172087, 0.684979, 0.0, 0.0, 0.0, 1.0],
                [0.682154, -0.020656, 0.730917, -0.153713, 0.71613, 0.220827, -0.662113, 1.438221, -0.14773, 0.975094, 0.165431, 0.689084, 0.0, 0.0, 0.0, 1.0],
                [0.693483, -0.017834, 0.720252, -0.153841, 0.706787, 0.210766, -0.6753, 1.444425, -0.139761, 0.977374, 0.158768, 0.693105, 0.0, 0.0, 0.0, 1.0],
                [0.704356, -0.015244, 0.709683, -0.153966, 0.697447, 0.200915, -0.687896, 1.450465, -0.1321, 0.97949, 0.152147, 0.69702, 0.0, 0.0, 0.0, 1.0],
                [0.714722, -0.012885, 0.699289, -0.154087, 0.688187, 0.191336, -0.699849, 1.456309, -0.124782, 0.98144, 0.14562, 0.700807, 0.0, 0.0, 0.0, 1.0],
                [0.724536, -0.010757, 0.689153, -0.154203, 0.679088, 0.182094, -0.711113, 1.461925, -0.117841, 0.983222, 0.139238, 0.704447, 0.0, 0.0, 0.0, 1.0],
                [0.733756, -0.008854, 0.679355, -0.154313, 0.670233, 0.17325, -0.721645, 1.467279, -0.111308, 0.984838, 0.133057, 0.707917, 0.0, 0.0, 0.0, 1.0],
                [0.742343, -0.00717, 0.669982, -0.154418, 0.661708, 0.164866, -0.731411, 1.472339, -0.105214, 0.98629, 0.127132, 0.711196, 0.0, 0.0, 0.0, 1.0],
                [0.750262, -0.005694, 0.661116, -0.154516, 0.653597, 0.157006, -0.740378, 1.477072, -0.099583, 0.987581, 0.121517, 0.714263, 0.0, 0.0, 0.0, 1.0],
                [0.757481, -0.004416, 0.652842, -0.154606, 0.64599, 0.149728, -0.748518, 1.481446, -0.094443, 0.988717, 0.116268, 0.717098, 0.0, 0.0, 0.0, 1.0],
                [0.763968, -0.003324, 0.645245, -0.154689, 0.638972, 0.143092, -0.755804, 1.485427, -0.089817, 0.989704, 0.111442, 0.719678, 0.0, 0.0, 0.0, 1.0],
                [0.769694, -0.002407, 0.638408, -0.154762, 0.63263, 0.137158, -0.762212, 1.488984, -0.085728, 0.990546, 0.107092, 0.721983, 0.0, 0.0, 0.0, 1.0],
                [0.77463, -0.001653, 0.632412, -0.154826, 0.62705, 0.131982, -0.767717, 1.492083, -0.082198, 0.991251, 0.103274, 0.723992, 0.0, 0.0, 0.0, 1.0],
                [0.778747, -0.00105, 0.627337, -0.15488, 0.622312, 0.127623, -0.772295, 1.494692, -0.079252, 0.991822, 0.100039, 0.725683, 0.0, 0.0, 0.0, 1.0],
                [0.782012, -0.000588, 0.623263, -0.154923, 0.618499, 0.124135, -0.775918, 1.496778, -0.076912, 0.992265, 0.097439, 0.727035, 0.0, 0.0, 0.0, 1.0],
                [0.784393, -0.000262, 0.620264, -0.154955, 0.615688, 0.121576, -0.778555, 1.498309, -0.075205, 0.992582, 0.095525, 0.728027, 0.0, 0.0, 0.0, 1.0],
                [0.785853, -6.6e-05, 0.618414, -0.154975, 0.613951, 0.12, -0.780169, 1.499251, -0.074158, 0.992774, 0.094343, 0.728637, 0.0, 0.0, 0.0, 1.0],
                [0.78635, 0.0, 0.617782, -0.154981, 0.613357, 0.119463, -0.780718, 1.499572, -0.073802, 0.992839, 0.09394, 0.728846, 0.0, 0.0, 0.0, 1.0]
            ]
        },
        {
            "name": "Thigh_R",
            "time": [0.0, 0.0167, 0.0333, 0.05, 0.0667, 0.0833, 0.1, 0.1167, 0.1333, 0.15, 0.1667, 0.1833, 0.2, 0.2167, 0.2333, 0.25, 0.2667, 0.2833, 0.3, 0.3167, 0.3333, 0.35, 0.3667, 0.3833, 0.4, 0.4167, 0.4333, 0.45, 0.4667, 0.4833, 0.5, 0.5167, 0.5333, 0.55, 0.5667, 0.5833, 0.6, 0.6167, 0.6333, 0.65, 0.6667, 0.6833, 0.7, 0.7167, 0.7333, 0.75, 0.7667, 0.7833, 0.8, 0.8167, 0.8333, 0.85, 0.8667, 0.8833, 0.9, 0.9167, 0.9333, 0.95, 0.9667, 0.9833, 1.0, 1.0167, 1.0333, 1.05, 1.0667, 1.0833, 1.1, 1.1167, 1.1333, 1.15, 1.1667, 1.1833, 1.2, 1.2167, 1.2333, 1.25, 1.2667, 1.2833, 1.3, 1.3167, 1.3333, 1.35, 1.3667, 1.3833, 1.4, 1.4167, 1.4333, 1.45, 1.4667, 1.4833, 1.5, 1.5167, 1.5333, 1.55, 1.5667, 1.5833, 1.6, 1.6167, 1.6333, 1.65, 1.6667],
            "transform": [
                [0.728539, 0.668291, 0.150388, 0.124994, 0.081769, -0.302815, 0.949535, -0.002831, 0.680107, -0.679475, -0.275258, -1.2e-05, 0.0, 0.0, 0.0, 1.0],
                [0.729245, 0.668043, 0.148047, 0.124994, 0.085013, -0.303143, 0.949145, -0.002831, 0.678951, -0.679572, -0.277859, -1.2e-05, 0.0, 0.0, 0.0, 1.0],
                [0.730948, 0.667553, 0.141726, 0.124994, 0.093976, -0.30416, 0.947974, -0.002831, 0.675931, -0.6796, -0.28506, -1.2e-05, 0.0, 0.0, 0.0, 1.0],
                [0.732924, 0.667238, 0.132722, 0.124994, 0.107272, -0.305996, 0.945971, -0.002831, 0.6718, -0.679086, -0.295848, -1.2e-05, 0.0, 0.0, 0.0, 1.0],
                [0.734427, 0.66754, 0.122494, 0.124994, 0.123404, -0.308823, 0.94308, -0.002831, 0.667374, -0.677506, -0.309186, -1.2e-05, 0.0, 0.0, 0.0, 1.0],
                [0.734799, 0.668893, 0.112474, 0.124994, 0.140962, -0.312793, 0.939303, -0.002831, 0.663475, -0.674344, -0.324129, -1.2e-05, 0.0, 0.0, 0.0, 1.0],
                [0.733517, 0.671678, 0.10392, 0.124994, 0.15876, -0.317991, 0.934707, -0.002831, 0.660868, -0.669124, -0.339888, -1.2e-05, 0.0, 0.0, 0.0, 1.0],
                [0.730198, 0.676195, 0.097824, 0.124994, 0.175918, -0.324422, 0.92941, -0.002831, 0.660199, -0.661443, -0.355848, -1.2e-05, 0.0, 0.0, 0.0, 1.0],
                [0.724568, 0.68264, 0.094877, 0.124994, 0.191868, -0.332012, 0.923556, -0.002831, 0.661956, -0.650975, -0.371542, -1.2e-05, 0.0, 0.0, 0.0, 1.0],
                [0.716429, 0.691094, 0.095478, 0.124994, 0.206329, -0.340618, 0.917283, -0.002831, 0.666451, -0.637467, -0.386623, -1.2e-05, 0.0, 0.0, 0.0, 1.0],
                [0.705617, 0.701532, 0.099776, 0.124994, 0.219254, -0.350055, 0.910708, -0.002831, 0.67382, -0.620734, -0.400819, -1.2e-05, 0.0, 0.0, 0.0, 1.0],
                [0.691978, 0.713835, 0.107719, 0.124994, 0.230769, -0.360105, 0.903919, -0.002831, 0.68404, -0.600633, -0.413917, -1.2e-05, 0.0, 0.0, 0.0, 1.0],
                [0.675351, 0.727813, 0.119111, 0.124994, 0.241128, -0.37054, 0.896971, -0.002831, 0.696964, -0.577048, -0.425741, -1.2e-05, 0.0, 0.0, 0.0, 1.0],
                [0.655551, 0.743226, 0.133666, 0.124994, 0.250668, -0.381138, 0.889887, -0.002831, 0.712333, -0.549859, -0.43616, -1.2e-05, 0.0, 0.0, 0.0, 1.0],
                [0.632357, 0.759806, 0.151057, 0.124994, 0.259797, -0.391697, 0.882655, -0.002831, 0.729816, -0.518908, -0.445089, -1.2e-05, 0.0, 0.0, 0.0, 1.0],
                [0.6055, 0.777264, 0.170963, 0.124994, 0.268977, -0.402044, 0.875221, -0.002831, 0.749013, -0.483961, -0.452505, -1.2e-05, 0.0, 0.0, 0.0, 1.0],
                [0.579697, 0.789887, 0.20007, 0.124994, 0.273792, -0.42008, 0.8652, -0.002831, 0.767456, -0.446775, -0.459785, -1.2e-05, 0.0, 0.0, 0.0, 1.0],
                [0.55789, 0.791467, 0.249673, 0.124994, 0.270364, -0.457755, 0.846974, -0.002831, 0.784641, -0.405014, -0.469362, -1.2e-05, 0.0, 0.0, 0.0, 1.0],
                [0.537116, 0.777621, 0.326817, 0.124994, 0.259803, -0.521125, 0.812976, -0.002831, 0.802501, -0.351754, -0.481934, -1.2e-05, 0.0, 0.0, 0.0, 1.0],
                [0.514342, 0.739326, 0.434565, 0.124994, 0.243244, -0.611689, 0.752773, -0.002831, 0.822364, -0.281477, -0.494456, -1.2e-05, 0.0, 0.0, 0.0, 1.0],
                [0.486339, 0.665299, 0.566435, 0.124994, 0.22221, -0.721124, 0.656202, -0.002831, 0.845041, -0.193269, -0.498548, -1.2e-05, 0.0, 0.0, 0.0, 1.0],
                [0.449572, 0.548854, 0.70473, 0.124994, 0.198945, -0.830661, 0.52002, -0.002831, 0.870807, -0.093584, -0.482635, -1.2e-05, 0.0, 0.0, 0.0, 1.0],
                [0.400109, 0.394813, 0.827064, 0.124994, 0.176699, -0.918747, 0.3531, -0.002831, 0.899272, 0.004863, -0.437362, -1.2e-05, 0.0, 0.0, 0.0, 1.0],
                [0.33354, 0.218825, 0.916989, 0.124994, 0.159803, -0.971733, 0.173764, -0.002831, 0.929093, 0.08858, -0.359081, -1.2e-05, 0.0, 0.0, 0.0, 1.0],
                [0.24495, 0.040188, 0.968703, 0.124994, 0.153357, -0.988167, 0.002217, -0.002831, 0.95733, 0.148014, -0.248215, -1.2e-05, 0.0, 0.0, 0.0, 1.0],
                [0.129176, -0.123378, 0.983917, 0.124994, 0.162286, -0.976219, -0.14372, -0.002831, 0.978252, 0.17824, -0.106082, -1.2e-05, 0.0, 0.0, 0.0, 1.0],
                [-0.014099, -0.252218, 0.967568, 0.124994, 0.184167, -0.951762, -0.245416, -0.002831, 0.982794, 0.174733, 0.059869, -1.2e-05, 0.0, 0.0, 0.0, 1.0],
                [-0.166067, -0.338996, 0.926016, 0.124994, 0.20701, -0.930113, -0.303373, -0.002831, 0.964141, 0.141315, 0.224637, -1.2e-05, 0.0, 0.0, 0.0, 1.0],
                [-0.301726, -0.38907, 0.870394, 0.124994, 0.222571, -0.916459, -0.332508, -0.002831, 0.927051, 0.093398, 0.363117, -1.2e-05, 0.0, 0.0, 0.0, 1.0],
                [-0.399693, -0.41589, 0.816874, 0.124994, 0.228038, -0.908247, -0.350834, -0.002831, 0.887831, 0.046052, 0.45786, -1.2e-05, 0.0, 0.0, 0.0, 1.0],
                [-0.444322, -0.441049, 0.779779, 0.124994, 0.225412, -0.897452, -0.379168, -0.002831, 0.867045, 0.007299, 0.498176, -1.2e-05, 0.0, 0.0, 0.0, 1.0],
                [-0.457865, -0.44454, 0.769898, 0.124994, 0.224326, -0.895752, -0.383802, -0.002831, 0.860254, -0.003022, 0.509857, -1.2e-05, 0.0, 0.0, 0.0, 1.0],
                [-0.471284, -0.393262, 0.789453, 0.124994, 0.231611, -0.918857, -0.31946, -0.002831, 0.851027, 0.03229, 0.524128, -1.2e-05, 0.0, 0.0, 0.0, 1.0],
                [-0.483439, -0.311986, 0.817894, 0.124994, 0.246551, -0.945034, -0.214755, -0.002831, 0.839939, 0.097831, 0.533789, -1.2e-05, 0.0, 0.0, 0.0, 1.0],
                [-0.493121, -0.214271, 0.84316, 0.124994, 0.268133, -0.959443, -0.087006, -0.002831, 0.827609, 0.183174, 0.530577, -1.2e-05, 0.0, 0.0, 0.0, 1.0],
                [-0.499358, -0.100842, 0.860507, 0.124994, 0.294796, -0.953716, 0.059307, -0.002831, 0.8147, 0.283289, 0.505974, -1.2e-05, 0.0, 0.0, 0.0, 1.0],
                [-0.501716, 0.033599, 0.86438, 0.124994, 0.324336, -0.919042, 0.22398, -0.002831, 0.801927, 0.392723, 0.450202, -1.2e-05, 0.0, 0.0, 0.0, 1.0],
                [-0.500534, 0.195608, 0.843329, 0.124994, 0.353971, -0.842746, 0.405563, -0.002831, 0.790045, 0.501511, 0.352584, -1.2e-05, 0.0, 0.0, 0.0, 1.0],
                [-0.49701, 0.385034, 0.777644, 0.124994, 0.380554, -0.708671, 0.594106, -0.002831, 0.779846, 0.591211, 0.205691, -1.2e-05, 0.0, 0.0, 0.0, 1.0],
                [-0.493071, 0.580641, 0.647872, 0.124994, 0.400815, -0.509335, 0.761528, -0.002831, 0.772158, 0.635163, 0.018409, -1.2e-05, 0.0, 0.0, 0.0, 1.0],
                [-0.490989, 0.735536, 0.466814, 0.124994, 0.411535, -0.276458, 0.868452, -0.002831, 0.767834, 0.618509, -0.166962, -1.2e-05, 0.0, 0.0, 0.0, 1.0],
                [-0.471991, 0.825824, 0.308603, 0.124994, 0.392398, -0.116671, 0.912366, -0.002831, 0.78946, 0.551723, -0.268985, -1.2e-05, 0.0, 0.0, 0.0, 1.0],
                [-0.411691, 0.876924, 0.248018, 0.124994, 0.341953, -0.10362, 0.933987, -0.002831, 0.844735, 0.469324, -0.257208, -1.2e-05, 0.0, 0.0, 0.0, 1.0],
                [-0.304519, 0.904681, 0.298025, 0.124994, 0.287037, -0.21118, 0.934352, -0.002831, 0.908228, 0.370071, -0.195369, -1.2e-05, 0.0, 0.0, 0.0, 1.0],
                [-0.156674, 0.88484, 0.438761, 0.124994, 0.248343, -0.394678, 0.884622, -0.002831, 0.955918, 0.247559, -0.157909, -1.2e-05, 0.0, 0.0, 0.0, 1.0],
                [0.012425, 0.915392, 0.402368, 0.124994, 0.234752, -0.393822, 0.888705, -0.002831, 0.971976, 0.083414, -0.219784, -1.2e-05, 0.0, 0.0, 0.0, 1.0],
                [0.179258, 0.958806, 0.220351, 0.124994, 0.236673, -0.259429, 0.936313, -0.002831, 0.954909, -0.11569, -0.273428, -1.2e-05, 0.0, 0.0, 0.0, 1.0],
                [0.32424, 0.938829, 0.116039, 0.124994, 0.242908, -0.201183, 0.948958, -0.002831, 0.914255, -0.279503, -0.293281, -1.2e-05, 0.0, 0.0, 0.0, 1.0],
                [0.433943, 0.8995, 0.050906, 0.124994, 0.250467, -0.174721, 0.952229, -0.00283, 0.865424, -0.400463, -0.301114, -1.2e-05, 0.0, 0.0, 0.0, 1.0],
                [0.502272, 0.864593, 0.014108, 0.124994, 0.256519, -0.164562, 0.952428, -0.002831, 0.825784, -0.474758, -0.30444, -1.2e-05, 0.0, 0.0, 0.0, 1.0],
                [0.526089, 0.850426, 0.001766, 0.124994, 0.258903, -0.162139, 0.952198, -0.002831, 0.810061, -0.500482, -0.305479, -1.2e-05, 0.0, 0.0, 0.0, 1.0],
                [0.526089, 0.850426, 0.001767, 0.124994, 0.258904, -0.16214, 0.952198, -0.002831, 0.810061, -0.500482, -0.305479, -1.2e-05, 0.0, 0.0, 0.0, 1.0],
                [0.526089, 0.850426, 0.001766, 0.124994, 0.258903, -0.16214, 0.952198, -0.002831, 0.810061, -0.500482, -0.305479, -1.2e-05, 0.0, 0.0, 0.0, 1.0],
                [0.526089, 0.850426, 0.001767, 0.124994, 0.258904, -0.16214, 0.952198, -0.002831, 0.810061, -0.500482, -0.305479, -1.2e-05, 0.0, 0.0, 0.0, 1.0],
                [0.526089, 0.850426, 0.001766, 0.124994, 0.258904, -0.162139, 0.952198, -0.002831, 0.810061, -0.500482, -0.305479, -1.2e-05, 0.0, 0.0, 0.0, 1.0],
                [0.526089, 0.850426, 0.001767, 0.124994, 0.258903, -0.16214, 0.952198, -0.002831, 0.810061, -0.500482, -0.305479, -1.2e-05, 0.0, 0.0, 0.0, 1.0],
                [0.526089, 0.850426, 0.001767, 0.124994, 0.258904, -0.16214, 0.952198, -0.002831, 0.810061, -0.500482, -0.305479, -1.2e-05, 0.0, 0.0, 0.0, 1.0],
                [0.526089, 0.850426, 0.001767, 0.124994, 0.258903, -0.162139, 0.952198, -0.002831, 0.810061, -0.500482, -0.305479, -1.2e-05, 0.0, 0.0, 0.0, 1.0],
                [0.526089, 0.850426, 0.001767, 0.124994, 0.258903, -0.16214, 0.952198, -0.002831, 0.810061, -0.500482, -0.305479, -1.2e-05, 0.0, 0.0, 0.0, 1.0],
                [0.526089, 0.850426, 0.001766, 0.124994, 0.258903, -0.162139, 0.952198, -0.002831, 0.810061, -0.500482, -0.305479, -1.2e-05, 0.0, 0.0, 0.0, 1.0],
                [0.526089, 0.850426, 0.001767, 0.124994, 0.258904, -0.16214, 0.952198, -0.002831, 0.810061, -0.500482, -0.305479, -1.2e-05, 0.0, 0.0, 0.0, 1.0],
                [0.526995, 0.849863, 0.002538, 0.124994, 0.258819, -0.163334, 0.952017, -0.002831, 0.809499, -0.50105, -0.306037, -1.2e-05, 0.0, 0.0, 0.0, 1.0],
                [0.529647, 0.848203, 0.004797, 0.124994, 0.258567, -0.166839, 0.951477, -0.002831, 0.807847, -0.502705, -0.307683, -1.2e-05, 0.0, 0.0, 0.0, 1.0],
                [0.533939, 0.84548, 0.008465, 0.124994, 0.258149, -0.172543, 0.950573, -0.002831, 0.805151, -0.505362, -0.310388, -1.2e-05, 0.0, 0.0, 0.0, 1.0],
                [0.53976, 0.84171, 0.013458, 0.124994, 0.257562, -0.180344, 0.949283, -0.002831, 0.801449, -0.508918, -0.314135, -1.2e-05, 0.0, 0.0, 0.0, 1.0],
                [0.54699, 0.836905, 0.01969, 0.124994, 0.256798, -0.190133, 0.947578, -0.002831, 0.796778, -0.513259, -0.318917, -1.2e-05, 0.0, 0.0, 0.0, 1.0],
                [0.55551, 0.831068, 0.027073, 0.124994, 0.25585, -0.201814, 0.945416, -0.002831, 0.791169, -0.51826, -0.324739, -1.2e-05, 0.0, 0.0, 0.0, 1.0],
                [0.56519, 0.824195, 0.03551, 0.124994, 0.254707, -0.215282, 0.942751, -0.002831, 0.784656, -0.523788, -0.331603, -1.2e-05, 0.0, 0.0, 0.0, 1.0],
                [0.575903, 0.816282, 0.044909, 0.124994, 0.253357, -0.230436, 0.939527, -0.002831, 0.777268, -0.529697, -0.33952, -1.2e-05, 0.0, 0.0, 0.0, 1.0],
                [0.587518, 0.807328, 0.055163, 0.124994, 0.25179, -0.247169, 0.935687, -0.002831, 0.769041, -0.535842, -0.348494, -1.2e-05, 0.0, 0.0, 0.0, 1.0],
                [0.599904, 0.79733, 0.066165, 0.124994, 0.249997, -0.265366, 0.931173, -0.002831, 0.760011, -0.542073, -0.358525, -1.2e-05, 0.0, 0.0, 0.0, 1.0],
                [0.61293, 0.786295, 0.077801, 0.124994, 0.247969, -0.284912, 0.925925, -0.002831, 0.750218, -0.548235, -0.369609, -1.2e-05, 0.0, 0.0, 0.0, 1.0],
                [0.626471, 0.774236, 0.089953, 0.124994, 0.245701, -0.305682, 0.919886, -0.002831, 0.739707, -0.554178, -0.381732, -1.2e-05, 0.0, 0.0, 0.0, 1.0],
                [0.640396, 0.761173, 0.102503, 0.124994, 0.243188, -0.327548, 0.913001, -0.002831, 0.728527, -0.559753, -0.39487, -1.2e-05, 0.0, 0.0, 0.0, 1.0],
                [0.654586, 0.747137, 0.115324, 0.124995, 0.24043, -0.350371, 0.905225, -0.002831, 0.716735, -0.56482, -0.408983, -1.2e-05, 0.0, 0.0, 0.0, 1.0],
                [0.668924, 0.732174, 0.128294, 0.124994, 0.237432, -0.37401, 0.896517, -0.002831, 0.704391, -0.56924, -0.424027, -1.2e-05, 0.0, 0.0, 0.0, 1.0],
                [0.683298, 0.716336, 0.141293, 0.124994, 0.234198, -0.398319, 0.886845, -0.002831, 0.691559, -0.572888, -0.439936, -1.2e-05, 0.0, 0.0, 0.0, 1.0],
                [0.697605, 0.699692, 0.154198, 0.124994, 0.230739, -0.423144, 0.87619, -0.002831, 0.678312, -0.575653, -0.456635, -1.2e-05, 0.0, 0.0, 0.0, 1.0],
                [0.711745, 0.682321, 0.166898, 0.124994, 0.22707, -0.448331, 0.864545, -0.002831, 0.664723, -0.577437, -0.474033, -1.2e-05, 0.0, 0.0, 0.0, 1.0],
                [0.725632, 0.664314, 0.179286, 0.124994, 0.223209, -0.473726, 0.851916, -0.002831, 0.650873, -0.578158, -0.492033, -1.2e-05, 0.0, 0.0, 0.0, 1.0],
                [0.739183, 0.645775, 0.191261, 0.124994, 0.219178, -0.499167, 0.838327, -0.002831, 0.636843, -0.577756, -0.510516, -1.2e-05, 0.0, 0.0, 0.0, 1.0],
                [0.752327, 0.626817, 0.202737, 0.124994, 0.214999, -0.524501, 0.823817, -0.002831, 0.622718, -0.576191, -0.529363, -1.2e-05, 0.0, 0.0, 0.0, 1.0],
                [0.765003, 0.607559, 0.213639, 0.124994, 0.210703, -0.549578, 0.808436, -0.002831, 0.608584, -0.573441, -0.548443, -1.2e-05, 0.0, 0.0, 0.0, 1.0],
                [0.777153, 0.588131, 0.223905, 0.124994, 0.206319, -0.574244, 0.79226, -0.002831, 0.594529, -0.56951, -0.56762, -1.2e-05, 0.0, 0.0, 0.0, 1.0],
                [0.788734, 0.568667, 0.233485, 0.124994, 0.201882, -0.598362, 0.775375, -0.002831, 0.580639, -0.564427, -0.586753, -1.2e-05, 0.0, 0.0, 0.0, 1.0],
                [0.799707, 0.549306, 0.242344, 0.124994, 0.197425, -0.621789, 0.757892, -0.002831, 0.567002, -0.558246, -0.605697, -1.2e-05, 0.0, 0.0, 0.0, 1.0],
                [0.810042, 0.530186, 0.250465, 0.124994, 0.192986, -0.644402, 0.739933, -0.002831, 0.553703, -0.55104, -0.624312, -1.2e-05, 0.0, 0.0, 0.0, 1.0],
                [0.819718, 0.511452, 0.257837, 0.124994, 0.188602, -0.666075, 0.721646, -0.002831, 0.540826, -0.542916, -0.642456, -1.2e-05, 0.0, 0.0, 0.0, 1.0],
                [0.828714, 0.493243, 0.264467, 0.124994, 0.184312, -0.6867, 0.703186, -0.002831, 0.528453, -0.533995, -0.659989, -1.2e-05, 0.0, 0.0, 0.0, 1.0],
                [0.837021, 0.475702, 0.270374, 0.124994, 0.180154, -0.70617, 0.684739, -0.002831, 0.516662, -0.524431, -0.67678, -1.2e-05, 0.0, 0.0, 0.0, 1.0],
                [0.844631, 0.458969, 0.275581, 0.124994, 0.176168, -0.724387, 0.666504, -0.002831, 0.505532, -0.514401, -0.692697, -1.2e-05, 0.0, 0.0, 0.0, 1.0],
                [0.85154, 0.443182, 0.280124, 0.124994, 0.172392, -0.741263, 0.648699, -0.002831, 0.495137, -0.504101, -0.707617, -1.2e-05, 0.0, 0.0, 0.0, 1.0],
                [0.857745, 0.428475, 0.284044, 0.124994, 0.168865, -0.756713, 0.63156, -0.002831, 0.485549, -0.493751, -0.721423, -1.2e-05, 0.0, 0.0, 0.0, 1.0],
                [0.863246, 0.41499, 0.287383, 0.124994, 0.165624, -0.770656, 0.615351, -0.002831, 0.476838, -0.483601, -0.733999, -1.2e-05, 0.0, 0.0, 0.0, 1.0],
                [0.868042, 0.402859, 0.290182, 0.124994, 0.162705, -0.783013, 0.600347, -0.002831, 0.469073, -0.473911, -0.745237, -1.2e-05, 0.0, 0.0, 0.0, 1.0],
                [0.872131, 0.392222, 0.292487, 0.124994, 0.160146, -0.793707, 0.586839, -0.002831, 0.46232, -0.464959, -0.755031, -1.1e-05, 0.0, 0.0, 0.0, 1.0],
                [0.875509, 0.383215, 0.294329, 0.124994, 0.157979, -0.802658, 0.575136, -0.002831, 0.456647, -0.457038, -0.763275, -1.2e-05, 0.0, 0.0, 0.0, 1.0],
                [0.878167, 0.375976, 0.295742, 0.124994, 0.15624, -0.809782, 0.565545, -0.002831, 0.452118, -0.450436, -0.769868, -1.2e-05, 0.0, 0.0, 0.0, 1.0],
                [0.880094, 0.370644, 0.296745, 0.124994, 0.154959, -0.81499, 0.55837, -0.002831, 0.448801, -0.445434, -0.774704, -1.2e-05, 0.0, 0.0, 0.0, 1.0],
                [0.88127, 0.367351, 0.297347, 0.124994, 0.15417, -0.818189, 0.553893, -0.002831, 0.44676, -0.442286, -0.777681, -1.2e-05, 0.0, 0.0, 0.0, 1.0],
                [0.881669, 0.366225, 0.297551, 0.124994, 0.153899, -0.81928, 0.552353, -0.002831, 0.446064, -0.4412, -0.778697, -1.2e-05, 0.0, 0.0, 0.0, 1.0]
            ]
        },
        {
            "name": "Leg_R",
            "time": [0.0, 0.0167, 0.0333, 0.05, 0.0667, 0.0833, 0.1, 0.1167, 0.1333, 0.15, 0.1667, 0.1833, 0.2, 0.2167, 0.2333, 0.25, 0.2667, 0.2833, 0.3, 0.3167, 0.3333, 0.35, 0.3667, 0.3833, 0.4, 0.4167, 0.4333, 0.45, 0.4667, 0.4833, 0.5, 0.5167, 0.5333, 0.55, 0.5667, 0.5833, 0.6, 0.6167, 0.6333, 0.65, 0.6667, 0.6833, 0.7, 0.7167, 0.7333, 0.75, 0.7667, 0.7833, 0.8, 0.8167, 0.8333, 0.85, 0.8667, 0.8833, 0.9, 0.9167, 0.9333, 0.95, 0.9667, 0.9833, 1.0, 1.0167, 1.0333, 1.05, 1.0667, 1.0833, 1.1, 1.1167, 1.1333, 1.15, 1.1667, 1.1833, 1.2, 1.2167, 1.2333, 1.25, 1.2667, 1.2833, 1.3, 1.3167, 1.3333, 1.35, 1.3667, 1.3833, 1.4, 1.4167, 1.4333, 1.45, 1.4667, 1.4833, 1.5, 1.5167, 1.5333, 1.55, 1.5667, 1.5833, 1.6, 1.6167, 1.6333, 1.65, 1.6667],
            "transform": [
                [1.0, -1e-06, 1e-06, 0.0, -0.0, 0.550084, 0.835109, 0.374726, -1e-06, -0.835112, 0.550079, -0.0, 0.0, 0.0, 0.0, 1.0],
                [1.000001, -1e-06, 1e-06, 0.0, -0.0, 0.547564, 0.836764, 0.374726, -1e-06, -0.836767, 0.547559, 0.0, 0.0, 0.0, 0.0, 1.0],
                [1.0, -1e-06, 1e-06, 0.0, -0.0, 0.540219, 0.841523, 0.374726, -1e-06, -0.841526, 0.540216, -0.0, 0.0, 0.0, 0.0, 1.0],
                [1.0, -1e-06, 1e-06, 0.0, -0.0, 0.528467, 0.848954, 0.374726, -1e-06, -0.848957, 0.528462, 0.0, 0.0, 0.0, 0.0, 1.0],
                [1.0, -1e-06, 1e-06, -0.0, -0.0, 0.512777, 0.858523, 0.374726, -1e-06, -0.858525, 0.512773, -0.0, 0.0, 0.0, 0.0, 1.0],
                [1.0, -1e-06, 1e-06, -0.0, -0.0, 0.493646, 0.869662, 0.374726, -1e-06, -0.869665, 0.493643, 0.0, 0.0, 0.0, 0.0, 1.0],
                [1.000001, -1e-06, 1e-06, -0.0, -0.0, 0.471562, 0.881832, 0.374726, -1e-06, -0.881835, 0.471558, 0.0, 0.0, 0.0, 0.0, 1.0],
                [1.000001, -1e-06, 1e-06, 0.0, -0.0, 0.446962, 0.894553, 0.374726, -1e-06, -0.894555, 0.446959, -0.0, 0.0, 0.0, 0.0, 1.0],
                [1.0, -1e-06, 1e-06, 0.0, -0.0, 0.420223, 0.90742, 0.374726, -1e-06, -0.907422, 0.42022, 0.0, 0.0, 0.0, 0.0, 1.0],
                [1.0, -1e-06, 1e-06, 0.0, -0.0, 0.391653, 0.920112, 0.374726, -1e-06, -0.920114, 0.39165, -0.0, 0.0, 0.0, 0.0, 1.0],
                [1.0, -1e-06, 1e-06, 0.0, -0.0, 0.36148, 0.932379, 0.374726, -1e-06, -0.932381, 0.361478, -0.0, 0.0, 0.0, 0.0, 1.0],
                [1.0, -1e-06, 1e-06, 0.0, -0.0, 0.329866, 0.944027, 0.374726, -1e-06, -0.944029, 0.329864, 0.0, 0.0, 0.0, 0.0, 1.0],
                [1.0, -1e-06, 0.0, 0.0, -0.0, 0.296912, 0.954904, 0.374726, -1e-06, -0.954906, 0.29691, -0.0, 0.0, 0.0, 0.0, 1.0],
                [1.0, -1e-06, 0.0, 0.0, -0.0, 0.26269, 0.964879, 0.374726, -1e-06, -0.964882, 0.262688, 0.0, 0.0, 0.0, 0.0, 1.0],
                [1.0, -1e-06, 0.0, 0.0, -0.0, 0.227275, 0.973829, 0.374726, -1e-06, -0.973832, 0.227273, 0.0, 0.0, 0.0, 0.0, 1.0],
                [1.0, -1e-06, 0.0, 0.0, -0.0, 0.190792, 0.98163, 0.374726, -1e-06, -0.981632, 0.19079, 0.0, 0.0, 0.0, 0.0, 1.0],
                [1.0, -1e-06, 0.0, 0.0, -0.0, 0.136614, 0.990624, 0.374726, -1e-06, -0.990625, 0.136613, -0.0, 0.0, 0.0, 0.0, 1.0],
                [1.0, -1e-06, 0.0, -0.0, -0.0, 0.060191, 0.998186, 0.374726, -1e-06, -0.998187, 0.060191, -0.0, 0.0, 0.0, 0.0, 1.0],
                [1.0, -1e-06, 0.0, 0.0, -0.0, -0.017304, 0.999849, 0.374726, -1e-06, -0.999851, -0.017304, 0.0, 0.0, 0.0, 0.0, 1.0],
                [1.0, -1e-06, 0.0, -0.0, -0.0, -0.074535, 0.997218, 0.374726, -1e-06, -0.997219, -0.074535, 0.0, 0.0, 0.0, 0.0, 1.0],
                [1.000001, -1e-06, 0.0, 0.0, -0.0, -0.093815, 0.995589, 0.374726, -1e-06, -0.995591, -0.093815, -0.0, 0.0, 0.0, 0.0, 1.0],
                [1.0, -1e-06, 0.0, -0.0, -0.0, -0.063944, 0.997952, 0.374726, -1e-06, -0.997954, -0.063943, 0.0, 0.0, 0.0, 0.0, 1.0],
                [1.0, -1e-06, 0.0, -0.0, -0.0, 0.01791, 0.999839, 0.374726, -1e-06, -0.999841, 0.01791, -0.0, 0.0, 0.0, 0.0, 1.0],
                [1.0, -1e-06, 0.0, 0.0, -0.0, 0.145299, 0.989387, 0.374726, -1e-06, -0.989389, 0.145298, 0.0, 0.0, 0.0, 0.0, 1.0],
                [1.0, -1e-06, 0.0, -0.0, -0.0, 0.302581, 0.953123, 0.374726, -1e-06, -0.953125, 0.30258, 0.0, 0.0, 0.0, 0.0, 1.0],
                [1.0, -1e-06, 1e-06, -0.0, -0.0, 0.466084, 0.88474, 0.374726, -1e-06, -0.884743, 0.46608, 0.0, 0.0, 0.0, 0.0, 1.0],
                [1.0, -1e-06, 1e-06, -0.0, -0.0, 0.607234, 0.794523, 0.374726, -1e-06, -0.794526, 0.607229, 0.0, 0.0, 0.0, 0.0, 1.0],
                [1.0, -1e-06, 1e-06, 0.0, -0.0, 0.712979, 0.701187, 0.374726, -1e-06, -0.70119, 0.712972, -0.0, 0.0, 0.0, 0.0, 1.0],
                [1.0, -0.0, 1e-06, 0.0, -0.0, 0.786274, 0.617882, 0.374726, -1e-06, -0.617885, 0.786267, 0.0, 0.0, 0.0, 0.0, 1.0],
                [1.0, -0.0, 1e-06, 0.0, -0.0, 0.838771, 0.544489, 0.374726, -1e-06, -0.544492, 0.838763, -0.0, 0.0, 0.0, 0.0, 1.0],
                [1.0, -0.0, 1e-06, 0.0, -0.0, 0.88671, 0.462332, 0.374726, -1e-06, -0.462335, 0.886701, -0.0, 0.0, 0.0, 0.0, 1.0],
                [1.0, -0.0, 1e-06, 0.0, -0.0, 0.898768, 0.438431, 0.374726, -1e-06, -0.438433, 0.89876, 0.0, 0.0, 0.0, 0.0, 1.0],
                [1.000001, -0.0, 1e-06, -0.0, -0.0, 0.836831, 0.547467, 0.374726, -1e-06, -0.547469, 0.836822, 0.0, 0.0, 0.0, 0.0, 1.0],
                [1.0, -1e-06, 1e-06, -0.0, -0.0, 0.711303, 0.702886, 0.374726, -1e-06, -0.702889, 0.711297, -0.0, 0.0, 0.0, 0.0, 1.0],
                [1.0, -1e-06, 1e-06, 0.0, -0.0, 0.536781, 0.843721, 0.374726, -1e-06, -0.843724, 0.536777, 0.0, 0.0, 0.0, 0.0, 1.0],
                [1.000001, -1e-06, 1e-06, -0.0, -0.0, 0.33145, 0.943472, 0.374726, -1e-06, -0.943474, 0.331448, -0.0, 0.0, 0.0, 0.0, 1.0],
                [1.0, -1e-06, 0.0, 0.0, -0.0, 0.116659, 0.993171, 0.374726, -1e-06, -0.993173, 0.116659, 0.0, 0.0, 0.0, 0.0, 1.0],
