{
    "animation": [
        {
            "name": "Root",
            "time": [0.0, 0.0167, 0.0333, 0.05, 0.0667, 0.0833, 0.1, 0.1167, 0.1333, 0.15, 0.1667, 0.1833, 0.2, 0.2167, 0.2333, 0.25, 0.2667, 0.2833, 0.3, 0.3167, 0.3333, 0.35, 0.3667, 0.3833, 0.4, 0.4167, 0.4333, 0.45, 0.4667, 0.4833, 0.5, 0.5167, 0.5333, 0.55, 0.5667, 0.5833, 0.6, 0.6167, 0.6333, 0.65, 0.6667, 0.6833, 0.7, 0.7167, 0.7333, 0.75, 0.7667, 0.7833, 0.8, 0.8167, 0.8333, 0.85, 0.8667, 0.8833, 0.9, 0.9167, 0.9333, 0.95, 0.9667, 0.9833, 1.0, 1.0167, 1.0333, 1.05, 1.0667, 1.0833, 1.1, 1.1167, 1.1333, 1.15, 1.1667, 1.1833, 1.2, 1.2167, 1.2333, 1.25, 1.2667, 1.2833, 1.3, 1.3167, 1.3333, 1.35, 1.3667, 1.3833, 1.4, 1.4167, 1.4333, 1.45, 1.4667, 1.4833, 1.5, 1.5167, 1.5333, 1.55, 1.5667, 1.5833, 1.6, 1.6167, 1.6333, 1.65, 1.6667],
            "transform": [
                [0.78635, 0.0, 0.617782, -5e-06, 0.613358, 0.119463, -0.780718, -0.081316, -0.073802, 0.992839, 0.09394, 0.728846, 0.0, 0.0, 0.0, 1.0],
                [0.78635, 0.0, 0.617782, -5e-06, 0.613358, 0.119463, -0.780718, -0.081316, -0.073802, 0.992839, 0.09394, 0.728846, 0.0, 0.0, 0.0, 1.0],
                [0.78635, 0.0, 0.617782, -5e-06, 0.613358, 0.119463, -0.780718, -0.081316, -0.073802, 0.992839, 0.09394, 0.728846, 0.0, 0.0, 0.0, 1.0],
                [0.78635, 0.0, 0.617782, -5e-06, 0.613358, 0.119463, -0.780718, -0.081316, -0.073802, 0.992839, 0.09394, 0.728846, 0.0, 0.0, 0.0, 1.0],
                [0.78635, 0.0, 0.617782, -5e-06, 0.613358, 0.119463, -0.780718, -0.081316, -0.073802, 0.992839, 0.09394, 0.728846, 0.0, 0.0, 0.0, 1.0],
                [0.78635, 0.0, 0.617782, -5e-06, 0.613358, 0.119463, -0.780718, -0.081316, -0.073802, 0.992839, 0.09394, 0.728846, 0.0, 0.0, 0.0, 1.0],
                [0.78635, 0.0, 0.617782, -5e-06, 0.613358, 0.119463, -0.780718, -0.081316, -0.073802, 0.992839, 0.09394, 0.728846, 0.0, 0.0, 0.0, 1.0],
                [0.78635, 0.0, 0.617782, -5e-06, 0.613358, 0.119463, -0.780718, -0.081316, -0.073802, 0.992839, 0.09394, 0.728846, 0.0, 0.0, 0.0, 1.0],
                [0.78635, 0.0, 0.617782, -5e-06, 0.613358, 0.119463, -0.780718, -0.081316, -0.073802, 0.992839, 0.09394, 0.728846, 0.0, 0.0, 0.0, 1.0],
                [0.78635, 0.0, 0.617782, -5e-06, 0.613358, 0.119463, -0.780718, -0.081316, -0.073802, 0.992839, 0.09394, 0.728846, 0.0, 0.0, 0.0, 1.0],
                [0.78635, 0.0, 0.617782, -5e-06, 0.613358, 0.119463, -0.780718, -0.081316, -0.073802, 0.992839, 0.09394, 0.728846, 0.0, 0.0, 0.0, 1.0],
                [0.78635, 0.0, 0.617782, -5e-06, 0.613358, 0.119463, -0.780718, -0.081316, -0.073802, 0.992839, 0.09394, 0.728846, 0.0, 0.0, 0.0, 1.0],
                [0.78635, 0.0, 0.617782, -5e-06, 0.613358, 0.119463, -0.780718, -0.081316, -0.073802, 0.992839, 0.09394, 0.728846, 0.0, 0.0, 0.0, 1.0],
                [0.78635, 0.0, 0.617782, -5e-06, 0.613358, 0.119463, -0.780718, -0.081316, -0.073802, 0.992839, 0.09394, 0.728846, 0.0, 0.0, 0.0, 1.0],
                [0.78635, 0.0, 0.617782, -5e-06, 0.613358, 0.119463, -0.780718, -0.081316, -0.073802, 0.992839, 0.09394, 0.728846, 0.0, 0.0, 0.0, 1.0],
                [0.78635, 0.0, 0.617782, -5e-06, 0.613358, 0.119463, -0.780718, -0.081316, -0.073802, 0.992839, 0.09394, 0.728846, 0.0, 0.0, 0.0, 1.0],
                [0.78635, 0.0, 0.617782, -5e-06, 0.613358, 0.119463, -0.780718, -0.081316, -0.073802, 0.992839, 0.09394, 0.728846, 0.0, 0.0, 0.0, 1.0],
                [0.78635, 0.0, 0.617782, -5e-06, 0.613358, 0.119463, -0.780718, -0.081316, -0.073802, 0.992839, 0.09394, 0.728846, 0.0, 0.0, 0.0, 1.0],
                [0.78635, 0.0, 0.617782, -5e-06, 0.613358, 0.119463, -0.780718, -0.081316, -0.073802, 0.992839, 0.09394, 0.728846, 0.0, 0.0, 0.0, 1.0],
                [0.78635, 0.0, 0.617782, -5e-06, 0.613358, 0.119463, -0.780718, -0.081316, -0.073802, 0.992839, 0.09394, 0.728846, 0.0, 0.0, 0.0, 1.0],
                [0.78635, 0.0, 0.617782, -5e-06, 0.613358, 0.119463, -0.780718, -0.081316, -0.073802, 0.992839, 0.09394, 0.728846, 0.0, 0.0, 0.0, 1.0],
                [0.78635, 0.0, 0.617782, -5e-06, 0.613358, 0.119463, -0.780718, -0.081316, -0.073802, 0.992839, 0.09394, 0.728846, 0.0, 0.0, 0.0, 1.0],
                [0.78635, 0.0, 0.617782, -5e-06, 0.613358, 0.119463, -0.780718, -0.081316, -0.073802, 0.992839, 0.09394, 0.728846, 0.0, 0.0, 0.0, 1.0],
                [0.78635, 0.0, 0.617782, -5e-06, 0.613358, 0.119463, -0.780718, -0.081316, -0.073802, 0.992839, 0.09394, 0.728846, 0.0, 0.0, 0.0, 1.0],
                [0.78635, 0.0, 0.617782, -5e-06, 0.613358, 0.119463, -0.780718, -0.081316, -0.073802, 0.992839, 0.09394, 0.728846, 0.0, 0.0, 0.0, 1.0],
                [0.78635, 0.0, 0.617782, -5e-06, 0.613358, 0.119463, -0.780718, -0.081316, -0.073802, 0.992839, 0.09394, 0.728846, 0.0, 0.0, 0.0, 1.0],
                [0.78635, 0.0, 0.617782, -5e-06, 0.613358, 0.119463, -0.780718, -0.081316, -0.073802, 0.992839, 0.09394, 0.728846, 0.0, 0.0, 0.0, 1.0],
                [0.78635, 0.0, 0.617782, -5e-06, 0.613358, 0.119463, -0.780718, -0.081316, -0.073802, 0.992839, 0.09394, 0.728846, 0.0, 0.0, 0.0, 1.0],
                [0.78635, 0.0, 0.617782, -5e-06, 0.613358, 0.119463, -0.780718, -0.081316, -0.073802, 0.992839, 0.09394, 0.728846, 0.0, 0.0, 0.0, 1.0],
                [0.78635, 0.0, 0.617782, -5e-06, 0.613358, 0.119463, -0.780718, -0.081316, -0.073802, 0.992839, 0.09394, 0.728846, 0.0, 0.0, 0.0, 1.0],
                [0.78635, 0.0, 0.617782, -5e-06, 0.613358, 0.119463, -0.780718, -0.081316, -0.073802, 0.992839, 0.09394, 0.728846, 0.0, 0.0, 0.0, 1.0],
                [0.78635, 0.0, 0.617782, -5e-06, 0.613358, 0.119463, -0.780718, -0.081316, -0.073802, 0.992839, 0.09394, 0.728846, 0.0, 0.0, 0.0, 1.0],
                [0.78635, 0.0, 0.617782, -5e-06, 0.613358, 0.119463, -0.780718, -0.081316, -0.073802, 0.992839, 0.09394, 0.728846, 0.0, 0.0, 0.0, 1.0],
                [0.78635, 0.0, 0.617782, -5e-06, 0.613358, 0.119463, -0.780718, -0.081316, -0.073802, 0.992839, 0.09394, 0.728846, 0.0, 0.0, 0.0, 1.0],
                [0.78635, 0.0, 0.617782, -5e-06, 0.613358, 0.119463, -0.780718, -0.081316, -0.073802, 0.992839, 0.09394, 0.728846, 0.0, 0.0, 0.0, 1.0],
                [0.78635, 0.0, 0.617782, -5e-06, 0.613358, 0.119463, -0.780718, -0.081316, -0.073802, 0.992839, 0.09394, 0.728846, 0.0, 0.0, 0.0, 1.0],
                [0.78635, 0.0, 0.617782, -5e-06, 0.613358, 0.119463, -0.780718, -0.081316, -0.073802, 0.992839, 0.09394, 0.728846, 0.0, 0.0, 0.0, 1.0],
                [0.78635, 0.0, 0.617782, -5e-06, 0.613358, 0.119463, -0.780718, -0.081316, -0.073802, 0.992839, 0.09394, 0.728846, 0.0, 0.0, 0.0, 1.0],
                [0.78635, 0.0, 0.617782, -5e-06, 0.613358, 0.119463, -0.780718, -0.081316, -0.073802, 0.992839, 0.09394, 0.728846, 0.0, 0.0, 0.0, 1.0],
                [0.78635, 0.0, 0.617782, -5e-06, 0.613358, 0.119463, -0.780718, -0.081316, -0.073802, 0.992839, 0.09394, 0.728846, 0.0, 0.0, 0.0, 1.0],
                [0.78635, 0.0, 0.617782, -5e-06, 0.613358, 0.119463, -0.780718, -0.081316, -0.073802, 0.992839, 0.09394, 0.728846, 0.0, 0.0, 0.0, 1.0],
                [0.78635, 0.0, 0.617782, -5e-06, 0.613358, 0.119463, -0.780718, -0.081316, -0.073802, 0.992839, 0.09394, 0.728846, 0.0, 0.0, 0.0, 1.0],
                [0.78635, 0.0, 0.617782, -5e-06, 0.613358, 0.119463, -0.780718, -0.081316, -0.073802, 0.992839, 0.09394, 0.728846, 0.0, 0.0, 0.0, 1.0],
                [0.78635, 0.0, 0.617782, -5e-06, 0.613358, 0.119463, -0.780718, -0.081316, -0.073802, 0.992839, 0.09394, 0.728846, 0.0, 0.0, 0.0, 1.0],
                [0.78635, 0.0, 0.617782, -5e-06, 0.613358, 0.119463, -0.780718, -0.081316, -0.073802, 0.992839, 0.09394, 0.728846, 0.0, 0.0, 0.0, 1.0],
                [0.78635, 0.0, 0.617782, -5e-06, 0.613358, 0.119463, -0.780718, -0.081316, -0.073802, 0.992839, 0.09394, 0.728846, 0.0, 0.0, 0.0, 1.0],
                [0.78635, 0.0, 0.617782, -5e-06, 0.613358, 0.119463, -0.780718, -0.081316, -0.073802, 0.992839, 0.09394, 0.728846, 0.0, 0.0, 0.0, 1.0],
                [0.78635, 0.0, 0.617782, -5e-06, 0.613358, 0.119463, -0.780718, -0.081316, -0.073802, 0.992839, 0.09394, 0.728846, 0.0, 0.0, 0.0, 1.0],
                [0.78635, 0.0, 0.617782, -5e-06, 0.613358, 0.119463, -0.780718, -0.081316, -0.073802, 0.992839, 0.09394, 0.728846, 0.0, 0.0, 0.0, 1.0],
                [0.78635, 0.0, 0.617782, -5e-06, 0.613358, 0.119463, -0.780718, -0.081316, -0.073802, 0.992839, 0.09394, 0.728846, 0.0, 0.0, 0.0, 1.0],
                [0.78635, 0.0, 0.617782, -5e-06, 0.613358, 0.119463, -0.780718, -0.081316, -0.073802, 0.992839, 0.09394, 0.728846, 0.0, 0.0, 0.0, 1.0],
                [0.78635, 0.0, 0.617782, -5e-06, 0.613358, 0.119463, -0.780718, -0.081316, -0.073802, 0.992839, 0.09394, 0.728846, 0.0, 0.0, 0.0, 1.0],
                [0.78635, 0.0, 0.617782, -5e-06, 0.613358, 0.119463, -0.780718, -0.081316, -0.073802, 0.992839, 0.09394, 0.728846, 0.0, 0.0, 0.0, 1.0],
                [0.78635, 0.0, 0.617782, -5e-06, 0.613358, 0.119463, -0.780718, -0.081316, -0.073802, 0.992839, 0.09394, 0.728846, 0.0, 0.0, 0.0, 1.0],
                [0.78635, 0.0, 0.617782, -5e-06, 0.613358, 0.119463, -0.780718, -0.081316, -0.073802, 0.992839, 0.09394, 0.728846, 0.0, 0.0, 0.0, 1.0],
                [0.78635, 0.0, 0.617782, -5e-06, 0.613358, 0.119463, -0.780718, -0.081316, -0.073802, 0.992839, 0.09394, 0.728846, 0.0, 0.0, 0.0, 1.0],
                [0.78635, 0.0, 0.617782, -5e-06, 0.613358, 0.119463, -0.780718, -0.081316, -0.073802, 0.992839, 0.09394, 0.728846, 0.0, 0.0, 0.0, 1.0],
                [0.78635, 0.0, 0.617782, -5e-06, 0.613358, 0.119463, -0.780718, -0.081316, -0.073802, 0.992839, 0.09394, 0.728846, 0.0, 0.0, 0.0, 1.0],
                [0.78635, 0.0, 0.617782, -5e-06, 0.613358, 0.119463, -0.780718, -0.081316, -0.073802, 0.992839, 0.09394, 0.728846, 0.0, 0.0, 0.0, 1.0],
                [0.78635, 0.0, 0.617782, -5e-06, 0.613358, 0.119463, -0.780718, -0.081316, -0.073802, 0.992839, 0.09394, 0.728846, 0.0, 0.0, 0.0, 1.0],
                [0.78635, 0.0, 0.617782, -5e-06, 0.613358, 0.119463, -0.780718, -0.081316, -0.073802, 0.992839, 0.09394, 0.728846, 0.0, 0.0, 0.0, 1.0],
                [0.78635, 0.0, 0.617782, -5e-06, 0.613358, 0.119463, -0.780718, -0.081316, -0.073802, 0.992839, 0.09394, 0.728846, 0.0, 0.0, 0.0, 1.0],
                [0.78635, 0.0, 0.617782, -5e-06, 0.613358, 0.119463, -0.780718, -0.081316, -0.073802, 0.992839, 0.09394, 0.728846, 0.0, 0.0, 0.0, 1.0],
                [0.78635, 0.0, 0.617782, -5e-06, 0.613358, 0.119463, -0.780718, -0.081316, -0.073802, 0.992839, 0.09394, 0.728846, 0.0, 0.0, 0.0, 1.0],
                [0.78635, 0.0, 0.617782, -5e-06, 0.613358, 0.119463, -0.780718, -0.081316, -0.073802, 0.992839, 0.09394, 0.728846, 0.0, 0.0, 0.0, 1.0],
                [0.78635, 0.0, 0.617782, -5e-06, 0.613358, 0.119463, -0.780718, -0.081316, -0.073802, 0.992839, 0.09394, 0.728846, 0.0, 0.0, 0.0, 1.0],
                [0.78635, 0.0, 0.617782, -5e-06, 0.613358, 0.119463, -0.780718, -0.081316, -0.073802, 0.992839, 0.09394, 0.728846, 0.0, 0.0, 0.0, 1.0],
                [0.78635, 0.0, 0.617782, -5e-06, 0.613358, 0.119463, -0.780718, -0.081316, -0.073802, 0.992839, 0.09394, 0.728846, 0.0, 0.0, 0.0, 1.0],
                [0.78635, 0.0, 0.617782, -5e-06, 0.613358, 0.119463, -0.780718, -0.081316, -0.073802, 0.992839, 0.09394, 0.728846, 0.0, 0.0, 0.0, 1.0],
                [0.78635, 0.0, 0.617782, -5e-06, 0.613358, 0.119463, -0.780718, -0.081316, -0.073802, 0.992839, 0.09394, 0.728846, 0.0, 0.0, 0.0, 1.0],
                [0.78635, 0.0, 0.617782, -5e-06, 0.613358, 0.119463, -0.780718, -0.081316, -0.073802, 0.992839, 0.09394, 0.728846, 0.0, 0.0, 0.0, 1.0],
                [0.78635, 0.0, 0.617782, -5e-06, 0.613358, 0.119463, -0.780718, -0.081316, -0.073802, 0.992839, 0.09394, 0.728846, 0.0, 0.0, 0.0, 1.0],
                [0.78635, 0.0, 0.617782, -5e-06, 0.613358, 0.119463, -0.780718, -0.081316, -0.073802, 0.992839, 0.09394, 0.728846, 0.0, 0.0, 0.0, 1.0],
                [0.78635, 0.0, 0.617782, -5e-06, 0.613358, 0.119463, -0.780718, -0.081316, -0.073802, 0.992839, 0.09394, 0.728846, 0.0, 0.0, 0.0, 1.0],
                [0.78635, 0.0, 0.617782, -5e-06, 0.613358, 0.119463, -0.780718, -0.081316, -0.073802, 0.992839, 0.09394, 0.728846, 0.0, 0.0, 0.0, 1.0],
                [0.78635, 0.0, 0.617782, -5e-06, 0.613358, 0.119463, -0.780718, -0.081316, -0.073802, 0.992839, 0.09394, 0.728846, 0.0, 0.0, 0.0, 1.0],
                [0.78635, 0.0, 0.617782, -5e-06, 0.613358, 0.119463, -0.780718, -0.081316, -0.073802, 0.992839, 0.09394, 0.728846, 0.0, 0.0, 0.0, 1.0],
                [0.78635, 0.0, 0.617782, -5e-06, 0.613358, 0.119463, -0.780718, -0.081316, -0.073802, 0.992839, 0.09394, 0.728846, 0.0, 0.0, 0.0, 1.0],
                [0.78635, 0.0, 0.617782, -5e-06, 0.613358, 0.119463, -0.780718, -0.081316, -0.073802, 0.992839, 0.09394, 0.728846, 0.0, 0.0, 0.0, 1.0],
                [0.78635, 0.0, 0.617782, -5e-06, 0.613358, 0.119463, -0.780718, -0.081316, -0.073802, 0.992839, 0.09394, 0.728846, 0.0, 0.0, 0.0, 1.0],
                [0.78635, 0.0, 0.617782, -5e-06, 0.613358, 0.119463, -0.780718, -0.081316, -0.073802, 0.992839, 0.09394, 0.728846, 0.0, 0.0, 0.0, 1.0],
                [0.78635, 0.0, 0.617782, -5e-06, 0.613358, 0.119463, -0.780718, -0.081316, -0.073802, 0.992839, 0.09394, 0.728846, 0.0, 0.0, 0.0, 1.0],
                [0.78635, 0.0, 0.617782, -5e-06, 0.613358, 0.119463, -0.780718, -0.081316, -0.073802, 0.992839, 0.09394, 0.728846, 0.0, 0.0, 0.0, 1.0],
                [0.78635, 0.0, 0.617782, -5e-06, 0.613358, 0.119463, -0.780718, -0.081316, -0.073802, 0.992839, 0.09394, 0.728846, 0.0, 0.0, 0.0, 1.0],
                [0.78635, 0.0, 0.617782, -5e-06, 0.613358, 0.119463, -0.780718, -0.081316, -0.073802, 0.992839, 0.09394, 0.728846, 0.0, 0.0, 0.0, 1.0],
                [0.78635, 0.0, 0.617782, -5e-06, 0.613358, 0.119463, -0.780718, -0.081316, -0.073802, 0.992839, 0.09394, 0.728846, 0.0, 0.0, 0.0, 1.0],
                [0.78635, 0.0, 0.617782, -5e-06, 0.613358, 0.119463, -0.780718, -0.081316, -0.073802, 0.992839, 0.09394, 0.728846, 0.0, 0.0, 0.0, 1.0],
                [0.78635, 0.0, 0.617782, -5e-06, 0.613358, 0.119463, -0.780718, -0.081316, -0.073802, 0.992839, 0.09394, 0.728846, 0.0, 0.0, 0.0, 1.0],
                [0.78635, 0.0, 0.617782, -5e-06, 0.613358, 0.119463, -0.780718, -0.081316, -0.073802, 0.992839, 0.09394, 0.728846, 0.0, 0.0, 0.0, 1.0],
                [0.78635, 0.0, 0.617782, -5e-06, 0.613358, 0.119463, -0.780718, -0.081316, -0.073802, 0.992839, 0.09394, 0.728846, 0.0, 0.0, 0.0, 1.0],
                [0.78635, 0.0, 0.617782, -5e-06, 0.613358, 0.119463, -0.780718, -0.081316, -0.073802, 0.992839, 0.09394, 0.728846, 0.0, 0.0, 0.0, 1.0],
                [0.78635, 0.0, 0.617782, -5e-06, 0.613358, 0.119463, -0.780718, -0.081316, -0.073802, 0.992839, 0.09394, 0.728846, 0.0, 0.0, 0.0, 1.0],
                [0.78635, 0.0, 0.617782, -5e-06, 0.613358, 0.119463, -0.780718, -0.081316, -0.073802, 0.992839, 0.09394, 0.728846, 0.0, 0.0, 0.0, 1.0],
                [0.78635, 0.0, 0.617782, -5e-06, 0.613358, 0.119463, -0.780718, -0.081316, -0.073802, 0.992839, 0.09394, 0.728846, 0.0, 0.0, 0.0, 1.0],
                [0.78635, 0.0, 0.617782, -5e-06, 0.613358, 0.119463, -0.780718, -0.081316, -0.073802, 0.992839, 0.09394, 0.728846, 0.0, 0.0, 0.0, 1.0],
                [0.78635, 0.0, 0.617782, -5e-06, 0.613358, 0.119463, -0.780718, -0.081316, -0.073802, 0.992839, 0.09394, 0.728846, 0.0, 0.0, 0.0, 1.0],
                [0.78635, 0.0, 0.617782, -5e-06, 0.613358, 0.119463, -0.780718, -0.081316, -0.073802, 0.992839, 0.09394, 0.728846, 0.0, 0.0, 0.0, 1.0],
                [0.78635, 0.0, 0.617782, -5e-06, 0.613358, 0.119463, -0.780718, -0.081316, -0.073802, 0.992839, 0.09394, 0.728846, 0.0, 0.0, 0.0, 1.0],
                [0.78635, 0.0, 0.617782, -5e-06, 0.613358, 0.119463, -0.780718, -0.081316, -0.073802, 0.992839, 0.09394, 0.728846, 0.0, 0.0, 0.0, 1.0],
                [0.78635, 0.0, 0.617782, -5e-06, 0.613358, 0.119463, -0.780718, -0.081316, -0.073802, 0.992839, 0.09394, 0.728846, 0.0, 0.0, 0.0, 1.0],
                [0.78635, 0.0, 0.617782, -5e-06, 0.613358, 0.119463, -0.780718, -0.081316, -0.073802, 0.992839, 0.09394, 0.728846, 0.0, 0.0, 0.0, 1.0]
            ]
        },
        {
            "name": "Thigh_R",
            "time": [0.0, 0.0167, 0.0333, 0.05, 0.0667, 0.0833, 0.1, 0.1167, 0.1333, 0.15, 0.1667, 0.1833, 0.2, 0.2167, 0.2333, 0.25, 0.2667, 0.2833, 0.3, 0.3167, 0.3333, 0.35, 0.3667, 0.3833, 0.4, 0.4167, 0.4333, 0.45, 0.4667, 0.4833, 0.5, 0.5167, 0.5333, 0.55, 0.5667, 0.5833, 0.6, 0.6167, 0.6333, 0.65, 0.6667, 0.6833, 0.7, 0.7167, 0.7333, 0.75, 0.7667, 0.7833, 0.8, 0.8167, 0.8333, 0.85, 0.8667, 0.8833, 0.9, 0.9167, 0.9333, 0.95, 0.9667, 0.9833, 1.0, 1.0167, 1.0333, 1.05, 1.0667, 1.0833, 1.1, 1.1167, 1.1333, 1.15, 1.1667, 1.1833, 1.2, 1.2167, 1.2333, 1.25, 1.2667, 1.2833, 1.3, 1.3167, 1.3333, 1.35, 1.3667, 1.3833, 1.4, 1.4167, 1.4333, 1.45, 1.4667, 1.4833, 1.5, 1.5167, 1.5333, 1.55, 1.5667, 1.5833, 1.6, 1.6167, 1.6333, 1.65, 1.6667],
            "transform": [
                [0.88167, 0.366224, 0.297553, 0.124994, 0.1539, -0.819282, 0.55235, -0.002831, 0.446064, -0.441196, -0.778699, -1.2e-05, 0.0, 0.0, 0.0, 1.0],
                [0.881676, 0.366221, 0.297538, 0.124994, 0.153905, -0.819282, 0.552347, -0.002831, 0.446049, -0.441198, -0.778706, -1.2e-05, 0.0, 0.0, 0.0, 1.0],
                [0.881695, 0.36621, 0.297495, 0.124994, 0.153923, -0.819284, 0.552339, -0.002831, 0.446005, -0.441203, -0.778728, -1.2e-05, 0.0, 0.0, 0.0, 1.0],
                [0.881726, 0.366192, 0.297424, 0.124994, 0.153951, -0.819287, 0.552327, -0.002831, 0.445934, -0.441212, -0.778764, -1.2e-05, 0.0, 0.0, 0.0, 1.0],
                [0.881769, 0.366168, 0.297326, 0.124994, 0.15399, -0.819292, 0.55231, -0.002831, 0.445836, -0.441224, -0.778814, -1.2e-05, 0.0, 0.0, 0.0, 1.0],
                [0.881823, 0.366138, 0.297204, 0.124994, 0.154038, -0.819297, 0.552288, -0.002831, 0.445713, -0.441239, -0.778875, -1.2e-05, 0.0, 0.0, 0.0, 1.0],
                [0.881887, 0.366102, 0.297058, 0.124994, 0.154097, -0.819303, 0.552263, -0.002831, 0.445565, -0.441257, -0.77895, -1.2e-05, 0.0, 0.0, 0.0, 1.0],
                [0.881961, 0.366061, 0.296888, 0.124994, 0.154164, -0.81931, 0.552234, -0.002831, 0.445395, -0.441278, -0.779035, -1.2e-05, 0.0, 0.0, 0.0, 1.0],
                [0.882045, 0.366014, 0.296698, 0.124994, 0.15424, -0.819319, 0.5522, -0.002831, 0.445203, -0.441302, -0.779131, -1.2e-05, 0.0, 0.0, 0.0, 1.0],
                [0.882138, 0.365962, 0.296487, 0.124994, 0.154324, -0.819328, 0.552163, -0.002831, 0.444991, -0.441328, -0.779238, -1.2e-05, 0.0, 0.0, 0.0, 1.0],
                [0.882238, 0.365905, 0.296257, 0.124994, 0.154415, -0.819338, 0.552123, -0.002831, 0.444759, -0.441357, -0.779354, -1.2e-05, 0.0, 0.0, 0.0, 1.0],
                [0.882347, 0.365844, 0.296008, 0.124994, 0.154514, -0.819348, 0.552079, -0.002831, 0.444509, -0.441388, -0.779479, -1.2e-05, 0.0, 0.0, 0.0, 1.0],
                [0.882463, 0.365779, 0.295743, 0.124994, 0.154619, -0.81936, 0.552033, -0.002831, 0.444243, -0.44142, -0.779612, -1.2e-05, 0.0, 0.0, 0.0, 1.0],
                [0.882585, 0.36571, 0.295463, 0.124994, 0.15473, -0.819372, 0.551984, -0.002831, 0.443961, -0.441455, -0.779753, -1.2e-05, 0.0, 0.0, 0.0, 1.0],
                [0.882714, 0.365637, 0.295168, 0.124994, 0.154847, -0.819384, 0.551932, -0.002831, 0.443664, -0.441492, -0.779902, -1.2e-05, 0.0, 0.0, 0.0, 1.0],
                [0.882849, 0.365561, 0.29486, 0.124994, 0.154969, -0.819398, 0.551878, -0.002831, 0.443354, -0.44153, -0.780056, -1.2e-05, 0.0, 0.0, 0.0, 1.0],
                [0.882988, 0.365483, 0.29454, 0.124994, 0.155096, -0.819412, 0.551822, -0.002831, 0.443032, -0.441569, -0.780217, -1.2e-05, 0.0, 0.0, 0.0, 1.0],
                [0.883132, 0.365401, 0.29421, 0.124994, 0.155227, -0.819426, 0.551764, -0.002831, 0.442699, -0.44161, -0.780383, -1.2e-05, 0.0, 0.0, 0.0, 1.0],
                [0.88328, 0.365318, 0.293869, 0.124994, 0.155362, -0.819441, 0.551704, -0.002831, 0.442356, -0.441652, -0.780553, -1.2e-05, 0.0, 0.0, 0.0, 1.0],
                [0.883431, 0.365232, 0.293521, 0.124994, 0.1555, -0.819456, 0.551643, -0.002831, 0.442005, -0.441695, -0.780728, -1.2e-05, 0.0, 0.0, 0.0, 1.0],
                [0.883585, 0.365144, 0.293165, 0.124994, 0.155641, -0.819471, 0.55158, -0.002831, 0.441647, -0.441739, -0.780906, -1.2e-05, 0.0, 0.0, 0.0, 1.0],
                [0.883742, 0.365055, 0.292803, 0.124994, 0.155784, -0.819487, 0.551516, -0.002831, 0.441283, -0.441783, -0.781086, -1.2e-05, 0.0, 0.0, 0.0, 1.0],
                [0.883901, 0.364965, 0.292437, 0.124994, 0.155929, -0.819503, 0.551452, -0.002831, 0.440914, -0.441828, -0.781269, -1.2e-05, 0.0, 0.0, 0.0, 1.0],
                [0.884061, 0.364874, 0.292067, 0.124994, 0.156076, -0.819519, 0.551386, -0.002831, 0.440541, -0.441874, -0.781454, -1.2e-05, 0.0, 0.0, 0.0, 1.0],
                [0.884221, 0.364782, 0.291694, 0.124994, 0.156223, -0.819535, 0.551321, -0.002831, 0.440166, -0.441919, -0.781639, -1.2e-05, 0.0, 0.0, 0.0, 1.0],
                [0.884382, 0.36469, 0.291321, 0.124994, 0.156371, -0.819551, 0.551255, -0.002831, 0.43979, -0.441965, -0.781825, -1.2e-05, 0.0, 0.0, 0.0, 1.0],
                [0.884543, 0.364598, 0.290947, 0.124994, 0.156519, -0.819568, 0.551189, -0.002831, 0.439414, -0.442011, -0.782011, -1.2e-05, 0.0, 0.0, 0.0, 1.0],
                [0.884703, 0.364507, 0.290574, 0.124994, 0.156666, -0.819584, 0.551122, -0.002831, 0.439039, -0.442056, -0.782196, -1.2e-05, 0.0, 0.0, 0.0, 1.0],
                [0.884862, 0.364416, 0.290204, 0.124994, 0.156812, -0.8196, 0.551057, -0.002831, 0.438666, -0.442102, -0.782379, -1.2e-05, 0.0, 0.0, 0.0, 1.0],
                [0.88502, 0.364326, 0.289838, 0.124994, 0.156956, -0.819616, 0.550992, -0.002831, 0.438297, -0.442146, -0.782561, -1.2e-05, 0.0, 0.0, 0.0, 1.0],
                [0.885175, 0.364237, 0.289476, 0.124994, 0.157099, -0.819632, 0.550928, -0.002831, 0.437933, -0.44219, -0.78274, -1.2e-05, 0.0, 0.0, 0.0, 1.0],
                [0.885327, 0.364149, 0.289121, 0.124994, 0.157239, -0.819647, 0.550865, -0.002831, 0.437575, -0.442234, -0.782916, -1.2e-05, 0.0, 0.0, 0.0, 1.0],
                [0.885476, 0.364063, 0.288772, 0.124994, 0.157377, -0.819662, 0.550803, -0.002831, 0.437224, -0.442276, -0.783088, -1.2e-05, 0.0, 0.0, 0.0, 1.0],
                [0.885621, 0.36398, 0.288432, 0.124994, 0.157511, -0.819677, 0.550742, -0.002831, 0.436881, -0.442317, -0.783256, -1.2e-05, 0.0, 0.0, 0.0, 1.0],
                [0.885762, 0.363898, 0.288102, 0.124994, 0.157641, -0.819692, 0.550684, -0.002831, 0.436548, -0.442357, -0.783419, -1.2e-05, 0.0, 0.0, 0.0, 1.0],
                [0.885898, 0.36382, 0.287782, 0.124994, 0.157767, -0.819706, 0.550627, -0.002831, 0.436226, -0.442396, -0.783576, -1.2e-05, 0.0, 0.0, 0.0, 1.0],
                [0.886029, 0.363744, 0.287474, 0.124994, 0.157888, -0.819719, 0.550572, -0.002831, 0.435916, -0.442433, -0.783728, -1.2e-05, 0.0, 0.0, 0.0, 1.0],
                [0.886155, 0.363671, 0.28718, 0.124994, 0.158004, -0.819732, 0.550519, -0.002831, 0.435619, -0.442469, -0.783872, -1.2e-05, 0.0, 0.0, 0.0, 1.0],
                [0.886274, 0.363602, 0.2869, 0.124994, 0.158114, -0.819745, 0.550469, -0.002831, 0.435337, -0.442503, -0.78401, -1.2e-05, 0.0, 0.0, 0.0, 1.0],
                [0.886386, 0.363537, 0.286635, 0.124994, 0.158219, -0.819756, 0.550422, -0.002831, 0.43507, -0.442535, -0.78414, -1.2e-05, 0.0, 0.0, 0.0, 1.0],
                [0.886491, 0.363476, 0.286387, 0.124994, 0.158316, -0.819767, 0.550378, -0.002831, 0.434821, -0.442565, -0.784262, -1.2e-05, 0.0, 0.0, 0.0, 1.0],
                [0.886589, 0.36342, 0.286157, 0.124994, 0.158407, -0.819777, 0.550337, -0.002831, 0.434589, -0.442593, -0.784375, -1.2e-05, 0.0, 0.0, 0.0, 1.0],
                [0.886678, 0.363368, 0.285946, 0.124994, 0.158489, -0.819786, 0.550299, -0.002831, 0.434376, -0.442618, -0.784478, -1.2e-05, 0.0, 0.0, 0.0, 1.0],
                [0.886758, 0.363321, 0.285756, 0.124994, 0.158564, -0.819795, 0.550265, -0.002831, 0.434185, -0.442641, -0.784571, -1.2e-05, 0.0, 0.0, 0.0, 1.0],
                [0.88683, 0.363279, 0.285587, 0.124994, 0.158631, -0.819802, 0.550235, -0.002831, 0.434014, -0.442661, -0.784654, -1.2e-05, 0.0, 0.0, 0.0, 1.0],
                [0.886892, 0.363243, 0.285441, 0.124994, 0.158688, -0.819809, 0.550209, -0.002831, 0.433867, -0.442679, -0.784725, -1.2e-05, 0.0, 0.0, 0.0, 1.0],
                [0.886943, 0.363213, 0.285318, 0.124994, 0.158736, -0.819814, 0.550187, -0.002831, 0.433744, -0.442694, -0.784785, -1.2e-05, 0.0, 0.0, 0.0, 1.0],
                [0.886984, 0.363189, 0.285221, 0.124994, 0.158774, -0.819818, 0.550169, -0.002831, 0.433646, -0.442705, -0.784833, -1.2e-05, 0.0, 0.0, 0.0, 1.0],
                [0.887015, 0.363172, 0.28515, 0.124994, 0.158802, -0.819821, 0.550157, -0.002831, 0.433574, -0.442714, -0.784868, -1.2e-05, 0.0, 0.0, 0.0, 1.0],
                [0.887033, 0.363161, 0.285107, 0.124994, 0.158819, -0.819823, 0.550149, -0.002831, 0.43353, -0.442719, -0.784889, -1.2e-05, 0.0, 0.0, 0.0, 1.0],
                [0.887039, 0.363158, 0.285092, 0.124994, 0.158825, -0.819824, 0.550146, -0.002831, 0.433515, -0.442721, -0.784896, -1.2e-05, 0.0, 0.0, 0.0, 1.0],
                [0.887033, 0.363161, 0.285107, 0.124994, 0.158819, -0.819823, 0.550149, -0.002831, 0.43353, -0.442719, -0.784889, -1.2e-05, 0.0, 0.0, 0.0, 1.0],
                [0.887015, 0.363172, 0.28515, 0.124994, 0.158802, -0.819821, 0.550157, -0.002831, 0.433574, -0.442714, -0.784868, -1.2e-05, 0.0, 0.0, 0.0, 1.0],
                [0.886984, 0.363189, 0.285221, 0.124994, 0.158774, -0.819818, 0.550169, -0.002831, 0.433646, -0.442705, -0.784833, -1.2e-05, 0.0, 0.0, 0.0, 1.0],
                [0.886943, 0.363213, 0.285318, 0.124994, 0.158736, -0.819814, 0.550187, -0.002831, 0.433744, -0.442694, -0.784785, -1.2e-05, 0.0, 0.0, 0.0, 1.0],
                [0.886892, 0.363243, 0.28544, 0.124994, 0.158688, -0.819809, 0.550209, -0.002831, 0.433867, -0.442679, -0.784725, -1.2e-05, 0.0, 0.0, 0.0, 1.0],
                [0.88683, 0.363279, 0.285587, 0.124994, 0.158631, -0.819802, 0.550235, -0.002831, 0.434014, -0.442661, -0.784654, -1.2e-05, 0.0, 0.0, 0.0, 1.0],
                [0.886758, 0.363321, 0.285756, 0.124994, 0.158564, -0.819795, 0.550265, -0.002831, 0.434185, -0.442641, -0.784571, -1.2e-05, 0.0, 0.0, 0.0, 1.0],
                [0.886678, 0.363368, 0.285946, 0.124994, 0.158489, -0.819786, 0.550299, -0.002831, 0.434376, -0.442618, -0.784478, -1.2e-05, 0.0, 0.0, 0.0, 1.0],
                [0.886589, 0.36342, 0.286157, 0.124994, 0.158406, -0.819777, 0.550337, -0.002831, 0.434589, -0.442593, -0.784375, -1.2e-05, 0.0, 0.0, 0.0, 1.0],
                [0.886491, 0.363476, 0.286387, 0.124994, 0.158316, -0.819767, 0.550378, -0.002831, 0.434821, -0.442565, -0.784262, -1.2e-05, 0.0, 0.0, 0.0, 1.0],
                [0.886386, 0.363537, 0.286635, 0.124994, 0.158219, -0.819756, 0.550422, -0.002831, 0.43507, -0.442535, -0.78414, -1.2e-05, 0.0, 0.0, 0.0, 1.0],
                [0.886274, 0.363602, 0.286899, 0.124994, 0.158114, -0.819744, 0.550469, -0.002831, 0.435337, -0.442503, -0.78401, -1.2e-05, 0.0, 0.0, 0.0, 1.0],
                [0.886155, 0.363671, 0.28718, 0.124994, 0.158004, -0.819732, 0.550519, -0.002831, 0.435619, -0.442469, -0.783872, -1.2e-05, 0.0, 0.0, 0.0, 1.0],
                [0.886029, 0.363744, 0.287474, 0.124994, 0.157888, -0.819719, 0.550572, -0.002831, 0.435916, -0.442433, -0.783728, -1.2e-05, 0.0, 0.0, 0.0, 1.0],
                [0.885898, 0.36382, 0.287782, 0.124994, 0.157767, -0.819706, 0.550627, -0.002831, 0.436226, -0.442396, -0.783576, -1.2e-05, 0.0, 0.0, 0.0, 1.0],
                [0.885762, 0.363898, 0.288102, 0.124994, 0.157641, -0.819692, 0.550683, -0.002831, 0.436548, -0.442357, -0.783419, -1.2e-05, 0.0, 0.0, 0.0, 1.0],
                [0.885621, 0.36398, 0.288432, 0.124994, 0.157511, -0.819677, 0.550742, -0.002831, 0.436881, -0.442317, -0.783256, -1.2e-05, 0.0, 0.0, 0.0, 1.0],
                [0.885476, 0.364063, 0.288772, 0.124994, 0.157377, -0.819663, 0.550803, -0.002831, 0.437223, -0.442276, -0.783088, -1.2e-05, 0.0, 0.0, 0.0, 1.0],
                [0.885327, 0.364149, 0.289121, 0.124994, 0.157239, -0.819647, 0.550865, -0.002831, 0.437575, -0.442233, -0.782916, -1.2e-05, 0.0, 0.0, 0.0, 1.0],
                [0.885175, 0.364236, 0.289476, 0.124994, 0.157099, -0.819632, 0.550928, -0.002831, 0.437933, -0.44219, -0.78274, -1.2e-05, 0.0, 0.0, 0.0, 1.0],
                [0.88502, 0.364326, 0.289838, 0.124994, 0.156956, -0.819616, 0.550992, -0.002831, 0.438297, -0.442146, -0.782561, -1.2e-05, 0.0, 0.0, 0.0, 1.0],
                [0.884862, 0.364416, 0.290204, 0.124994, 0.156812, -0.8196, 0.551057, -0.002831, 0.438666, -0.442102, -0.782379, -1.2e-05, 0.0, 0.0, 0.0, 1.0],
                [0.884703, 0.364507, 0.290574, 0.124994, 0.156666, -0.819584, 0.551123, -0.002831, 0.439039, -0.442056, -0.782196, -1.2e-05, 0.0, 0.0, 0.0, 1.0],
                [0.884543, 0.364598, 0.290947, 0.124994, 0.156519, -0.819568, 0.551189, -0.002831, 0.439414, -0.442011, -0.782011, -1.2e-05, 0.0, 0.0, 0.0, 1.0],
                [0.884382, 0.364691, 0.291321, 0.124994, 0.156371, -0.819551, 0.551255, -0.002831, 0.43979, -0.441965, -0.781825, -1.2e-05, 0.0, 0.0, 0.0, 1.0],
                [0.884221, 0.364782, 0.291694, 0.124994, 0.156223, -0.819535, 0.55132, -0.002831, 0.440166, -0.441919, -0.781639, -1.2e-05, 0.0, 0.0, 0.0, 1.0],
                [0.884061, 0.364874, 0.292067, 0.124994, 0.156076, -0.819519, 0.551386, -0.002831, 0.440541, -0.441874, -0.781454, -1.2e-05, 0.0, 0.0, 0.0, 1.0],
                [0.883901, 0.364965, 0.292437, 0.124994, 0.15593, -0.819503, 0.551452, -0.002831, 0.440914, -0.441828, -0.781269, -1.2e-05, 0.0, 0.0, 0.0, 1.0],
                [0.883742, 0.365055, 0.292803, 0.124994, 0.155784, -0.819487, 0.551516, -0.002831, 0.441283, -0.441783, -0.781087, -1.2e-05, 0.0, 0.0, 0.0, 1.0],
                [0.883585, 0.365144, 0.293165, 0.124994, 0.155641, -0.819471, 0.55158, -0.002831, 0.441647, -0.441739, -0.780906, -1.2e-05, 0.0, 0.0, 0.0, 1.0],
                [0.883431, 0.365232, 0.293521, 0.124994, 0.1555, -0.819456, 0.551643, -0.002831, 0.442006, -0.441695, -0.780728, -1.2e-05, 0.0, 0.0, 0.0, 1.0],
                [0.88328, 0.365318, 0.293869, 0.124994, 0.155362, -0.819441, 0.551704, -0.002831, 0.442356, -0.441652, -0.780553, -1.2e-05, 0.0, 0.0, 0.0, 1.0],
                [0.883132, 0.365401, 0.29421, 0.124994, 0.155227, -0.819426, 0.551764, -0.002831, 0.442699, -0.44161, -0.780383, -1.2e-05, 0.0, 0.0, 0.0, 1.0],
                [0.882988, 0.365483, 0.29454, 0.124994, 0.155096, -0.819412, 0.551822, -0.002831, 0.443032, -0.441569, -0.780217, -1.2e-05, 0.0, 0.0, 0.0, 1.0],
                [0.882848, 0.365561, 0.29486, 0.124994, 0.154969, -0.819398, 0.551878, -0.002831, 0.443354, -0.44153, -0.780056, -1.2e-05, 0.0, 0.0, 0.0, 1.0],
                [0.882714, 0.365637, 0.295168, 0.124994, 0.154847, -0.819384, 0.551932, -0.002831, 0.443664, -0.441492, -0.779902, -1.2e-05, 0.0, 0.0, 0.0, 1.0],
                [0.882585, 0.36571, 0.295463, 0.124994, 0.15473, -0.819372, 0.551984, -0.002831, 0.443961, -0.441455, -0.779753, -1.2e-05, 0.0, 0.0, 0.0, 1.0],
                [0.882463, 0.365779, 0.295743, 0.124994, 0.154619, -0.81936, 0.552033, -0.002831, 0.444243, -0.441421, -0.779612, -1.2e-05, 0.0, 0.0, 0.0, 1.0],
                [0.882347, 0.365844, 0.296008, 0.124994, 0.154514, -0.819348, 0.55208, -0.002831, 0.444509, -0.441388, -0.779479, -1.2e-05, 0.0, 0.0, 0.0, 1.0],
                [0.882238, 0.365905, 0.296256, 0.124994, 0.154415, -0.819338, 0.552123, -0.002831, 0.444759, -0.441357, -0.779354, -1.2e-05, 0.0, 0.0, 0.0, 1.0],
                [0.882138, 0.365962, 0.296487, 0.124994, 0.154323, -0.819328, 0.552163, -0.002831, 0.444991, -0.441328, -0.779238, -1.2e-05, 0.0, 0.0, 0.0, 1.0],
                [0.882045, 0.366014, 0.296698, 0.124994, 0.15424, -0.819319, 0.5522, -0.002831, 0.445203, -0.441302, -0.779131, -1.2e-05, 0.0, 0.0, 0.0, 1.0],
                [0.881961, 0.366061, 0.296888, 0.124994, 0.154164, -0.81931, 0.552233, -0.002831, 0.445395, -0.441278, -0.779035, -1.2e-05, 0.0, 0.0, 0.0, 1.0],
                [0.881887, 0.366102, 0.297058, 0.124994, 0.154097, -0.819303, 0.552263, -0.002831, 0.445565, -0.441257, -0.77895, -1.2e-05, 0.0, 0.0, 0.0, 1.0],
                [0.881823, 0.366138, 0.297204, 0.124994, 0.154038, -0.819297, 0.552289, -0.002831, 0.445713, -0.441239, -0.778876, -1.2e-05, 0.0, 0.0, 0.0, 1.0],
                [0.881769, 0.366168, 0.297326, 0.124994, 0.15399, -0.819292, 0.55231, -0.002831, 0.445836, -0.441224, -0.778814, -1.2e-05, 0.0, 0.0, 0.0, 1.0],
                [0.881726, 0.366192, 0.297424, 0.124994, 0.153951, -0.819287, 0.552327, -0.002831, 0.445934, -0.441212, -0.778764, -1.2e-05, 0.0, 0.0, 0.0, 1.0],
                [0.881695, 0.36621, 0.297495, 0.124994, 0.153923, -0.819284, 0.552339, -0.002831, 0.446005, -0.441203, -0.778728, -1.2e-05, 0.0, 0.0, 0.0, 1.0],
                [0.881676, 0.366221, 0.297538, 0.124994, 0.153905, -0.819282, 0.552347, -0.002831, 0.446049, -0.441198, -0.778707, -1.2e-05, 0.0, 0.0, 0.0, 1.0],
                [0.88167, 0.366224, 0.297553, 0.124994, 0.1539, -0.819282, 0.55235, -0.002831, 0.446064, -0.441196, -0.778699, -1.2e-05, 0.0, 0.0, 0.0, 1.0]
            ]
        },
        {
            "name": "Leg_R",
            "time": [0.0, 0.0167, 0.0333, 0.05, 0.0667, 0.0833, 0.1, 0.1167, 0.1333, 0.15, 0.1667, 0.1833, 0.2, 0.2167, 0.2333, 0.25, 0.2667, 0.2833, 0.3, 0.3167, 0.3333, 0.35, 0.3667, 0.3833, 0.4, 0.4167, 0.4333, 0.45, 0.4667, 0.4833, 0.5, 0.5167, 0.5333, 0.55, 0.5667, 0.5833, 0.6, 0.6167, 0.6333, 0.65, 0.6667, 0.6833, 0.7, 0.7167, 0.7333, 0.75, 0.7667, 0.7833, 0.8, 0.8167, 0.8333, 0.85, 0.8667, 0.8833, 0.9, 0.9167, 0.9333, 0.95, 0.9667, 0.9833, 1.0, 1.0167, 1.0333, 1.05, 1.0667, 1.0833, 1.1, 1.1167, 1.1333, 1.15, 1.1667, 1.1833, 1.2, 1.2167, 1.2333, 1.25, 1.2667, 1.2833, 1.3, 1.3167, 1.3333, 1.35, 1.3667, 1.3833, 1.4, 1.4167, 1.4333, 1.45, 1.4667, 1.4833, 1.5, 1.5167, 1.5333, 1.55, 1.5667, 1.5833, 1.6, 1.6167, 1.6333, 1.65, 1.6667],
            "transform": [
                [1.000001, -0.0, 1e-06, -0.0, -0.0, 0.885877, 0.463923, 0.374726, -1e-06, -0.463925, 0.885873, -0.0, 0.0, 0.0, 0.0, 1.0],
                [1.0, -0.0, 1e-06, -0.0, -0.0, 0.885877, 0.463922, 0.374726, -1e-06, -0.463924, 0.885873, -0.0, 0.0, 0.0, 0.0, 1.0],
                [1.0, -0.0, 1e-06, -0.0, -0.0, 0.885877, 0.463922, 0.374726, -1e-06, -0.463924, 0.885873, -0.0, 0.0, 0.0, 0.0, 1.0],
                [1.0, -0.0, 1e-06, 0.0, -0.0, 0.885877, 0.463922, 0.374726, -1e-06, -0.463925, 0.885873, -0.0, 0.0, 0.0, 0.0, 1.0],
                [1.0, -0.0, 1e-06, 0.0, -0.0, 0.885877, 0.463922, 0.374726, -1e-06, -0.463924, 0.885873, -0.0, 0.0, 0.0, 0.0, 1.0],
                [1.0, -0.0, 1e-06, 0.0, -0.0, 0.885877, 0.463922, 0.374726, -1e-06, -0.463924, 0.885873, 0.0, 0.0, 0.0, 0.0, 1.0],
                [1.000001, -0.0, 1e-06, 0.0, -0.0, 0.885877, 0.463922, 0.374726, -1e-06, -0.463925, 0.885873, -0.0, 0.0, 0.0, 0.0, 1.0],
                [1.0, -0.0, 1e-06, -0.0, -0.0, 0.885877, 0.463922, 0.374726, -1e-06, -0.463925, 0.885873, -0.0, 0.0, 0.0, 0.0, 1.0],
                [1.0, -0.0, 1e-06, 0.0, -0.0, 0.885877, 0.463922, 0.374726, -1e-06, -0.463924, 0.885873, 0.0, 0.0, 0.0, 0.0, 1.0],
                [1.0, -0.0, 1e-06, 0.0, -0.0, 0.885877, 0.463922, 0.374726, -1e-06, -0.463925, 0.885873, -0.0, 0.0, 0.0, 0.0, 1.0],
                [1.0, -0.0, 1e-06, 0.0, -0.0, 0.885877, 0.463922, 0.374726, -1e-06, -0.463925, 0.885873, -0.0, 0.0, 0.0, 0.0, 1.0],
                [1.000001, -0.0, 1e-06, 0.0, -0.0, 0.885877, 0.463922, 0.374726, -1e-06, -0.463925, 0.885873, -0.0, 0.0, 0.0, 0.0, 1.0],
                [1.0, -0.0, 1e-06, 0.0, -0.0, 0.885877, 0.463922, 0.374726, -1e-06, -0.463925, 0.885873, -0.0, 0.0, 0.0, 0.0, 1.0],
                [1.0, -0.0, 1e-06, 0.0, -0.0, 0.885877, 0.463922, 0.374726, -1e-06, -0.463924, 0.885873, -0.0, 0.0, 0.0, 0.0, 1.0],
                [1.000001, -0.0, 1e-06, 0.0, -0.0, 0.885877, 0.463922, 0.374726, -1e-06, -0.463925, 0.885873, -0.0, 0.0, 0.0, 0.0, 1.0],
                [1.0, -0.0, 1e-06, 0.0, -0.0, 0.885877, 0.463922, 0.374726, -1e-06, -0.463925, 0.885873, 0.0, 0.0, 0.0, 0.0, 1.0],
                [1.0, -0.0, 1e-06, -0.0, -0.0, 0.885877, 0.463922, 0.374726, -1e-06, -0.463924, 0.885873, 0.0, 0.0, 0.0, 0.0, 1.0],
                [1.000001, -0.0, 1e-06, 0.0, -0.0, 0.885877, 0.463922, 0.374726, -1e-06, -0.463925, 0.885873, 0.0, 0.0, 0.0, 0.0, 1.0],
                [1.000001, -0.0, 1e-06, -0.0, -0.0, 0.885877, 0.463922, 0.374726, -1e-06, -0.463925, 0.885873, 0.0, 0.0, 0.0, 0.0, 1.0],
                [1.000001, -0.0, 1e-06, -0.0, -0.0, 0.885877, 0.463922, 0.374726, -1e-06, -0.463925, 0.885873, 0.0, 0.0, 0.0, 0.0, 1.0],
                [1.0, -0.0, 1e-06, -0.0, -0.0, 0.885877, 0.463922, 0.374726, -1e-06, -0.463925, 0.885873, -0.0, 0.0, 0.0, 0.0, 1.0],
                [1.0, -0.0, 1e-06, -0.0, -0.0, 0.885877, 0.463922, 0.374726, -1e-06, -0.463925, 0.885873, -0.0, 0.0, 0.0, 0.0, 1.0],
                [1.0, -0.0, 1e-06, 0.0, -0.0, 0.885877, 0.463922, 0.374726, -1e-06, -0.463925, 0.885873, -0.0, 0.0, 0.0, 0.0, 1.0],
                [1.000001, -0.0, 1e-06, -0.0, -0.0, 0.885877, 0.463922, 0.374726, -1e-06, -0.463925, 0.885873, 0.0, 0.0, 0.0, 0.0, 1.0],
                [1.000001, -0.0, 1e-06, -0.0, -0.0, 0.885877, 0.463922, 0.374726, -1e-06, -0.463925, 0.885873, -0.0, 0.0, 0.0, 0.0, 1.0],
                [1.0, -0.0, 1e-06, 0.0, -0.0, 0.885877, 0.463922, 0.374726, -1e-06, -0.463925, 0.885873, -0.0, 0.0, 0.0, 0.0, 1.0],
                [1.000001, -0.0, 1e-06, 0.0, -0.0, 0.885877, 0.463922, 0.374726, -1e-06, -0.463925, 0.885873, -0.0, 0.0, 0.0, 0.0, 1.0],
                [1.000001, -0.0, 1e-06, -0.0, -0.0, 0.885877, 0.463922, 0.374726, -1e-06, -0.463925, 0.885873, 0.0, 0.0, 0.0, 0.0, 1.0],
                [1.0, -0.0, 1e-06, 0.0, -0.0, 0.885877, 0.463922, 0.374726, -1e-06, -0.463925, 0.885873, -0.0, 0.0, 0.0, 0.0, 1.0],
                [1.000001, -0.0, 1e-06, 0.0, -0.0, 0.885878, 0.463922, 0.374726, -1e-06, -0.463925, 0.885873, -0.0, 0.0, 0.0, 0.0, 1.0],
                [1.0, -0.0, 1e-06, -0.0, -0.0, 0.885877, 0.463922, 0.374726, -1e-06, -0.463925, 0.885873, -0.0, 0.0, 0.0, 0.0, 1.0],
                [1.000001, -0.0, 1e-06, 0.0, -0.0, 0.885877, 0.463922, 0.374726, -1e-06, -0.463925, 0.885873, 0.0, 0.0, 0.0, 0.0, 1.0],
                [1.0, -0.0, 1e-06, 0.0, -0.0, 0.885877, 0.463922, 0.374726, -1e-06, -0.463924, 0.885873, 0.0, 0.0, 0.0, 0.0, 1.0],
                [1.0, -0.0, 1e-06, 0.0, -0.0, 0.885877, 0.463922, 0.374726, -1e-06, -0.463924, 0.885873, 0.0, 0.0, 0.0, 0.0, 1.0],
                [1.000001, -0.0, 1e-06, -0.0, -0.0, 0.885877, 0.463922, 0.374726, -1e-06, -0.463925, 0.885873, -0.0, 0.0, 0.0, 0.0, 1.0],
                [1.000001, -0.0, 1e-06, 0.0, -0.0, 0.885877, 0.463922, 0.374726, -1e-06, -0.463925, 0.885873, 0.0, 0.0, 0.0, 0.0, 1.0],
                [1.000001, -0.0, 1e-06, -0.0, -0.0, 0.885877, 0.463922, 0.374726, -1e-06, -0.463925, 0.885873, 0.0, 0.0, 0.0, 0.0, 1.0],
                [1.000001, -0.0, 1e-06, 0.0, -0.0, 0.885877, 0.463922, 0.374726, -1e-06, -0.463925, 0.885873, -0.0, 0.0, 0.0, 0.0, 1.0],
                [1.000001, -0.0, 1e-06, -0.0, -0.0, 0.885877, 0.463922, 0.374726, -1e-06, -0.463925, 0.885873, 0.0, 0.0, 0.0, 0.0, 1.0],
                [1.0, -0.0, 1e-06, 0.0, -0.0, 0.885877, 0.463922, 0.374726, -1e-06, -0.463924, 0.885873, 0.0, 0.0, 0.0, 0.0, 1.0],
                [1.000001, -0.0, 1e-06, -0.0, -0.0, 0.885877, 0.463923, 0.374726, -1e-06, -0.463925, 0.885873, 0.0, 0.0, 0.0, 0.0, 1.0],
                [1.000001, -0.0, 1e-06, -0.0, -0.0, 0.885877, 0.463922, 0.374726, -1e-06, -0.463925, 0.885873, 0.0, 0.0, 0.0, 0.0, 1.0],
                [1.000001, -0.0, 1e-06, 0.0, -0.0, 0.885877, 0.463922, 0.374726, -1e-06, -0.463925, 0.885873, 0.0, 0.0, 0.0, 0.0, 1.0],
