{
    "animation": [
        {
            "name": "Root",
            "time": [0.0, 0.0098, 0.0196, 0.0294, 0.0392, 0.049, 0.0588, 0.0686, 0.0784, 0.0882, 0.098, 0.1078, 0.1176, 0.1275, 0.1373, 0.1471, 0.1569, 0.1667, 0.1765, 0.1863, 0.1961, 0.2059, 0.2157, 0.2255, 0.2353, 0.2451, 0.2549, 0.2647, 0.2745, 0.2843, 0.2941, 0.3039, 0.3137, 0.3235, 0.3333, 0.3431, 0.3529, 0.3627, 0.3725, 0.3824, 0.3922, 0.402, 0.4118, 0.4216, 0.4314, 0.4412, 0.451, 0.4608, 0.4706, 0.4804, 0.4902, 0.5, 0.5098, 0.5196, 0.5294, 0.5392, 0.549, 0.5588, 0.5686, 0.5784, 0.5882],
            "transform": [
                [0.958901, 0.044769, 0.280186, -5e-06, 0.204058, 0.577322, -0.790607, -0.081316, -0.197152, 0.815289, 0.544459, 0.667702, 0.0, 0.0, 0.0, 1.0],
                [0.959424, 0.044489, 0.278434, -5e-06, 0.202782, 0.577262, -0.790979, -0.081316, -0.195919, 0.815346, 0.544818, 0.668543, 0.0, 0.0, 0.0, 1.0],
                [0.960928, 0.043673, 0.27333, -5e-06, 0.199064, 0.577092, -0.792047, -0.081316, -0.192327, 0.815511, 0.54585, 0.670909, 0.0, 0.0, 0.0, 1.0],
                [0.963293, 0.042357, 0.265089, -5e-06, 0.193063, 0.576823, -0.793726, -0.081316, -0.186529, 0.81577, 0.547473, 0.674566, 0.0, 0.0, 0.0, 1.0],
                [0.966374, 0.040572, 0.253921, -5e-06, 0.184929, 0.576474, -0.795914, -0.081316, -0.178671, 0.816108, 0.549586, 0.679279, 0.0, 0.0, 0.0, 1.0],
                [0.970007, 0.038353, 0.240031, -5e-06, 0.174813, 0.576061, -0.798495, -0.081316, -0.168897, 0.816506, 0.552079, 0.684813, 0.0, 0.0, 0.0, 1.0],
                [0.974021, 0.035731, 0.22362, -5e-06, 0.162861, 0.575606, -0.801345, -0.081316, -0.15735, 0.816946, 0.554833, 0.690934, 0.0, 0.0, 0.0, 1.0],
                [0.978235, 0.032739, 0.204899, -5e-06, 0.149227, 0.575128, -0.804338, -0.081316, -0.144177, 0.817408, 0.557725, 0.697407, 0.0, 0.0, 0.0, 1.0],
                [0.982471, 0.029413, 0.184081, -5e-06, 0.134065, 0.574647, -0.807346, -0.081316, -0.129528, 0.817872, 0.560631, 0.703997, 0.0, 0.0, 0.0, 1.0],
                [0.986553, 0.025788, 0.161392, -5e-06, 0.117541, 0.574184, -0.810245, -0.081316, -0.113563, 0.81832, 0.563432, 0.71047, 0.0, 0.0, 0.0, 1.0],
                [0.990319, 0.021901, 0.137068, -5e-06, 0.099826, 0.573756, -0.81292, -0.081316, -0.096448, 0.818733, 0.566016, 0.716591, 0.0, 0.0, 0.0, 1.0],
                [0.993621, 0.017793, 0.111357, -5e-06, 0.081101, 0.573382, -0.815264, -0.081316, -0.078356, 0.819095, 0.568281, 0.722125, 0.0, 0.0, 0.0, 1.0],
                [0.99633, 0.013505, 0.08452, -5e-06, 0.061555, 0.573075, -0.817188, -0.081316, -0.059472, 0.819392, 0.57014, 0.726838, 0.0, 0.0, 0.0, 1.0],
                [0.998343, 0.00908, 0.056827, -5e-06, 0.041387, 0.572846, -0.818617, -0.081316, -0.039986, 0.819613, 0.571521, 0.730495, 0.0, 0.0, 0.0, 1.0],
                [0.999582, 0.004563, 0.028558, -5e-06, 0.020799, 0.572706, -0.819497, -0.081316, -0.020095, 0.819748, 0.572371, 0.732861, 0.0, 0.0, 0.0, 1.0],
                [1.0, -0.0, 0.0, -5e-06, 0.0, 0.572658, -0.819794, -0.081316, 0.0, 0.819794, 0.572658, 0.733702, 0.0, 0.0, 0.0, 1.0],
                [0.999582, -0.004563, -0.028558, -5e-06, -0.020799, 0.572706, -0.819497, -0.081316, 0.020095, 0.819748, 0.572371, 0.732861, 0.0, 0.0, 0.0, 1.0],
                [0.998343, -0.00908, -0.056827, -5e-06, -0.041387, 0.572846, -0.818617, -0.081316, 0.039986, 0.819613, 0.571521, 0.730495, 0.0, 0.0, 0.0, 1.0],
                [0.99633, -0.013505, -0.08452, -5e-06, -0.061555, 0.573075, -0.817188, -0.081316, 0.059472, 0.819392, 0.57014, 0.726838, 0.0, 0.0, 0.0, 1.0],
                [0.993621, -0.017793, -0.111357, -5e-06, -0.081101, 0.573382, -0.815264, -0.081316, 0.078356, 0.819095, 0.568281, 0.722125, 0.0, 0.0, 0.0, 1.0],
                [0.990319, -0.021901, -0.137068, -5e-06, -0.099826, 0.573757, -0.81292, -0.081316, 0.096448, 0.818733, 0.566016, 0.716591, 0.0, 0.0, 0.0, 1.0],
                [0.986553, -0.025788, -0.161392, -5e-06, -0.117541, 0.574184, -0.810245, -0.081316, 0.113563, 0.81832, 0.563432, 0.71047, 0.0, 0.0, 0.0, 1.0],
                [0.982471, -0.029413, -0.184082, -5e-06, -0.134065, 0.574647, -0.807346, -0.081316, 0.129528, 0.817872, 0.560631, 0.703997, 0.0, 0.0, 0.0, 1.0],
                [0.978235, -0.032739, -0.204899, -5e-06, -0.149227, 0.575128, -0.804338, -0.081316, 0.144177, 0.817408, 0.557725, 0.697407, 0.0, 0.0, 0.0, 1.0],
                [0.974021, -0.035731, -0.223621, -5e-06, -0.162861, 0.575606, -0.801345, -0.081316, 0.15735, 0.816946, 0.554833, 0.690934, 0.0, 0.0, 0.0, 1.0],
                [0.970007, -0.038353, -0.240031, -5e-06, -0.174813, 0.576061, -0.798495, -0.081316, 0.168897, 0.816506, 0.552079, 0.684813, 0.0, 0.0, 0.0, 1.0],
                [0.966374, -0.040572, -0.253921, -5e-06, -0.184929, 0.576474, -0.795914, -0.081316, 0.178671, 0.816108, 0.549586, 0.679279, 0.0, 0.0, 0.0, 1.0],
                [0.963293, -0.042357, -0.265089, -5e-06, -0.193063, 0.576823, -0.793726, -0.081316, 0.186529, 0.81577, 0.547473, 0.674566, 0.0, 0.0, 0.0, 1.0],
                [0.960928, -0.043673, -0.27333, -5e-06, -0.199064, 0.577092, -0.792047, -0.081316, 0.192327, 0.815511, 0.54585, 0.670909, 0.0, 0.0, 0.0, 1.0],
                [0.959424, -0.044489, -0.278434, -5e-06, -0.202782, 0.577262, -0.790979, -0.081316, 0.195919, 0.815346, 0.544818, 0.668543, 0.0, 0.0, 0.0, 1.0],
                [0.958901, -0.044769, -0.280187, -5e-06, -0.204058, 0.577322, -0.790607, -0.081316, 0.197152, 0.815289, 0.544459, 0.667702, 0.0, 0.0, 0.0, 1.0],
                [0.959439, -0.044481, -0.278384, -5e-06, -0.202745, 0.577261, -0.79099, -0.081316, 0.195884, 0.815348, 0.544828, 0.668543, 0.0, 0.0, 0.0, 1.0],
                [0.960983, -0.043643, -0.273141, -5e-06, -0.198927, 0.577085, -0.792086, -0.081316, 0.192195, 0.815517, 0.545888, 0.670909, 0.0, 0.0, 0.0, 1.0],
                [0.963404, -0.042294, -0.264696, -5e-06, -0.192777, 0.576811, -0.793805, -0.081316, 0.186253, 0.815782, 0.547549, 0.674566, 0.0, 0.0, 0.0, 1.0],
                [0.966547, -0.040469, -0.253278, -5e-06, -0.184461, 0.576454, -0.796037, -0.081316, 0.178218, 0.816127, 0.549705, 0.679279, 0.0, 0.0, 0.0, 1.0],
                [0.97024, -0.038206, -0.239112, -5e-06, -0.174144, 0.576035, -0.79866, -0.081316, 0.16825, 0.816532, 0.552239, 0.684813, 0.0, 0.0, 0.0, 1.0],
                [0.974302, -0.035539, -0.222423, -5e-06, -0.161989, 0.575574, -0.801545, -0.081316, 0.156507, 0.816977, 0.555026, 0.690934, 0.0, 0.0, 0.0, 1.0],
                [0.978548, -0.032506, -0.20344, -5e-06, -0.148164, 0.575092, -0.80456, -0.081316, 0.14315, 0.817442, 0.557939, 0.697407, 0.0, 0.0, 0.0, 1.0],
                [0.982792, -0.029145, -0.182404, -5e-06, -0.132843, 0.574611, -0.807574, -0.081316, 0.128348, 0.817908, 0.560851, 0.703997, 0.0, 0.0, 0.0, 1.0],
                [0.986859, -0.025495, -0.159561, -5e-06, -0.116207, 0.574149, -0.810462, -0.081316, 0.112274, 0.818354, 0.563642, 0.71047, 0.0, 0.0, 0.0, 1.0],
                [0.990587, -0.021598, -0.135173, -5e-06, -0.098446, 0.573726, -0.813109, -0.081316, 0.095114, 0.818762, 0.566199, 0.716591, 0.0, 0.0, 0.0, 1.0],
                [0.993831, -0.017498, -0.109514, -5e-06, -0.079758, 0.573358, -0.815413, -0.081316, 0.077059, 0.819118, 0.568425, 0.722125, 0.0, 0.0, 0.0, 1.0],
                [0.996473, -0.013241, -0.082868, -5e-06, -0.060352, 0.573058, -0.817289, -0.081316, 0.05831, 0.819408, 0.570238, 0.726838, 0.0, 0.0, 0.0, 1.0],
                [0.998418, -0.008873, -0.05553, -5e-06, -0.040442, 0.572838, -0.818671, -0.081316, 0.039074, 0.819621, 0.571572, 0.730495, 0.0, 0.0, 0.0, 1.0],
                [0.999604, -0.004443, -0.027805, -5e-06, -0.02025, 0.572703, -0.819513, -0.081316, 0.019565, 0.819751, 0.572386, 0.732861, 0.0, 0.0, 0.0, 1.0],
                [1.0, 0.0, 0.0, -5e-06, 0.0, 0.572658, -0.819794, -0.081316, -0.0, 0.819794, 0.572658, 0.733702, 0.0, 0.0, 0.0, 1.0],
                [0.99961, 0.004408, 0.027589, -5e-06, 0.020093, 0.572702, -0.819517, -0.081316, -0.019413, 0.819752, 0.57239, 0.73296, 0.0, 0.0, 0.0, 1.0],
                [0.998463, 0.008745, 0.054729, -5e-06, 0.039859, 0.572832, -0.818703, -0.081316, -0.03851, 0.819626, 0.571604, 0.730866, 0.0, 0.0, 0.0, 1.0],
                [0.996613, 0.012975, 0.081203, -5e-06, 0.059139, 0.573043, -0.817389, -0.081316, -0.057138, 0.819423, 0.570334, 0.727611, 0.0, 0.0, 0.0, 1.0],
                [0.994134, 0.017065, 0.106802, -5e-06, 0.077783, 0.573324, -0.815628, -0.081316, -0.075151, 0.819151, 0.568633, 0.723389, 0.0, 0.0, 0.0, 1.0],
                [0.991118, 0.020983, 0.131323, -5e-06, 0.095642, 0.573666, -0.813486, -0.081316, -0.092405, 0.81882, 0.566564, 0.718394, 0.0, 0.0, 0.0, 1.0],
                [0.987673, 0.024698, 0.154573, -5e-06, 0.112575, 0.574057, -0.81104, -0.081316, -0.108765, 0.818443, 0.5642, 0.712819, 0.0, 0.0, 0.0, 1.0],
                [0.983921, 0.02818, 0.176367, -5e-06, 0.128447, 0.574483, -0.808376, -0.081316, -0.1241, 0.818032, 0.561626, 0.706857, 0.0, 0.0, 0.0, 1.0],
                [0.979995, 0.031402, 0.19653, -5e-06, 0.143131, 0.574928, -0.805587, -0.081316, -0.138287, 0.817601, 0.558932, 0.700702, 0.0, 0.0, 0.0, 1.0],
                [0.976034, 0.034336, 0.214894, -5e-06, 0.156506, 0.575378, -0.802774, -0.081316, -0.151209, 0.817167, 0.556214, 0.694546, 0.0, 0.0, 0.0, 1.0],
                [0.97218, 0.036958, 0.231301, -5e-06, 0.168455, 0.575815, -0.800038, -0.081316, -0.162754, 0.816744, 0.55357, 0.688585, 0.0, 0.0, 0.0, 1.0],
                [0.968577, 0.039242, 0.245597, -5e-06, 0.178867, 0.576224, -0.797479, -0.081316, -0.172813, 0.816349, 0.551098, 0.683009, 0.0, 0.0, 0.0, 1.0],
                [0.965366, 0.041165, 0.257633, -5e-06, 0.187633, 0.576588, -0.795198, -0.081316, -0.181283, 0.815997, 0.548894, 0.678014, 0.0, 0.0, 0.0, 1.0],
                [0.962677, 0.042704, 0.267262, -5e-06, 0.194645, 0.576893, -0.793289, -0.081316, -0.188058, 0.815702, 0.54705, 0.673793, 0.0, 0.0, 0.0, 1.0],
                [0.960635, 0.043834, 0.274334, -5e-06, 0.199795, 0.577125, -0.791839, -0.081316, -0.193034, 0.815479, 0.545649, 0.670538, 0.0, 0.0, 0.0, 1.0],
                [0.959347, 0.044531, 0.278695, -5e-06, 0.202972, 0.577271, -0.790924, -0.081316, -0.196103, 0.815337, 0.544765, 0.668443, 0.0, 0.0, 0.0, 1.0]
            ]
        },
        {
            "name": "Thigh_R",
            "time": [0.0, 0.0098, 0.0196, 0.0294, 0.0392, 0.049, 0.0588, 0.0686, 0.0784, 0.0882, 0.098, 0.1078, 0.1176, 0.1275, 0.1373, 0.1471, 0.1569, 0.1667, 0.1765, 0.1863, 0.1961, 0.2059, 0.2157, 0.2255, 0.2353, 0.2451, 0.2549, 0.2647, 0.2745, 0.2843, 0.2941, 0.3039, 0.3137, 0.3235, 0.3333, 0.3431, 0.3529, 0.3627, 0.3725, 0.3824, 0.3922, 0.402, 0.4118, 0.4216, 0.4314, 0.4412, 0.451, 0.4608, 0.4706, 0.4804, 0.4902, 0.5, 0.5098, 0.5196, 0.5294, 0.5392, 0.549, 0.5588, 0.5686, 0.5784, 0.5882],
            "transform": [
                [0.95475, 0.295619, -0.032573, 0.124994, 0.084297, -0.163952, 0.98286, -0.002831, 0.285212, -0.941129, -0.181453, -1.2e-05, 0.0, 0.0, 0.0, 1.0],
                [0.955329, 0.293926, -0.030887, 0.124994, 0.08289, -0.166154, 0.98261, -0.002831, 0.283683, -0.941274, -0.183096, -1.2e-05, 0.0, 0.0, 0.0, 1.0],
                [0.956969, 0.289025, -0.025976, 0.124994, 0.078864, -0.172881, 0.981781, -0.002831, 0.279269, -0.94158, -0.188236, -1.2e-05, 0.0, 0.0, 0.0, 1.0],
                [0.959484, 0.28119, -0.017961, 0.124994, 0.072573, -0.185037, 0.980049, -0.002831, 0.272257, -0.941642, -0.197947, -1.2e-05, 0.0, 0.0, 0.0, 1.0],
                [0.96265, 0.270656, -0.006978, 0.124994, 0.064443, -0.20402, 0.976844, -0.002831, 0.262966, -0.940806, -0.213841, -1.2e-05, 0.0, 0.0, 0.0, 1.0],
                [0.966237, 0.257566, 0.006672, 0.124994, 0.054931, -0.23123, 0.971348, -0.002831, 0.251729, -0.938184, -0.237572, -1.2e-05, 0.0, 0.0, 0.0, 1.0],
                [0.970028, 0.241953, 0.022456, 0.124994, 0.044509, -0.267771, 0.962454, -0.002831, 0.238883, -0.932606, -0.270515, -1.2e-05, 0.0, 0.0, 0.0, 1.0],
                [0.973836, 0.223778, 0.039595, 0.124994, 0.033634, -0.314238, 0.948748, -0.002831, 0.224751, -0.922591, -0.313543, -1.2e-05, 0.0, 0.0, 0.0, 1.0],
                [0.977514, 0.202991, 0.057103, 0.124994, 0.022728, -0.370639, 0.928499, -0.002831, 0.209642, -0.906321, -0.366919, -1.2e-05, 0.0, 0.0, 0.0, 1.0],
                [0.980958, 0.179629, 0.073849, 0.124994, 0.012167, -0.436328, 0.899705, -0.002831, 0.193836, -0.881673, -0.430206, -1.2e-05, 0.0, 0.0, 0.0, 1.0],
                [0.984103, 0.153887, 0.08866, 0.124994, 0.002265, -0.510046, 0.860144, -0.002831, 0.177586, -0.846268, -0.502288, -1.2e-05, 0.0, 0.0, 0.0, 1.0],
                [0.986912, 0.126171, 0.100423, 0.124994, -0.006722, -0.59002, 0.80736, -0.00283, 0.161117, -0.797467, -0.581451, -1.2e-05, 0.0, 0.0, 0.0, 1.0],
                [0.989378, 0.097077, 0.1082, 0.124994, -0.014603, -0.674187, 0.738416, -0.002831, 0.14463, -0.73215, -0.66561, -1.2e-05, 0.0, 0.0, 0.0, 1.0],
                [0.991507, 0.06726, 0.11131, 0.124994, -0.021241, -0.760634, 0.648831, -0.002831, 0.128306, -0.645684, -0.752746, -1.2e-05, 0.0, 0.0, 0.0, 1.0],
                [0.993318, 0.036916, 0.109347, 0.124994, -0.026549, -0.848961, 0.527786, -0.002831, 0.112316, -0.527162, -0.84231, -1.2e-05, 0.0, 0.0, 0.0, 1.0],
                [0.994835, -0.000163, 0.101506, 0.124994, -0.030475, -0.954344, 0.297146, -0.002831, 0.096823, -0.298704, -0.949422, -1.2e-05, 0.0, 0.0, 0.0, 1.0],
                [0.996087, -0.012573, 0.087485, 0.124994, -0.033003, -0.971143, 0.236199, -0.002831, 0.081991, -0.238161, -0.967759, -1.2e-05, 0.0, 0.0, 0.0, 1.0],
                [0.997103, -0.021419, 0.072988, 0.124994, -0.034153, -0.983443, 0.177961, -0.002831, 0.067968, -0.179938, -0.981327, -1.2e-05, 0.0, 0.0, 0.0, 1.0],
                [0.997914, -0.026903, 0.058678, 0.124994, -0.033983, -0.991797, 0.123206, -0.002831, 0.054882, -0.124943, -0.990645, -1.2e-05, 0.0, 0.0, 0.0, 1.0],
                [0.99855, -0.029361, 0.045117, 0.124994, -0.032588, -0.996832, 0.072531, -0.002831, 0.042844, -0.073896, -0.996346, -1.2e-05, 0.0, 0.0, 0.0, 1.0],
                [0.999036, -0.029231, 0.032736, 0.124994, -0.0301, -0.999197, 0.026372, -0.002831, 0.031939, -0.027332, -0.999116, -1.2e-05, 0.0, 0.0, 0.0, 1.0],
                [0.999419, -0.026017, 0.021992, 0.124994, -0.025549, -0.999445, -0.021295, -0.002831, 0.022534, 0.020721, -0.999531, -1.2e-05, 0.0, 0.0, 0.0, 1.0],
                [0.99973, -0.018831, 0.013659, 0.124994, -0.017748, -0.996986, -0.075493, -0.002831, 0.015039, 0.07523, -0.997053, -1.2e-05, 0.0, 0.0, 0.0, 1.0],
                [0.999931, -0.007886, 0.008553, 0.124994, -0.00667, -0.990967, -0.133924, -0.002831, 0.009532, 0.133857, -0.990955, -1.2e-05, 0.0, 0.0, 0.0, 1.0],
                [0.999955, 0.006075, 0.007296, 0.124994, 0.007372, -0.981099, -0.193355, -0.002831, 0.005984, 0.193399, -0.981102, -1.2e-05, 0.0, 0.0, 0.0, 1.0],
                [0.999717, 0.021652, 0.009894, 0.124994, 0.023437, -0.968098, -0.249468, -0.002831, 0.004177, 0.249628, -0.968334, -1.2e-05, 0.0, 0.0, 0.0, 1.0],
                [0.999207, 0.036771, 0.015228, 0.124994, 0.039636, -0.954043, -0.297031, -0.002831, 0.003606, 0.297398, -0.954746, -1.2e-05, 0.0, 0.0, 0.0, 1.0],
                [0.998593, 0.050665, 0.015647, 0.124994, 0.052917, -0.971118, -0.232648, -0.002831, 0.003408, 0.233148, -0.972436, -1.2e-05, 0.0, 0.0, 0.0, 1.0],
                [0.998128, 0.059887, 0.012365, 0.124994, 0.06108, -0.986069, -0.154703, -0.002831, 0.002928, 0.155168, -0.987884, -1.2e-05, 0.0, 0.0, 0.0, 1.0],
                [0.997871, 0.06427, 0.01105, 0.124994, 0.065168, -0.989047, -0.132425, -0.002831, 0.002418, 0.132863, -0.991132, -1.2e-05, 0.0, 0.0, 0.0, 1.0],
                [0.997762, 0.06601, 0.010672, 0.124994, 0.066827, -0.989932, -0.124759, -0.002831, 0.002329, 0.125193, -0.99213, -1.2e-05, 0.0, 0.0, 0.0, 1.0],
                [0.997783, 0.065923, 0.009167, 0.124994, 0.066494, -0.99334, -0.09408, -0.002831, 0.002904, 0.09448, -0.995523, -1.2e-05, 0.0, 0.0, 0.0, 1.0],
                [0.997984, 0.063216, 0.005578, 0.124994, 0.063337, -0.997677, -0.025021, -0.002831, 0.003984, 0.025323, -0.999672, -1.2e-05, 0.0, 0.0, 0.0, 1.0],
                [0.998327, 0.057785, 0.001775, 0.124994, 0.057541, -0.99614, 0.066263, -0.002831, 0.005597, -0.06605, -0.997802, -1.2e-05, 0.0, 0.0, 0.0, 1.0],
                [0.998752, 0.049943, -0.000724, 0.124994, 0.049335, -0.984122, 0.17049, -0.002831, 0.007802, -0.170312, -0.985359, -1.2e-05, 0.0, 0.0, 0.0, 1.0],
                [0.999183, 0.040416, -0.000788, 0.124994, 0.03899, -0.958409, 0.28272, -0.002831, 0.010671, -0.282518, -0.959202, -1.2e-05, 0.0, 0.0, 0.0, 1.0],
                [0.999538, 0.030292, 0.002369, 0.124994, 0.02682, -0.916211, 0.399793, -0.002831, 0.014281, -0.399544, -0.916602, -1.2e-05, 0.0, 0.0, 0.0, 1.0],
                [0.999738, 0.020985, 0.009142, 0.124994, 0.013196, -0.854705, 0.518943, -0.00283, 0.018704, -0.518686, -0.85476, -1.2e-05, 0.0, 0.0, 0.0, 1.0],
                [0.999711, 0.014168, 0.019425, 0.124994, -0.001448, -0.770981, 0.636856, -0.002831, 0.024, -0.636699, -0.770738, -1.2e-05, 0.0, 0.0, 0.0, 1.0],
                [0.999405, 0.01164, 0.032453, 0.124994, -0.0166, -0.662529, 0.748852, -0.002831, 0.030218, -0.748944, -0.661943, -1.2e-05, 0.0, 0.0, 0.0, 1.0],
                [0.998799, 0.015025, 0.046637, 0.124994, -0.031657, -0.528607, 0.848276, -0.002831, 0.037399, -0.848731, -0.527498, -1.2e-05, 0.0, 0.0, 0.0, 1.0],
                [0.997903, 0.025182, 0.059622, 0.124994, -0.045962, -0.372852, 0.926752, -0.002831, 0.045567, -0.927547, -0.370913, -1.2e-05, 0.0, 0.0, 0.0, 1.0],
                [0.996775, 0.041654, 0.06859, 0.124994, -0.058632, -0.205546, 0.97689, -0.002831, 0.05479, -0.977759, -0.202441, -1.2e-05, 0.0, 0.0, 0.0, 1.0],
                [0.995504, 0.062321, 0.071326, 0.124994, -0.068775, -0.042158, 0.996742, -0.002831, 0.065126, -0.997164, -0.037683, -1.2e-05, 0.0, 0.0, 0.0, 1.0],
                [0.994185, 0.084127, 0.067214, 0.124994, -0.075696, 0.102059, 0.991895, -0.002831, 0.076585, -0.991213, 0.107834, -1.2e-05, 0.0, 0.0, 0.0, 1.0],
                [0.992888, 0.104438, 0.057141, 0.124994, -0.078915, 0.218032, 0.972747, -0.002831, 0.089134, -0.970336, 0.224723, -1.2e-05, 0.0, 0.0, 0.0, 1.0],
                [0.991636, 0.12182, 0.042639, 0.124994, -0.078152, 0.30382, 0.949519, -0.002831, 0.102716, -0.944907, 0.3108, -1.2e-05, 0.0, 0.0, 0.0, 1.0],
                [0.990388, 0.135994, 0.025235, 0.124994, -0.073226, 0.360746, 0.929785, -0.002831, 0.117342, -0.922694, 0.367238, -1.2e-05, 0.0, 0.0, 0.0, 1.0],
                [0.989038, 0.147535, 0.006075, 0.124994, -0.064118, 0.392038, 0.917712, -0.002831, 0.133013, -0.90804, 0.397202, -1.2e-05, 0.0, 0.0, 0.0, 1.0],
                [0.987418, 0.157506, -0.013968, 0.124994, -0.051074, 0.401286, 0.914528, -0.002831, 0.149649, -0.902307, 0.404283, -1.2e-05, 0.0, 0.0, 0.0, 1.0],
                [0.985339, 0.167184, -0.034012, 0.124994, -0.034704, 0.391598, 0.919482, -0.002831, 0.167042, -0.904819, 0.391659, -1.2e-05, 0.0, 0.0, 0.0, 1.0],
                [0.982641, 0.177809, -0.052918, 0.124994, -0.016001, 0.365418, 0.930706, -0.00283, 0.184825, -0.913701, 0.36192, -1.2e-05, 0.0, 0.0, 0.0, 1.0],
                [0.979278, 0.190332, -0.069197, 0.124994, 0.003731, 0.324664, 0.945823, -0.002831, 0.202486, -0.926479, 0.317227, -1.2e-05, 0.0, 0.0, 0.0, 1.0],
                [0.975356, 0.205176, -0.081128, 0.124994, 0.023053, 0.27092, 0.962326, -0.002831, 0.219425, -0.94048, 0.259514, -1.2e-05, 0.0, 0.0, 0.0, 1.0],
                [0.971136, 0.222087, -0.087015, 0.124994, 0.040608, 0.205541, 0.977806, -0.002831, 0.235043, -0.953115, 0.19059, -1.2e-05, 0.0, 0.0, 0.0, 1.0],
                [0.966968, 0.240143, -0.085462, 0.124994, 0.055331, 0.129533, 0.99003, -0.002831, 0.248819, -0.962054, 0.111967, -1.2e-05, 0.0, 0.0, 0.0, 1.0],
                [0.963181, 0.257028, -0.078857, 0.124994, 0.066748, 0.055515, 0.996224, -0.002831, 0.260436, -0.964806, 0.036315, -1.2e-05, 0.0, 0.0, 0.0, 1.0],
                [0.960032, 0.270832, -0.070629, 0.124994, 0.074774, -0.005002, 0.997189, -0.002831, 0.269718, -0.962612, -0.025053, -1.2e-05, 0.0, 0.0, 0.0, 1.0],
                [0.957639, 0.281628, -0.060108, 0.124994, 0.079831, -0.059078, 0.995056, -0.002831, 0.276685, -0.957702, -0.079059, -1.2e-05, 0.0, 0.0, 0.0, 1.0],
                [0.955997, 0.289443, -0.047869, 0.124994, 0.082656, -0.109178, 0.99058, -0.002831, 0.28149, -0.950946, -0.128298, -1.2e-05, 0.0, 0.0, 0.0, 1.0],
                [0.955054, 0.294097, -0.037124, 0.124994, 0.083958, -0.148261, 0.985378, -0.002831, 0.284293, -0.944204, -0.166289, -1.2e-05, 0.0, 0.0, 0.0, 1.0]
            ]
        },
        {
            "name": "Leg_R",
            "time": [0.0, 0.0098, 0.0196, 0.0294, 0.0392, 0.049, 0.0588, 0.0686, 0.0784, 0.0882, 0.098, 0.1078, 0.1176, 0.1275, 0.1373, 0.1471, 0.1569, 0.1667, 0.1765, 0.1863, 0.1961, 0.2059, 0.2157, 0.2255, 0.2353, 0.2451, 0.2549, 0.2647, 0.2745, 0.2843, 0.2941, 0.3039, 0.3137, 0.3235, 0.3333, 0.3431, 0.3529, 0.3627, 0.3725, 0.3824, 0.3922, 0.402, 0.4118, 0.4216, 0.4314, 0.4412, 0.451, 0.4608, 0.4706, 0.4804, 0.4902, 0.5, 0.5098, 0.5196, 0.5294, 0.5392, 0.549, 0.5588, 0.5686, 0.5784, 0.5882],
            "transform": [
                [1.0, -0.0, 1e-06, -0.0, -0.0, 0.792248, 0.610202, 0.374726, -1e-06, -0.610205, 0.79224, 0.0, 0.0, 0.0, 0.0, 1.0],
                [1.0, -0.0, 1e-06, 0.0, -0.0, 0.788303, 0.615291, 0.374726, -1e-06, -0.615293, 0.788297, 0.0, 0.0, 0.0, 0.0, 1.0],
                [1.0, -0.0, 1e-06, 0.0, -0.0, 0.77712, 0.629355, 0.374726, -1e-06, -0.629358, 0.777114, 0.0, 0.0, 0.0, 0.0, 1.0],
                [1.0, -0.0, 1e-06, 0.0, -0.0, 0.760403, 0.649454, 0.374726, -1e-06, -0.649457, 0.760396, 0.0, 0.0, 0.0, 0.0, 1.0],
                [1.0, -1e-06, 1e-06, 0.0, -0.0, 0.740575, 0.671976, 0.374726, -1e-06, -0.671979, 0.740569, 0.0, 0.0, 0.0, 0.0, 1.0],
                [1.0, -1e-06, 1e-06, 0.0, -0.0, 0.720484, 0.693473, 0.374726, -1e-06, -0.693476, 0.720478, 0.0, 0.0, 0.0, 0.0, 1.0],
                [1.0, -1e-06, 1e-06, -0.0, -0.0, 0.703163, 0.71103, 0.374726, -1e-06, -0.711032, 0.703157, 0.0, 0.0, 0.0, 0.0, 1.0],
                [1.0, -1e-06, 1e-06, 0.0, -0.0, 0.691569, 0.722311, 0.374726, -1e-06, -0.722314, 0.691563, -0.0, 0.0, 0.0, 0.0, 1.0],
                [1.0, -1e-06, 1e-06, 0.0, -0.0, 0.688412, 0.725321, 0.374726, -1e-06, -0.725324, 0.688407, 0.0, 0.0, 0.0, 0.0, 1.0],
                [1.0, -1e-06, 1e-06, 0.0, -0.0, 0.695958, 0.718084, 0.374726, -1e-06, -0.718087, 0.695952, 0.0, 0.0, 0.0, 0.0, 1.0],
                [1.0, -1e-06, 1e-06, -0.0, -0.0, 0.71591, 0.698195, 0.374726, -1e-06, -0.698198, 0.715904, 0.0, 0.0, 0.0, 0.0, 1.0],
                [1.0, -0.0, 1e-06, 0.0, -0.0, 0.749293, 0.662242, 0.374726, -1e-06, -0.662245, 0.749286, -0.0, 0.0, 0.0, 0.0, 1.0],
                [1.000001, -0.0, 1e-06, -0.0, -0.0, 0.796365, 0.604819, 0.374726, -1e-06, -0.604822, 0.796358, 0.0, 0.0, 0.0, 0.0, 1.0],
                [1.0, -0.0, 1e-06, 0.0, -0.0, 0.856581, 0.516018, 0.374726, -1e-06, -0.516021, 0.856574, 0.0, 0.0, 0.0, 0.0, 1.0],
                [1.0, -0.0, 1e-06, 0.0, -0.0, 0.928541, 0.371239, 0.374726, -1e-06, -0.371241, 0.928532, 0.0, 0.0, 0.0, 0.0, 1.0],
                [1.0, -0.0, 1e-06, -0.0, -0.0, 0.999994, 0.004683, 0.374726, -1e-06, -0.004683, 0.999984, -0.0, 0.0, 0.0, 0.0, 1.0],
                [1.0, -0.0, 1e-06, 0.0, -0.0, 0.999994, 0.004707, 0.374726, -1e-06, -0.004707, 0.999983, -0.0, 0.0, 0.0, 0.0, 1.0],
                [1.0, -0.0, 1e-06, -0.0, -0.0, 0.999994, 0.00473, 0.374726, -1e-06, -0.00473, 0.999984, 0.0, 0.0, 0.0, 0.0, 1.0],
                [1.0, 0.0, 1e-06, 0.0, 0.0, 0.999994, 0.004753, 0.374726, -1e-06, -0.004753, 0.999983, -0.0, 0.0, 0.0, 0.0, 1.0],
                [1.0, 0.0, 1e-06, -0.0, 0.0, 0.999994, 0.004774, 0.374726, -1e-06, -0.004774, 0.999983, -0.0, 0.0, 0.0, 0.0, 1.0],
                [1.0, -0.0, 1e-06, 0.0, -0.0, 0.999994, 0.004793, 0.374726, -1e-06, -0.004793, 0.999983, 0.0, 0.0, 0.0, 0.0, 1.0],
                [1.0, 0.0, 1e-06, -0.0, -0.0, 0.999993, 0.004802, 0.374726, -1e-06, -0.004802, 0.999985, 0.0, 0.0, 0.0, 0.0, 1.0],
                [1.0, -0.0, 1e-06, -0.0, 0.0, 0.999994, 0.004795, 0.374726, -1e-06, -0.004795, 0.999983, 0.0, 0.0, 0.0, 0.0, 1.0],
                [1.0, 0.0, 1e-06, 0.0, 0.0, 0.999995, 0.004778, 0.374726, -1e-06, -0.004778, 0.999983, 0.0, 0.0, 0.0, 0.0, 1.0],
                [1.0, -0.0, 1e-06, -0.0, 0.0, 0.999994, 0.004754, 0.374726, -1e-06, -0.004754, 0.999983, 0.0, 0.0, 0.0, 0.0, 1.0],
                [1.0, -0.0, 1e-06, -0.0, 0.0, 0.999995, 0.004726, 0.374726, -1e-06, -0.004727, 0.999983, -0.0, 0.0, 0.0, 0.0, 1.0],
                [1.0, 0.0, 1e-06, 0.0, -0.0, 0.999994, 0.004699, 0.374726, -1e-06, -0.004699, 0.999983, -0.0, 0.0, 0.0, 0.0, 1.0],
                [1.0, -0.0, 1e-06, 0.0, -0.0, 0.978341, 0.207024, 0.374726, -1e-06, -0.207025, 0.97833, 0.0, 0.0, 0.0, 0.0, 1.0],
                [1.0, -0.0, 1e-06, -0.0, -0.0, 0.919073, 0.394097, 0.374726, -1e-06, -0.394099, 0.919064, -0.0, 0.0, 0.0, 0.0, 1.0],
                [1.0, -0.0, 1e-06, 0.0, -0.0, 0.893103, 0.449858, 0.374726, -1e-06, -0.44986, 0.893095, 0.0, 0.0, 0.0, 0.0, 1.0],
                [1.0, -0.0, 1e-06, -0.0, -0.0, 0.882877, 0.469609, 0.374726, -1e-06, -0.469611, 0.882869, 0.0, 0.0, 0.0, 0.0, 1.0],
                [1.0, -0.0, 1e-06, -0.0, -0.0, 0.852522, 0.522698, 0.374726, -1e-06, -0.522701, 0.852513, 0.0, 0.0, 0.0, 0.0, 1.0],
                [1.0, -0.0, 1e-06, -0.0, -0.0, 0.78082, 0.624758, 0.374726, -1e-06, -0.624762, 0.780813, -0.0, 0.0, 0.0, 0.0, 1.0],
                [1.0, -1e-06, 1e-06, 0.0, -0.0, 0.674889, 0.737921, 0.374726, -1e-06, -0.737924, 0.674882, -0.0, 0.0, 0.0, 0.0, 1.0],
                [1.0, -1e-06, 1e-06, -0.0, -0.0, 0.543024, 0.839717, 0.374726, -1e-06, -0.83972, 0.54302, 0.0, 0.0, 0.0, 0.0, 1.0],
                [1.0, -1e-06, 0.0, -0.0, -0.0, 0.394181, 0.919033, 0.374726, -1e-06, -0.919035, 0.394179, 0.0, 0.0, 0.0, 0.0, 1.0],
                [1.0, -1e-06, 0.0, 0.0, -0.0, 0.237549, 0.971375, 0.374726, -1e-06, -0.971377, 0.237548, -0.0, 0.0, 0.0, 0.0, 1.0],
                [1.0, -1e-06, 0.0, -0.0, -0.0, 0.082138, 0.99662, 0.374726, -1e-06, -0.996622, 0.082138, -0.0, 0.0, 0.0, 0.0, 1.0],
                [1.0, -1e-06, 0.0, -0.0, -0.0, -0.063542, 0.997978, 0.374726, -1e-06, -0.99798, -0.063542, -0.0, 0.0, 0.0, 0.0, 1.0],
                [1.0, -1e-06, 0.0, -0.0, -0.0, -0.191771, 0.981438, 0.374726, -1e-06, -0.981441, -0.19177, 0.0, 0.0, 0.0, 0.0, 1.0],
                [1.0, -1e-06, 0.0, -0.0, -0.0, -0.29584, 0.955237, 0.374726, -1e-06, -0.955239, -0.295838, 0.0, 0.0, 0.0, 0.0, 1.0],
                [1.0, -1e-06, -0.0, 0.0, -0.0, -0.369393, 0.929273, 0.374726, -1e-06, -0.929275, -0.36939, -0.0, 0.0, 0.0, 0.0, 1.0],
                [1.0, -1e-06, -0.0, 0.0, -0.0, -0.409371, 0.912368, 0.374726, -1e-06, -0.912369, -0.409368, 0.0, 0.0, 0.0, 0.0, 1.0],
                [1.0, -1e-06, -0.0, -0.0, -0.0, -0.416062, 0.909336, 0.374726, -1e-06, -0.909338, -0.41606, 0.0, 0.0, 0.0, 0.0, 1.0],
                [1.0, -1e-06, -0.0, -0.0, -0.0, -0.391435, 0.920205, 0.374726, -1e-06, -0.920207, -0.391433, 0.0, 0.0, 0.0, 0.0, 1.0],
                [1.0, -1e-06, -0.0, -0.0, -0.0, -0.339185, 0.940719, 0.374726, -1e-06, -0.940721, -0.339183, -0.0, 0.0, 0.0, 0.0, 1.0],
                [1.0, -1e-06, 0.0, 0.0, -0.0, -0.263647, 0.964619, 0.374726, -1e-06, -0.964621, -0.263646, 0.0, 0.0, 0.0, 0.0, 1.0],
                [1.0, -1e-06, 0.0, -0.0, -0.0, -0.1678, 0.98582, 0.374726, -1e-06, -0.985822, -0.167799, -0.0, 0.0, 0.0, 0.0, 1.0],
                [1.0, -1e-06, 0.0, 0.0, -0.0, -0.055391, 0.998464, 0.374726, -1e-06, -0.998465, -0.055391, 0.0, 0.0, 0.0, 0.0, 1.0],
                [1.0, -1e-06, 0.0, 0.0, -0.0, 0.068892, 0.997623, 0.374726, -1e-06, -0.997625, 0.068891, -0.0, 0.0, 0.0, 0.0, 1.0],
                [1.000001, -1e-06, 0.0, 0.0, -0.0, 0.19967, 0.979862, 0.374726, -1e-06, -0.979864, 0.199669, -0.0, 0.0, 0.0, 0.0, 1.0],
                [1.0, -1e-06, 0.0, 0.0, -0.0, 0.331218, 0.943553, 0.374726, -1e-06, -0.943556, 0.331216, -0.0, 0.0, 0.0, 0.0, 1.0],
                [1.000001, -1e-06, 1e-06, 0.0, -0.0, 0.457858, 0.889026, 0.374726, -1e-06, -0.889028, 0.457855, -0.0, 0.0, 0.0, 0.0, 1.0],
                [1.000001, -1e-06, 1e-06, 0.0, -0.0, 0.574439, 0.818548, 0.374726, -1e-06, -0.818551, 0.574434, -0.0, 0.0, 0.0, 0.0, 1.0],
                [1.0, -1e-06, 1e-06, 0.0, -0.0, 0.676879, 0.736095, 0.374726, -1e-06, -0.736098, 0.676874, 0.0, 0.0, 0.0, 0.0, 1.0],
                [1.000001, -0.0, 1e-06, -0.0, -0.0, 0.762794, 0.646645, 0.374726, -1e-06, -0.646648, 0.762786, -0.0, 0.0, 0.0, 0.0, 1.0],
                [1.000001, -0.0, 1e-06, 0.0, -0.0, 0.811516, 0.584334, 0.374726, -1e-06, -0.584337, 0.811509, 0.0, 0.0, 0.0, 0.0, 1.0],
                [1.0, -0.0, 1e-06, -0.0, -0.0, 0.819724, 0.572763, 0.374726, -1e-06, -0.572766, 0.819716, -0.0, 0.0, 0.0, 0.0, 1.0],
                [1.0, -0.0, 1e-06, 0.0, -0.0, 0.810811, 0.585312, 0.374726, -1e-06, -0.585315, 0.810804, 0.0, 0.0, 0.0, 0.0, 1.0],
                [1.0, -0.0, 1e-06, -0.0, -0.0, 0.800378, 0.599499, 0.374726, -1e-06, -0.599502, 0.800371, 0.0, 0.0, 0.0, 0.0, 1.0],
                [1.0, -0.0, 1e-06, 0.0, -0.0, 0.794285, 0.607548, 0.374726, -1e-06, -0.607551, 0.794279, 0.0, 0.0, 0.0, 0.0, 1.0]
            ]
        },
        {
            "name": "Knee_R",
            "time": [0.0, 0.5882],
            "transform": [
                [1.0, 0.0, -0.0, -0.0, -0.0, 0.00567, -0.999984, 0.387476, -0.0, 0.999984, 0.00567, -7.2e-05, 0.0, 0.0, 0.0, 1.0],
                [1.0, 0.0, -0.0, -0.0, -0.0, 0.00567, -0.999984, 0.387125, -0.0, 0.999984, 0.00567, -7e-05, 0.0, 0.0, 0.0, 1.0]
            ]
        },
        {
            "name": "Thigh_L",
            "time": [0.0, 0.0098, 0.0196, 0.0294, 0.0392, 0.049, 0.0588, 0.0686, 0.0784, 0.0882, 0.098, 0.1078, 0.1176, 0.1275, 0.1373, 0.1471, 0.1569, 0.1667, 0.1765, 0.1863, 0.1961, 0.2059, 0.2157, 0.2255, 0.2353, 0.2451, 0.2549, 0.2647, 0.2745, 0.2843, 0.2941, 0.3039, 0.3137, 0.3235, 0.3333, 0.3431, 0.3529, 0.3627, 0.3725, 0.3824, 0.3922, 0.402, 0.4118, 0.4216, 0.4314, 0.4412, 0.451, 0.4608, 0.4706, 0.4804, 0.4902, 0.5, 0.5098, 0.5196, 0.5294, 0.5392, 0.549, 0.5588, 0.5686, 0.5784, 0.5882],
            "transform": [
                [0.997899, -0.061489, -0.020433, -0.125006, -0.063752, -0.988095, -0.140007, -0.002831, -0.01158, 0.141016, -0.989939, -1.2e-05, 0.0, 0.0, 0.0, 1.0],
                [0.997973, -0.0608, -0.018776, -0.125006, -0.062508, -0.99192, -0.110395, -0.002831, -0.011912, 0.111345, -0.99371, -1.2e-05, 0.0, 0.0, 0.0, 1.0],
                [0.998184, -0.058326, -0.015108, -0.125006, -0.058852, -0.997575, -0.037142, -0.002831, -0.012905, 0.037964, -0.999196, -1.2e-05, 0.0, 0.0, 0.0, 1.0],
                [0.998493, -0.053673, -0.011433, -0.125006, -0.052906, -0.996843, 0.059191, -0.002831, -0.014574, -0.058497, -0.998181, -1.2e-05, 0.0, 0.0, 0.0, 1.0],
                [0.998851, -0.047016, -0.00921, -0.125006, -0.044809, -0.984819, 0.167694, -0.002831, -0.016955, -0.167089, -0.985796, -1.2e-05, 0.0, 0.0, 0.0, 1.0],
                [0.999195, -0.038997, -0.009444, -0.125006, -0.034731, -0.958458, 0.283113, -0.002831, -0.020092, -0.282556, -0.95904, -1.2e-05, 0.0, 0.0, 0.0, 1.0],
                [0.999449, -0.030625, -0.012802, -0.125006, -0.022889, -0.915194, 0.402362, -0.002831, -0.024039, -0.401846, -0.915392, -1.2e-05, 0.0, 0.0, 0.0, 1.0],
                [0.999538, -0.023235, -0.01959, -0.125006, -0.009567, -0.852369, 0.522852, -0.002831, -0.028847, -0.522423, -0.852197, -1.2e-05, 0.0, 0.0, 0.0, 1.0],
                [0.999391, -0.018448, -0.029633, -0.125006, 0.004859, -0.767144, 0.641456, -0.002831, -0.034567, -0.641208, -0.766587, -1.2e-05, 0.0, 0.0, 0.0, 1.0],
                [0.99895, -0.018041, -0.04209, -0.125006, 0.019885, -0.65705, 0.753584, -0.002831, -0.04125, -0.75363, -0.656002, -1.2e-05, 0.0, 0.0, 0.0, 1.0],
                [0.998193, -0.023613, -0.055258, -0.125006, 0.034856, -0.521548, 0.85251, -0.002831, -0.04895, -0.852895, -0.519783, -1.2e-05, 0.0, 0.0, 0.0, 1.0],
                [0.99713, -0.035922, -0.066644, -0.125006, 0.049002, -0.364784, 0.929802, -0.002831, -0.057711, -0.930399, -0.361977, -1.2e-05, 0.0, 0.0, 0.0, 1.0],
                [0.995809, -0.054136, -0.073714, -0.125006, 0.061693, -0.197384, 0.978383, -0.002831, -0.067516, -0.97883, -0.193217, -1.2e-05, 0.0, 0.0, 0.0, 1.0],
                [0.994291, -0.075916, -0.074979, -0.125006, 0.072516, -0.034693, 0.996763, -0.002831, -0.078272, -0.99651, -0.02899, -1.2e-05, 0.0, 0.0, 0.0, 1.0],
                [0.992633, -0.098411, -0.070667, -0.125006, 0.081319, 0.108805, 0.990732, -0.002831, -0.089811, -0.989179, 0.116006, -1.2e-05, 0.0, 0.0, 0.0, 1.0],
                [0.990874, -0.119473, -0.062398, -0.125006, 0.088239, 0.225041, 0.970346, -0.002831, -0.101888, -0.966996, 0.233529, -1.2e-05, 0.0, 0.0, 0.0, 1.0],
                [0.989125, -0.138024, -0.050816, -0.125006, 0.092246, 0.313055, 0.945245, -0.002831, -0.114558, -0.939652, 0.322382, -1.2e-05, 0.0, 0.0, 0.0, 1.0],
                [0.987512, -0.153377, -0.035999, -0.125006, 0.091754, 0.37416, 0.922813, -0.002831, -0.128069, -0.914592, 0.383561, -1.2e-05, 0.0, 0.0, 0.0, 1.0],
                [0.986031, -0.165487, -0.018861, -0.125006, 0.086318, 0.410871, 0.907598, -0.002831, -0.142446, -0.896548, 0.419416, -1.2e-05, 0.0, 0.0, 0.0, 1.0],
                [0.984581, -0.174929, 2.7e-05, -0.125006, 0.075681, 0.426107, 0.901502, -0.002831, -0.157711, -0.887599, 0.432776, -1.2e-05, 0.0, 0.0, 0.0, 1.0],
                [0.982951, -0.182762, 0.020101, -0.125006, 0.060035, 0.422358, 0.904438, -0.002831, -0.173787, -0.887812, 0.42613, -1.2e-05, 0.0, 0.0, 0.0, 1.0],
                [0.980879, -0.190382, 0.040368, -0.125006, 0.040251, 0.401393, 0.915021, -0.002831, -0.190407, -0.8959, 0.401381, -1.2e-05, 0.0, 0.0, 0.0, 1.0],
                [0.978162, -0.199266, 0.059089, -0.125006, 0.017958, 0.364262, 0.931123, -0.002831, -0.207065, -0.909728, 0.359887, -1.2e-05, 0.0, 0.0, 0.0, 1.0],
                [0.974793, -0.210562, 0.073766, -0.125006, -0.004658, 0.311347, 0.950284, -0.002831, -0.223061, -0.926674, 0.302519, -1.2e-05, 0.0, 0.0, 0.0, 1.0],
                [0.971024, -0.22467, 0.081454, -0.125006, -0.025334, 0.242147, 0.969909, -0.002831, -0.237634, -0.943868, 0.229439, -1.2e-05, 0.0, 0.0, 0.0, 1.0],
                [0.96729, -0.241012, 0.079139, -0.125006, -0.042249, 0.154554, 0.98708, -0.002831, -0.25013, -0.958136, 0.139316, -1.2e-05, 0.0, 0.0, 0.0, 1.0],
                [0.964034, -0.257416, 0.066135, -0.125006, -0.054463, 0.052222, 0.997149, -0.002831, -0.260136, -0.964888, 0.036325, -1.2e-05, 0.0, 0.0, 0.0, 1.0],
                [0.961533, -0.270639, 0.046987, -0.125006, -0.062142, -0.047699, 0.996927, -0.002831, -0.267566, -0.961498, -0.062682, -1.2e-05, 0.0, 0.0, 0.0, 1.0],
                [0.959862, -0.27902, 0.028484, -0.125006, -0.066159, -0.126555, 0.989751, -0.002831, -0.272556, -0.951909, -0.139935, -1.2e-05, 0.0, 0.0, 0.0, 1.0],
                [0.958991, -0.282873, 0.017823, -0.125006, -0.067473, -0.166767, 0.983685, -0.002831, -0.275285, -0.944548, -0.179015, -1.2e-05, 0.0, 0.0, 0.0, 1.0],
                [0.958856, -0.283291, 0.018456, -0.125006, -0.066886, -0.162252, 0.98448, -0.002831, -0.2759, -0.945208, -0.174524, -1.2e-05, 0.0, 0.0, 0.0, 1.0],
                [0.959518, -0.281009, 0.018942, -0.125006, -0.064327, -0.153176, 0.986103, -0.002831, -0.274203, -0.947402, -0.165052, -1.2e-05, 0.0, 0.0, 0.0, 1.0],
                [0.960967, -0.276454, 0.01067, -0.125006, -0.059681, -0.169488, 0.983724, -0.002831, -0.270146, -0.945963, -0.179372, -1.2e-05, 0.0, 0.0, 0.0, 1.0],
                [0.963024, -0.269389, -0.003392, -0.125006, -0.053504, -0.203578, 0.977596, -0.002831, -0.264044, -0.941268, -0.210464, -1.2e-05, 0.0, 0.0, 0.0, 1.0],
                [0.965521, -0.259463, -0.021137, -0.125006, -0.046275, -0.250967, 0.966888, -0.002831, -0.256177, -0.932573, -0.254321, -1.2e-05, 0.0, 0.0, 0.0, 1.0],
                [0.968307, -0.246405, -0.04081, -0.125006, -0.038404, -0.308339, 0.950502, -0.002831, -0.246791, -0.91881, -0.308029, -1.2e-05, 0.0, 0.0, 0.0, 1.0],
                [0.971256, -0.23012, -0.060879, -0.125006, -0.030233, -0.372937, 0.927364, -0.002831, -0.236109, -0.898867, -0.369175, -1.2e-05, 0.0, 0.0, 0.0, 1.0],
                [0.974264, -0.210728, -0.080015, -0.125006, -0.022047, -0.442362, 0.896565, -0.002831, -0.224327, -0.871727, -0.435624, -1.2e-05, 0.0, 0.0, 0.0, 1.0],
                [0.977249, -0.188554, -0.09711, -0.125006, -0.014077, -0.514518, 0.857364, -0.00283, -0.211625, -0.836491, -0.505467, -1.2e-05, 0.0, 0.0, 0.0, 1.0],
                [0.980146, -0.164102, -0.111285, -0.125006, -0.006512, -0.587597, 0.809127, -0.002831, -0.19817, -0.792338, -0.576999, -1.2e-05, 0.0, 0.0, 0.0, 1.0],
                [0.982902, -0.13799, -0.12191, -0.125006, 0.000497, -0.6601, 0.751177, -0.002831, -0.184128, -0.738393, -0.648746, -1.2e-05, 0.0, 0.0, 0.0, 1.0],
                [0.985478, -0.110888, -0.128593, -0.125006, 0.006823, -0.730845, 0.682508, -0.002831, -0.169664, -0.673475, -0.719476, -1.2e-05, 0.0, 0.0, 0.0, 1.0],
                [0.987845, -0.083403, -0.131172, -0.125006, 0.012363, -0.799035, 0.601158, -0.002831, -0.154949, -0.595472, -0.788292, -1.2e-05, 0.0, 0.0, 0.0, 1.0],
                [0.989981, -0.055829, -0.129691, -0.125006, 0.017023, -0.864619, 0.502139, -0.002831, -0.140168, -0.499315, -0.855007, -1.2e-05, 0.0, 0.0, 0.0, 1.0],
                [0.991875, -0.026527, -0.124419, -0.125006, 0.020714, -0.931288, 0.363693, -0.002831, -0.125517, -0.363315, -0.923172, -1.2e-05, 0.0, 0.0, 0.0, 1.0],
                [0.993522, -0.002153, -0.113618, -0.125006, 0.023349, -0.974619, 0.222645, -0.002831, -0.111214, -0.223856, -0.968256, -1.2e-05, 0.0, 0.0, 0.0, 1.0],
                [0.994929, 0.006946, -0.100342, -0.125006, 0.024843, -0.983673, 0.178238, -0.002831, -0.097465, -0.179827, -0.978858, -1.2e-05, 0.0, 0.0, 0.0, 1.0],
                [0.996113, 0.013476, -0.087036, -0.125006, 0.025138, -0.990618, 0.134319, -0.002831, -0.08441, -0.135985, -0.987108, -1.2e-05, 0.0, 0.0, 0.0, 1.0],
                [0.9971, 0.017458, -0.074082, -0.125006, 0.024184, -0.995567, 0.090888, -0.002831, -0.072167, -0.092416, -0.993102, -1.2e-05, 0.0, 0.0, 0.0, 1.0],
                [0.997905, 0.018954, -0.061847, -0.125006, 0.02194, -0.998607, 0.047969, -0.002831, -0.060852, -0.049226, -0.996932, -1.2e-05, 0.0, 0.0, 0.0, 1.0],
                [0.998551, 0.01807, -0.050683, -0.125006, 0.018378, -0.999815, 0.005612, -0.002831, -0.050572, -0.006535, -0.998699, -1.2e-05, 0.0, 0.0, 0.0, 1.0],
                [0.999051, 0.01488, -0.040922, -0.125006, 0.013199, -0.999069, -0.041052, -0.00283, -0.041494, 0.040473, -0.998318, -1.2e-05, 0.0, 0.0, 0.0, 1.0],
                [0.99941, 0.00908, -0.033119, -0.125006, 0.005898, -0.995467, -0.094924, -0.002831, -0.033831, 0.094672, -0.994934, -1.2e-05, 0.0, 0.0, 0.0, 1.0],
                [0.999609, 0.000625, -0.027925, -0.125006, -0.003645, -0.98828, -0.152604, -0.002831, -0.027693, 0.152646, -0.987893, -1.2e-05, 0.0, 0.0, 0.0, 1.0],
                [0.999618, -0.009991, -0.025764, -0.125006, -0.015183, -0.977587, -0.209979, -0.002831, -0.023089, 0.21029, -0.977366, -1.2e-05, 0.0, 0.0, 0.0, 1.0],
                [0.999412, -0.021731, -0.026502, -0.125006, -0.027928, -0.964597, -0.26224, -0.002831, -0.019865, 0.262825, -0.964638, -1.2e-05, 0.0, 0.0, 0.0, 1.0],
                [0.999028, -0.033083, -0.029115, -0.125006, -0.040382, -0.951766, -0.304151, -0.002831, -0.017649, 0.305031, -0.952179, -1.2e-05, 0.0, 0.0, 0.0, 1.0],
                [0.998611, -0.044115, -0.028804, -0.125006, -0.050256, -0.961712, -0.269409, -0.002831, -0.015816, 0.270483, -0.962595, -1.2e-05, 0.0, 0.0, 0.0, 1.0],
