{
    "animation": [
        {
            "name": "Root",
            "time": [0.0, 0.0098, 0.0196, 0.0294, 0.0392, 0.049, 0.0588, 0.0686, 0.0784, 0.0882, 0.098, 0.1078, 0.1176, 0.1275, 0.1373, 0.1471, 0.1569, 0.1667, 0.1765, 0.1863, 0.1961, 0.2059, 0.2157, 0.2255, 0.2353, 0.2451, 0.2549, 0.2647, 0.2745, 0.2843, 0.2941, 0.3039, 0.3137, 0.3235, 0.3333, 0.3431, 0.3529, 0.3627, 0.3725, 0.3824, 0.3922, 0.402, 0.4118, 0.4216, 0.4314, 0.4412, 0.451, 0.4608, 0.4706, 0.4804, 0.4902, 0.5, 0.5098, 0.5196, 0.5294, 0.5392, 0.549, 0.5588, 0.5686, 0.5784, 0.5882],
            "transform": [
                [1.0, 0.0, 0.0, -5e-06, 0.0, 0.804847, -0.593482, -0.081316, 0.0, 0.593482, 0.804847, 0.879657, 0.0, 0.0, 0.0, 1.0],
                [1.0, 0.0, 0.0, -5e-06, 0.0, 0.804847, -0.593482, -0.081316, 0.0, 0.593482, 0.804847, 0.880116, 0.0, 0.0, 0.0, 1.0],
                [1.0, 0.0, 0.0, -5e-06, 0.0, 0.804847, -0.593482, -0.081316, 0.0, 0.593482, 0.804847, 0.88145, 0.0, 0.0, 0.0, 1.0],
                [1.0, 0.0, 0.0, -5e-06, 0.0, 0.804847, -0.593482, -0.081316, 0.0, 0.593482, 0.804847, 0.883597, 0.0, 0.0, 0.0, 1.0],
                [1.0, 0.0, 0.0, -5e-06, 0.0, 0.804847, -0.593482, -0.081316, 0.0, 0.593482, 0.804847, 0.886495, 0.0, 0.0, 0.0, 1.0],
                [1.0, 0.0, 0.0, -5e-06, 0.0, 0.804847, -0.593482, -0.081316, 0.0, 0.593482, 0.804847, 0.89008, 0.0, 0.0, 0.0, 1.0],
                [1.0, 0.0, 0.0, -5e-06, 0.0, 0.804847, -0.593482, -0.081316, 0.0, 0.593482, 0.804847, 0.894291, 0.0, 0.0, 0.0, 1.0],
                [1.0, 0.0, 0.0, -5e-06, 0.0, 0.804847, -0.593482, -0.081316, 0.0, 0.593482, 0.804847, 0.899065, 0.0, 0.0, 0.0, 1.0],
                [1.0, 0.0, 0.0, -5e-06, 0.0, 0.804847, -0.593482, -0.081316, 0.0, 0.593482, 0.804847, 0.904339, 0.0, 0.0, 0.0, 1.0],
                [1.0, 0.0, 0.0, -5e-06, 0.0, 0.804847, -0.593482, -0.081316, 0.0, 0.593482, 0.804847, 0.910051, 0.0, 0.0, 0.0, 1.0],
                [1.0, 0.0, 0.0, -5e-06, 0.0, 0.804847, -0.593482, -0.081316, 0.0, 0.593482, 0.804847, 0.916138, 0.0, 0.0, 0.0, 1.0],
                [1.0, 0.0, 0.0, -5e-06, 0.0, 0.804847, -0.593482, -0.081316, 0.0, 0.593482, 0.804847, 0.922538, 0.0, 0.0, 0.0, 1.0],
                [1.0, 0.0, 0.0, -5e-06, 0.0, 0.804847, -0.593482, -0.081316, 0.0, 0.593482, 0.804847, 0.929188, 0.0, 0.0, 0.0, 1.0],
                [1.0, 0.0, 0.0, -5e-06, 0.0, 0.804847, -0.593482, -0.081316, 0.0, 0.593482, 0.804847, 0.936025, 0.0, 0.0, 0.0, 1.0],
                [1.0, 0.0, 0.0, -5e-06, 0.0, 0.804847, -0.593482, -0.081316, 0.0, 0.593482, 0.804847, 0.942988, 0.0, 0.0, 0.0, 1.0],
                [1.0, 0.0, 0.0, -5e-06, 0.0, 0.804847, -0.593482, -0.081316, 0.0, 0.593482, 0.804847, 0.950013, 0.0, 0.0, 0.0, 1.0],
                [1.0, 0.0, 0.0, -5e-06, 0.0, 0.804847, -0.593482, -0.081316, 0.0, 0.593482, 0.804847, 0.957038, 0.0, 0.0, 0.0, 1.0],
                [1.0, 0.0, 0.0, -5e-06, 0.0, 0.804847, -0.593482, -0.081316, 0.0, 0.593482, 0.804847, 0.964, 0.0, 0.0, 0.0, 1.0],
                [1.0, 0.0, 0.0, -5e-06, 0.0, 0.804847, -0.593482, -0.081316, 0.0, 0.593482, 0.804847, 0.970838, 0.0, 0.0, 0.0, 1.0],
                [1.0, 0.0, 0.0, -5e-06, 0.0, 0.804847, -0.593482, -0.081316, 0.0, 0.593482, 0.804847, 0.977488, 0.0, 0.0, 0.0, 1.0],
                [1.0, 0.0, 0.0, -5e-06, 0.0, 0.804847, -0.593482, -0.081316, 0.0, 0.593482, 0.804847, 0.983887, 0.0, 0.0, 0.0, 1.0],
                [1.0, 0.0, 0.0, -5e-06, 0.0, 0.804847, -0.593482, -0.081316, 0.0, 0.593482, 0.804847, 0.989974, 0.0, 0.0, 0.0, 1.0],
                [1.0, 0.0, 0.0, -5e-06, 0.0, 0.804847, -0.593482, -0.081316, 0.0, 0.593482, 0.804847, 0.995686, 0.0, 0.0, 0.0, 1.0],
                [1.0, 0.0, 0.0, -5e-06, 0.0, 0.804847, -0.593482, -0.081316, 0.0, 0.593482, 0.804847, 1.00096, 0.0, 0.0, 0.0, 1.0],
                [1.0, 0.0, 0.0, -5e-06, 0.0, 0.804847, -0.593482, -0.081316, 0.0, 0.593482, 0.804847, 1.005734, 0.0, 0.0, 0.0, 1.0],
                [1.0, 0.0, 0.0, -5e-06, 0.0, 0.804847, -0.593482, -0.081316, 0.0, 0.593482, 0.804847, 1.009945, 0.0, 0.0, 0.0, 1.0],
                [1.0, 0.0, 0.0, -5e-06, 0.0, 0.804847, -0.593482, -0.081316, 0.0, 0.593482, 0.804847, 1.01353, 0.0, 0.0, 0.0, 1.0],
                [1.0, 0.0, 0.0, -5e-06, 0.0, 0.804847, -0.593482, -0.081316, 0.0, 0.593482, 0.804847, 1.016428, 0.0, 0.0, 0.0, 1.0],
                [1.0, 0.0, 0.0, -5e-06, 0.0, 0.804847, -0.593482, -0.081316, 0.0, 0.593482, 0.804847, 1.018575, 0.0, 0.0, 0.0, 1.0],
                [1.0, 0.0, 0.0, -5e-06, 0.0, 0.804847, -0.593482, -0.081316, 0.0, 0.593482, 0.804847, 1.019909, 0.0, 0.0, 0.0, 1.0],
                [1.0, 0.0, 0.0, -5e-06, 0.0, 0.804847, -0.593482, -0.081316, 0.0, 0.593482, 0.804847, 1.020368, 0.0, 0.0, 0.0, 1.0],
                [1.0, 0.0, 0.0, -5e-06, 0.0, 0.804847, -0.593482, -0.081316, 0.0, 0.593482, 0.804847, 1.019938, 0.0, 0.0, 0.0, 1.0],
                [1.0, 0.0, 0.0, -5e-06, 0.0, 0.804847, -0.593482, -0.081316, 0.0, 0.593482, 0.804847, 1.018686, 0.0, 0.0, 0.0, 1.0],
                [1.0, 0.0, 0.0, -5e-06, 0.0, 0.804847, -0.593482, -0.081316, 0.0, 0.593482, 0.804847, 1.01667, 0.0, 0.0, 0.0, 1.0],
                [1.0, 0.0, 0.0, -5e-06, 0.0, 0.804847, -0.593482, -0.081316, 0.0, 0.593482, 0.804847, 1.013944, 0.0, 0.0, 0.0, 1.0],
                [1.0, 0.0, 0.0, -5e-06, 0.0, 0.804847, -0.593482, -0.081316, 0.0, 0.593482, 0.804847, 1.010567, 0.0, 0.0, 0.0, 1.0],
                [1.0, 0.0, 0.0, -5e-06, 0.0, 0.804847, -0.593482, -0.081316, 0.0, 0.593482, 0.804847, 1.006595, 0.0, 0.0, 0.0, 1.0],
                [1.0, 0.0, 0.0, -5e-06, 0.0, 0.804847, -0.593482, -0.081316, 0.0, 0.593482, 0.804847, 1.002084, 0.0, 0.0, 0.0, 1.0],
                [1.0, 0.0, 0.0, -5e-06, 0.0, 0.804847, -0.593482, -0.081316, 0.0, 0.593482, 0.804847, 0.997092, 0.0, 0.0, 0.0, 1.0],
                [1.0, 0.0, 0.0, -5e-06, 0.0, 0.804847, -0.593482, -0.081316, 0.0, 0.593482, 0.804847, 0.991674, 0.0, 0.0, 0.0, 1.0],
                [1.0, 0.0, 0.0, -5e-06, 0.0, 0.804847, -0.593482, -0.081316, 0.0, 0.593482, 0.804847, 0.985888, 0.0, 0.0, 0.0, 1.0],
                [1.0, 0.0, 0.0, -5e-06, 0.0, 0.804847, -0.593482, -0.081316, 0.0, 0.593482, 0.804847, 0.97979, 0.0, 0.0, 0.0, 1.0],
                [1.0, 0.0, 0.0, -5e-06, 0.0, 0.804847, -0.593482, -0.081316, 0.0, 0.593482, 0.804847, 0.973438, 0.0, 0.0, 0.0, 1.0],
                [1.0, 0.0, 0.0, -5e-06, 0.0, 0.804847, -0.593482, -0.081316, 0.0, 0.593482, 0.804847, 0.966886, 0.0, 0.0, 0.0, 1.0],
                [1.0, 0.0, 0.0, -5e-06, 0.0, 0.804847, -0.593482, -0.081316, 0.0, 0.593482, 0.804847, 0.960194, 0.0, 0.0, 0.0, 1.0],
                [1.0, 0.0, 0.0, -5e-06, 0.0, 0.804847, -0.593482, -0.081316, 0.0, 0.593482, 0.804847, 0.953416, 0.0, 0.0, 0.0, 1.0],
                [1.0, 0.0, 0.0, -5e-06, 0.0, 0.804847, -0.593482, -0.081316, 0.0, 0.593482, 0.804847, 0.94661, 0.0, 0.0, 0.0, 1.0],
                [1.0, 0.0, 0.0, -5e-06, 0.0, 0.804847, -0.593482, -0.081316, 0.0, 0.593482, 0.804847, 0.939832, 0.0, 0.0, 0.0, 1.0],
                [1.0, 0.0, 0.0, -5e-06, 0.0, 0.804847, -0.593482, -0.081316, 0.0, 0.593482, 0.804847, 0.933139, 0.0, 0.0, 0.0, 1.0],
                [1.0, 0.0, 0.0, -5e-06, 0.0, 0.804847, -0.593482, -0.081316, 0.0, 0.593482, 0.804847, 0.926588, 0.0, 0.0, 0.0, 1.0],
                [1.0, 0.0, 0.0, -5e-06, 0.0, 0.804847, -0.593482, -0.081316, 0.0, 0.593482, 0.804847, 0.920235, 0.0, 0.0, 0.0, 1.0],
                [1.0, 0.0, 0.0, -5e-06, 0.0, 0.804847, -0.593482, -0.081316, 0.0, 0.593482, 0.804847, 0.914137, 0.0, 0.0, 0.0, 1.0],
                [1.0, 0.0, 0.0, -5e-06, 0.0, 0.804847, -0.593482, -0.081316, 0.0, 0.593482, 0.804847, 0.908351, 0.0, 0.0, 0.0, 1.0],
                [1.0, 0.0, 0.0, -5e-06, 0.0, 0.804847, -0.593482, -0.081316, 0.0, 0.593482, 0.804847, 0.902934, 0.0, 0.0, 0.0, 1.0],
                [1.0, 0.0, 0.0, -5e-06, 0.0, 0.804847, -0.593482, -0.081316, 0.0, 0.593482, 0.804847, 0.897941, 0.0, 0.0, 0.0, 1.0],
                [1.0, 0.0, 0.0, -5e-06, 0.0, 0.804847, -0.593482, -0.081316, 0.0, 0.593482, 0.804847, 0.89343, 0.0, 0.0, 0.0, 1.0],
                [1.0, 0.0, 0.0, -5e-06, 0.0, 0.804847, -0.593482, -0.081316, 0.0, 0.593482, 0.804847, 0.889458, 0.0, 0.0, 0.0, 1.0],
                [1.0, 0.0, 0.0, -5e-06, 0.0, 0.804847, -0.593482, -0.081316, 0.0, 0.593482, 0.804847, 0.886081, 0.0, 0.0, 0.0, 1.0],
                [1.0, 0.0, 0.0, -5e-06, 0.0, 0.804847, -0.593482, -0.081316, 0.0, 0.593482, 0.804847, 0.883356, 0.0, 0.0, 0.0, 1.0],
                [1.0, 0.0, 0.0, -5e-06, 0.0, 0.804847, -0.593482, -0.081316, 0.0, 0.593482, 0.804847, 0.881339, 0.0, 0.0, 0.0, 1.0],
                [1.0, 0.0, 0.0, -5e-06, 0.0, 0.804847, -0.593482, -0.081316, 0.0, 0.593482, 0.804847, 0.880087, 0.0, 0.0, 0.0, 1.0]
            ]
        },
        {
            "name": "Thigh_R",
            "time": [0.0, 0.0098, 0.0196, 0.0294, 0.0392, 0.049, 0.0588, 0.0686, 0.0784, 0.0882, 0.098, 0.1078, 0.1176, 0.1275, 0.1373, 0.1471, 0.1569, 0.1667, 0.1765, 0.1863, 0.1961, 0.2059, 0.2157, 0.2255, 0.2353, 0.2451, 0.2549, 0.2647, 0.2745, 0.2843, 0.2941, 0.3039, 0.3137, 0.3235, 0.3333, 0.3431, 0.3529, 0.3627, 0.3725, 0.3824, 0.3922, 0.402, 0.4118, 0.4216, 0.4314, 0.4412, 0.451, 0.4608, 0.4706, 0.4804, 0.4902, 0.5, 0.5098, 0.5196, 0.5294, 0.5392, 0.549, 0.5588, 0.5686, 0.5784, 0.5882],
            "transform": [
                [0.979647, 0.024776, 0.19919, 0.124994, -0.087094, -0.841605, 0.533024, -0.002831, 0.180845, -0.539523, -0.82232, -1.2e-05, 0.0, 0.0, 0.0, 1.0],
                [0.979705, 0.024566, 0.198932, 0.124994, -0.087047, -0.841845, 0.532653, -0.002831, 0.180555, -0.539158, -0.822624, -1.2e-05, 0.0, 0.0, 0.0, 1.0],
                [0.979872, 0.02396, 0.198183, 0.124994, -0.08691, -0.842544, 0.531569, -0.002831, 0.179714, -0.538092, -0.823505, -1.2e-05, 0.0, 0.0, 0.0, 1.0],
                [0.980137, 0.022995, 0.196985, 0.124994, -0.086688, -0.843667, 0.529821, -0.002831, 0.178373, -0.536372, -0.824917, -1.2e-05, 0.0, 0.0, 0.0, 1.0],
                [0.980487, 0.021713, 0.195381, 0.124994, -0.086388, -0.845179, 0.527454, -0.002831, 0.176584, -0.534039, -0.826813, -1.2e-05, 0.0, 0.0, 0.0, 1.0],
                [0.98091, 0.020159, 0.193416, 0.124994, -0.086015, -0.847046, 0.524513, -0.002831, 0.174406, -0.531135, -0.829143, -1.2e-05, 0.0, 0.0, 0.0, 1.0],
                [0.981391, 0.018378, 0.191136, 0.124994, -0.085575, -0.849231, 0.52104, -0.002831, 0.171895, -0.527699, -0.831857, -1.2e-05, 0.0, 0.0, 0.0, 1.0],
                [0.981919, 0.016415, 0.188587, 0.124994, -0.085072, -0.851698, 0.51708, -0.002831, 0.169108, -0.523773, -0.834904, -1.2e-05, 0.0, 0.0, 0.0, 1.0],
                [0.98248, 0.014314, 0.185814, 0.124994, -0.084513, -0.854412, 0.512675, -0.002831, 0.1661, -0.519396, -0.838236, -1.2e-05, 0.0, 0.0, 0.0, 1.0],
                [0.983064, 0.012114, 0.182859, 0.124994, -0.083904, -0.857335, 0.507873, -0.002831, 0.162924, -0.514613, -0.841801, -1.2e-05, 0.0, 0.0, 0.0, 1.0],
                [0.98366, 0.009856, 0.179763, 0.124994, -0.08325, -0.860431, 0.502719, -0.002831, 0.159628, -0.509468, -0.845554, -1.2e-05, 0.0, 0.0, 0.0, 1.0],
                [0.98426, 0.007571, 0.176565, 0.124994, -0.082559, -0.863664, 0.497259, -0.002831, 0.156258, -0.504008, -0.849447, -1.2e-05, 0.0, 0.0, 0.0, 1.0],
                [0.984854, 0.005293, 0.173303, 0.124994, -0.081836, -0.866998, 0.491544, -0.002831, 0.152855, -0.498281, -0.853436, -1.2e-05, 0.0, 0.0, 0.0, 1.0],
                [0.985438, 0.003046, 0.170009, 0.124994, -0.08109, -0.870399, 0.485622, -0.002831, 0.149455, -0.492335, -0.857478, -1.2e-05, 0.0, 0.0, 0.0, 1.0],
                [0.986004, 0.000854, 0.166716, 0.124994, -0.080326, -0.87383, 0.479549, -0.002831, 0.146092, -0.486228, -0.861534, -1.2e-05, 0.0, 0.0, 0.0, 1.0],
                [0.98655, -0.001262, 0.163454, 0.124994, -0.079552, -0.87726, 0.473375, -0.002831, 0.142795, -0.48001, -0.865564, -1.2e-05, 0.0, 0.0, 0.0, 1.0],
                [0.987071, -0.003287, 0.16025, 0.124994, -0.078775, -0.880656, 0.467158, -0.002831, 0.13959, -0.473741, -0.869531, -1.2e-05, 0.0, 0.0, 0.0, 1.0],
                [0.987564, -0.005207, 0.15713, 0.124994, -0.078003, -0.883988, 0.460954, -0.002831, 0.136501, -0.467477, -0.873403, -1.2e-05, 0.0, 0.0, 0.0, 1.0],
                [0.988027, -0.007012, 0.154118, 0.124994, -0.077242, -0.887225, 0.454822, -0.002831, 0.133549, -0.46128, -0.877147, -1.2e-05, 0.0, 0.0, 0.0, 1.0],
                [0.988459, -0.008693, 0.151236, 0.124994, -0.076501, -0.89034, 0.448821, -0.002831, 0.13075, -0.45521, -0.880732, -1.2e-05, 0.0, 0.0, 0.0, 1.0],
                [0.988858, -0.010245, 0.148505, 0.124994, -0.075786, -0.893305, 0.443012, -0.002831, 0.128122, -0.44933, -0.884131, -1.2e-05, 0.0, 0.0, 0.0, 1.0],
                [0.989224, -0.011663, 0.145946, 0.124994, -0.075105, -0.896096, 0.437458, -0.002831, 0.12568, -0.443704, -0.887318, -1.2e-05, 0.0, 0.0, 0.0, 1.0],
                [0.989554, -0.012942, 0.143577, 0.124994, -0.074466, -0.898688, 0.432219, -0.002831, 0.123437, -0.438395, -0.890266, -1.2e-05, 0.0, 0.0, 0.0, 1.0],
                [0.98985, -0.014082, 0.141417, 0.124994, -0.073875, -0.901057, 0.427361, -0.002831, 0.121406, -0.433469, -0.892953, -1.2e-05, 0.0, 0.0, 0.0, 1.0],
                [0.990109, -0.01508, 0.139483, 0.124994, -0.073339, -0.903181, 0.422946, -0.002831, 0.119601, -0.428991, -0.895356, -1.2e-05, 0.0, 0.0, 0.0, 1.0],
                [0.990332, -0.015934, 0.137795, 0.124994, -0.072867, -0.905039, 0.419038, -0.002831, 0.118033, -0.425026, -0.897453, -1.2e-05, 0.0, 0.0, 0.0, 1.0],
                [0.990518, -0.016642, 0.13637, 0.124994, -0.072464, -0.906609, 0.4157, -0.002831, 0.116716, -0.42164, -0.899221, -1.2e-05, 0.0, 0.0, 0.0, 1.0],
                [0.990665, -0.017203, 0.135227, 0.124994, -0.072139, -0.90787, 0.412996, -0.002831, 0.115664, -0.418895, -0.900638, -1.2e-05, 0.0, 0.0, 0.0, 1.0],
                [0.990773, -0.01761, 0.134384, 0.124994, -0.071898, -0.9088, 0.410989, -0.002831, 0.114891, -0.416857, -0.901683, -1.2e-05, 0.0, 0.0, 0.0, 1.0],
                [0.990839, -0.017861, 0.133863, 0.124994, -0.071748, -0.909375, 0.409739, -0.002831, 0.114413, -0.415589, -0.902328, -1.2e-05, 0.0, 0.0, 0.0, 1.0],
                [0.990861, -0.017946, 0.133684, 0.124994, -0.071697, -0.909573, 0.40931, -0.002831, 0.11425, -0.415153, -0.902549, -1.2e-05, 0.0, 0.0, 0.0, 1.0],
                [0.99084, -0.017866, 0.133852, 0.124994, -0.071745, -0.909388, 0.409713, -0.002831, 0.114403, -0.415562, -0.902342, -1.2e-05, 0.0, 0.0, 0.0, 1.0],
                [0.990778, -0.017631, 0.134341, 0.124994, -0.071886, -0.908848, 0.410884, -0.002831, 0.114851, -0.416751, -0.901737, -1.2e-05, 0.0, 0.0, 0.0, 1.0],
                [0.990677, -0.017249, 0.135132, 0.124994, -0.072112, -0.907975, 0.412771, -0.002831, 0.115577, -0.418666, -0.900756, -1.2e-05, 0.0, 0.0, 0.0, 1.0],
                [0.990539, -0.016723, 0.136207, 0.124994, -0.072418, -0.90679, 0.415314, -0.002831, 0.116565, -0.421248, -0.899424, -1.2e-05, 0.0, 0.0, 0.0, 1.0],
                [0.990365, -0.016058, 0.137547, 0.124994, -0.072797, -0.905312, 0.418459, -0.002831, 0.117804, -0.42444, -0.897761, -1.2e-05, 0.0, 0.0, 0.0, 1.0],
                [0.990155, -0.015257, 0.139137, 0.124994, -0.073243, -0.903562, 0.422148, -0.002831, 0.119279, -0.428182, -0.895787, -1.2e-05, 0.0, 0.0, 0.0, 1.0],
                [0.989912, -0.01432, 0.14096, 0.124994, -0.073749, -0.901559, 0.426323, -0.002831, 0.120979, -0.432417, -0.893522, -1.2e-05, 0.0, 0.0, 0.0, 1.0],
                [0.989634, -0.01325, 0.142999, 0.124994, -0.074308, -0.899321, 0.430927, -0.002831, 0.122892, -0.437085, -0.890986, -1.2e-05, 0.0, 0.0, 0.0, 1.0],
                [0.989323, -0.012048, 0.145238, 0.124994, -0.074915, -0.89687, 0.435901, -0.002831, 0.125007, -0.442127, -0.888199, -1.2e-05, 0.0, 0.0, 0.0, 1.0],
                [0.98898, -0.010717, 0.14766, 0.124994, -0.075562, -0.894226, 0.441189, -0.002831, 0.127313, -0.447484, -0.885184, -1.2e-05, 0.0, 0.0, 0.0, 1.0],
                [0.988605, -0.009259, 0.150249, 0.124994, -0.076244, -0.891411, 0.446735, -0.002831, 0.129797, -0.453098, -0.881961, -1.2e-05, 0.0, 0.0, 0.0, 1.0],
                [0.988199, -0.007678, 0.152986, 0.124994, -0.076952, -0.888447, 0.45248, -0.002831, 0.132446, -0.458912, -0.878555, -1.2e-05, 0.0, 0.0, 0.0, 1.0],
                [0.987762, -0.005978, 0.155853, 0.124994, -0.077682, -0.885359, 0.45837, -0.002831, 0.135245, -0.464867, -0.87499, -1.2e-05, 0.0, 0.0, 0.0, 1.0],
                [0.987297, -0.004168, 0.158829, 0.124994, -0.078425, -0.882171, 0.464351, -0.002831, 0.13818, -0.470908, -0.871294, -1.2e-05, 0.0, 0.0, 0.0, 1.0],
                [0.986805, -0.002254, 0.161895, 0.124994, -0.079176, -0.87891, 0.470369, -0.002831, 0.141231, -0.47698, -0.867494, -1.2e-05, 0.0, 0.0, 0.0, 1.0],
                [0.986289, -0.000248, 0.165027, 0.124994, -0.079927, -0.875603, 0.476371, -0.002831, 0.14438, -0.483029, -0.863619, -1.2e-05, 0.0, 0.0, 0.0, 1.0],
                [0.985751, 0.001836, 0.168201, 0.124994, -0.080673, -0.872278, 0.482307, -0.002831, 0.147604, -0.489003, -0.859703, -1.2e-05, 0.0, 0.0, 0.0, 1.0],
                [0.985195, 0.003983, 0.171392, 0.124994, -0.081405, -0.868967, 0.488127, -0.002831, 0.150878, -0.494852, -0.855779, -1.2e-05, 0.0, 0.0, 0.0, 1.0],
                [0.984625, 0.006172, 0.174571, 0.124994, -0.082119, -0.865698, 0.493783, -0.002831, 0.154174, -0.500526, -0.851883, -1.2e-05, 0.0, 0.0, 0.0, 1.0],
                [0.984047, 0.008383, 0.177709, 0.124994, -0.082808, -0.862504, 0.499228, -0.002831, 0.15746, -0.505978, -0.848052, -1.2e-05, 0.0, 0.0, 0.0, 1.0],
                [0.983467, 0.010589, 0.180774, 0.124994, -0.083465, -0.859416, 0.504417, -0.002831, 0.160702, -0.511165, -0.844326, -1.2e-05, 0.0, 0.0, 0.0, 1.0],
                [0.982893, 0.012761, 0.183733, 0.124994, -0.084085, -0.856467, 0.509306, -0.002831, 0.163861, -0.516042, -0.840745, -1.2e-05, 0.0, 0.0, 0.0, 1.0],
                [0.982333, 0.014867, 0.186549, 0.124994, -0.084662, -0.85369, 0.513852, -0.002831, 0.166894, -0.520566, -0.837352, -1.2e-05, 0.0, 0.0, 0.0, 1.0],
                [0.981796, 0.016872, 0.189184, 0.124994, -0.085191, -0.851119, 0.518014, -0.002831, 0.169758, -0.5247, -0.83419, -1.2e-05, 0.0, 0.0, 0.0, 1.0],
                [0.981294, 0.018738, 0.1916, 0.124994, -0.085665, -0.848785, 0.521752, -0.002831, 0.172404, -0.528404, -0.831304, -1.2e-05, 0.0, 0.0, 0.0, 1.0],
                [0.980837, 0.020426, 0.193755, 0.124994, -0.08608, -0.846722, 0.525025, -0.002831, 0.174781, -0.531641, -0.82874, -1.2e-05, 0.0, 0.0, 0.0, 1.0],
                [0.980437, 0.021895, 0.195609, 0.124994, -0.086431, -0.844963, 0.527793, -0.002831, 0.176838, -0.534374, -0.826543, -1.2e-05, 0.0, 0.0, 0.0, 1.0],
                [0.980107, 0.023103, 0.197119, 0.124994, -0.086713, -0.84354, 0.530019, -0.002831, 0.178523, -0.536567, -0.824758, -1.2e-05, 0.0, 0.0, 0.0, 1.0],
                [0.979858, 0.02401, 0.198245, 0.124994, -0.086921, -0.842486, 0.531659, -0.002831, 0.179784, -0.538181, -0.823431, -1.2e-05, 0.0, 0.0, 0.0, 1.0],
                [0.979701, 0.024579, 0.198948, 0.124994, -0.08705, -0.84183, 0.532676, -0.002831, 0.180573, -0.539181, -0.822604, -1.2e-05, 0.0, 0.0, 0.0, 1.0]
            ]
        },
        {
            "name": "Leg_R",
            "time": [0.0, 0.0098, 0.0196, 0.0294, 0.0392, 0.049, 0.0588, 0.0686, 0.0784, 0.0882, 0.098, 0.1078, 0.1176, 0.1275, 0.1373, 0.1471, 0.1569, 0.1667, 0.1765, 0.1863, 0.1961, 0.2059, 0.2157, 0.2255, 0.2353, 0.2451, 0.2549, 0.2647, 0.2745, 0.2843, 0.2941, 0.3039, 0.3137, 0.3235, 0.3333, 0.3431, 0.3529, 0.3627, 0.3725, 0.3824, 0.3922, 0.402, 0.4118, 0.4216, 0.4314, 0.4412, 0.451, 0.4608, 0.4706, 0.4804, 0.4902, 0.5, 0.5098, 0.5196, 0.5294, 0.5392, 0.549, 0.5588, 0.5686, 0.5784, 0.5882],
            "transform": [
                [1.0, -1e-06, -0.0, -0.0, -0.0, -0.33824, 0.941059, 0.374726, -1e-06, -0.941061, -0.338238, -0.0, 0.0, 0.0, 0.0, 1.0],
                [1.000001, -1e-06, -0.0, -0.0, -0.0, -0.338096, 0.941111, 0.374726, -1e-06, -0.941113, -0.338094, 0.0, 0.0, 0.0, 0.0, 1.0],
                [1.0, -1e-06, -0.0, 0.0, -0.0, -0.337675, 0.941262, 0.374726, -1e-06, -0.941264, -0.337673, -0.0, 0.0, 0.0, 0.0, 1.0],
                [1.0, -1e-06, -0.0, 0.0, -0.0, -0.336992, 0.941507, 0.374726, -1e-06, -0.941509, -0.33699, -0.0, 0.0, 0.0, 0.0, 1.0],
                [1.0, -1e-06, -0.0, 0.0, -0.0, -0.336062, 0.941838, 0.374726, -1e-06, -0.941841, -0.33606, -0.0, 0.0, 0.0, 0.0, 1.0],
                [1.0, -1e-06, 0.0, -0.0, -0.0, -0.334898, 0.942253, 0.374726, -1e-06, -0.942255, -0.334896, -0.0, 0.0, 0.0, 0.0, 1.0],
                [1.000001, -1e-06, -0.0, 0.0, -0.0, -0.333511, 0.942745, 0.374726, -1e-06, -0.942747, -0.333509, -0.0, 0.0, 0.0, 0.0, 1.0],
                [1.0, -1e-06, -0.0, 0.0, -0.0, -0.331913, 0.943309, 0.374726, -1e-06, -0.943312, -0.331911, 0.0, 0.0, 0.0, 0.0, 1.0],
                [1.0, -1e-06, -0.0, 0.0, -0.0, -0.330115, 0.94394, 0.374726, -1e-06, -0.943942, -0.330113, -0.0, 0.0, 0.0, 0.0, 1.0],
                [1.0, -1e-06, -0.0, 0.0, -0.0, -0.32813, 0.944632, 0.374726, -1e-06, -0.944634, -0.328128, -0.0, 0.0, 0.0, 0.0, 1.0],
                [1.0, -1e-06, 0.0, -0.0, -0.0, -0.325971, 0.945379, 0.374726, -1e-06, -0.945381, -0.325969, -0.0, 0.0, 0.0, 0.0, 1.0],
                [1.0, -1e-06, -0.0, -0.0, -0.0, -0.323654, 0.946175, 0.374726, -1e-06, -0.946177, -0.323651, 0.0, 0.0, 0.0, 0.0, 1.0],
                [1.0, -1e-06, 0.0, 0.0, -0.0, -0.321193, 0.947013, 0.374726, -1e-06, -0.947015, -0.321191, -0.0, 0.0, 0.0, 0.0, 1.0],
                [1.0, -1e-06, -0.0, 0.0, -0.0, -0.318607, 0.947886, 0.374726, -1e-06, -0.947888, -0.318605, 0.0, 0.0, 0.0, 0.0, 1.0],
                [1.0, -1e-06, 0.0, 0.0, -0.0, -0.315916, 0.948786, 0.374726, -1e-06, -0.948788, -0.315914, 0.0, 0.0, 0.0, 0.0, 1.0],
                [1.0, -1e-06, 0.0, -0.0, -0.0, -0.313142, 0.949705, 0.374726, -1e-06, -0.949707, -0.31314, 0.0, 0.0, 0.0, 0.0, 1.0],
                [1.0, -1e-06, -0.0, 0.0, -0.0, -0.310308, 0.950635, 0.374726, -1e-06, -0.950637, -0.310306, 0.0, 0.0, 0.0, 0.0, 1.0],
                [1.0, -1e-06, 0.0, 0.0, -0.0, -0.307441, 0.951566, 0.374726, -1e-06, -0.951568, -0.307439, -0.0, 0.0, 0.0, 0.0, 1.0],
                [1.0, -1e-06, 0.0, -0.0, -0.0, -0.304569, 0.95249, 0.374726, -1e-06, -0.952492, -0.304567, 0.0, 0.0, 0.0, 0.0, 1.0],
                [1.0, -1e-06, 0.0, -0.0, -0.0, -0.301721, 0.953396, 0.374726, -1e-06, -0.953398, -0.301719, -0.0, 0.0, 0.0, 0.0, 1.0],
                [1.000001, -1e-06, 0.0, 0.0, -0.0, -0.29893, 0.954275, 0.374726, -1e-06, -0.954277, -0.298928, -0.0, 0.0, 0.0, 0.0, 1.0],
                [1.0, -1e-06, 0.0, -0.0, -0.0, -0.296229, 0.955116, 0.374726, -1e-06, -0.955118, -0.296227, 0.0, 0.0, 0.0, 0.0, 1.0],
                [1.0, -1e-06, 0.0, 0.0, -0.0, -0.293655, 0.955911, 0.374726, -1e-06, -0.955913, -0.293653, -0.0, 0.0, 0.0, 0.0, 1.0],
                [1.0, -1e-06, 0.0, 0.0, -0.0, -0.291243, 0.956648, 0.374726, -1e-06, -0.95665, -0.291241, -0.0, 0.0, 0.0, 0.0, 1.0],
                [1.0, -1e-06, 0.0, -0.0, -0.0, -0.28903, 0.957319, 0.374726, -1e-06, -0.957321, -0.289029, 0.0, 0.0, 0.0, 0.0, 1.0],
                [1.0, -1e-06, 0.0, 0.0, -0.0, -0.287056, 0.957913, 0.374726, -1e-06, -0.957915, -0.287055, -0.0, 0.0, 0.0, 0.0, 1.0],
                [1.0, -1e-06, 0.0, 0.0, -0.0, -0.285359, 0.95842, 0.374726, -1e-06, -0.958422, -0.285357, -0.0, 0.0, 0.0, 0.0, 1.0],
                [1.0, -1e-06, 0.0, -0.0, -0.0, -0.283975, 0.958831, 0.374726, -1e-06, -0.958833, -0.283973, -0.0, 0.0, 0.0, 0.0, 1.0],
                [1.0, -1e-06, 0.0, -0.0, -0.0, -0.282943, 0.959136, 0.374726, -1e-06, -0.959138, -0.282941, 0.0, 0.0, 0.0, 0.0, 1.0],
                [1.0, -1e-06, 0.0, 0.0, -0.0, -0.2823, 0.959325, 0.374726, -1e-06, -0.959327, -0.282298, 0.0, 0.0, 0.0, 0.0, 1.0],
                [1.0, -1e-06, 0.0, 0.0, -0.0, -0.282078, 0.959391, 0.374726, -1e-06, -0.959393, -0.282076, 0.0, 0.0, 0.0, 0.0, 1.0],
                [1.0, -1e-06, 0.0, 0.0, -0.0, -0.282286, 0.959329, 0.374726, -1e-06, -0.959332, -0.282284, 0.0, 0.0, 0.0, 0.0, 1.0],
                [1.0, -1e-06, 0.0, 0.0, -0.0, -0.28289, 0.959152, 0.374726, -1e-06, -0.959153, -0.282887, -0.0, 0.0, 0.0, 0.0, 1.0],
                [1.0, -1e-06, 0.0, 0.0, -0.0, -0.28386, 0.958865, 0.374726, -1e-06, -0.958867, -0.283858, -0.0, 0.0, 0.0, 0.0, 1.0],
                [1.0, -1e-06, 0.0, 0.0, -0.0, -0.285161, 0.958478, 0.374726, -1e-06, -0.958481, -0.28516, 0.0, 0.0, 0.0, 0.0, 1.0],
                [1.0, -1e-06, 0.0, 0.0, -0.0, -0.286763, 0.958001, 0.374726, -1e-06, -0.958003, -0.286761, 0.0, 0.0, 0.0, 0.0, 1.0],
                [1.0, -1e-06, 0.0, 0.0, -0.0, -0.288628, 0.95744, 0.374726, -1e-06, -0.957442, -0.288626, 0.0, 0.0, 0.0, 0.0, 1.0],
                [1.0, -1e-06, 0.0, -0.0, -0.0, -0.290724, 0.956806, 0.374726, -1e-06, -0.956808, -0.290722, 0.0, 0.0, 0.0, 0.0, 1.0],
                [1.0, -1e-06, 0.0, 0.0, -0.0, -0.293015, 0.956107, 0.374726, -1e-06, -0.956109, -0.293014, -0.0, 0.0, 0.0, 0.0, 1.0],
                [1.0, -1e-06, 0.0, 0.0, -0.0, -0.295467, 0.955352, 0.374726, -1e-06, -0.955354, -0.295465, 0.0, 0.0, 0.0, 0.0, 1.0],
                [1.0, -1e-06, 0.0, 0.0, -0.0, -0.298047, 0.954551, 0.374726, -1e-06, -0.954552, -0.298045, -0.0, 0.0, 0.0, 0.0, 1.0],
                [1.0, -1e-06, 0.0, -0.0, -0.0, -0.300722, 0.953711, 0.374726, -1e-06, -0.953713, -0.30072, 0.0, 0.0, 0.0, 0.0, 1.0],
                [1.0, -1e-06, 0.0, 0.0, -0.0, -0.303461, 0.952843, 0.374726, -1e-06, -0.952845, -0.30346, 0.0, 0.0, 0.0, 0.0, 1.0],
                [1.0, -1e-06, 0.0, -0.0, -0.0, -0.306235, 0.951955, 0.374726, -1e-06, -0.951957, -0.306233, 0.0, 0.0, 0.0, 0.0, 1.0],
                [1.0, -1e-06, 0.0, 0.0, -0.0, -0.309016, 0.951057, 0.374726, -1e-06, -0.951058, -0.309014, 0.0, 0.0, 0.0, 0.0, 1.0],
                [1.0, -1e-06, -0.0, 0.0, -0.0, -0.311777, 0.950154, 0.374726, -1e-06, -0.950157, -0.311775, 0.0, 0.0, 0.0, 0.0, 1.0],
                [1.0, -1e-06, -0.0, 0.0, -0.0, -0.314493, 0.949258, 0.374726, -1e-06, -0.949261, -0.314491, -0.0, 0.0, 0.0, 0.0, 1.0],
                [1.0, -1e-06, -0.0, -0.0, -0.0, -0.317143, 0.948377, 0.374726, -1e-06, -0.948379, -0.317141, -0.0, 0.0, 0.0, 0.0, 1.0],
                [1.000001, -1e-06, -0.0, 0.0, -0.0, -0.319706, 0.947516, 0.374726, -1e-06, -0.947518, -0.319704, 0.0, 0.0, 0.0, 0.0, 1.0],
                [1.0, -1e-06, -0.0, 0.0, -0.0, -0.322161, 0.946684, 0.374726, -1e-06, -0.946686, -0.322159, -0.0, 0.0, 0.0, 0.0, 1.0],
                [1.0, -1e-06, -0.0, 0.0, -0.0, -0.324493, 0.945887, 0.374726, -1e-06, -0.945889, -0.324491, -0.0, 0.0, 0.0, 0.0, 1.0],
                [1.0, -1e-06, -0.0, -0.0, -0.0, -0.326685, 0.945132, 0.374726, -1e-06, -0.945134, -0.326683, -0.0, 0.0, 0.0, 0.0, 1.0],
                [1.0, -1e-06, 0.0, 0.0, -0.0, -0.328725, 0.944425, 0.374726, -1e-06, -0.944427, -0.328723, -0.0, 0.0, 0.0, 0.0, 1.0],
                [1.0, -1e-06, -0.0, -0.0, -0.0, -0.330597, 0.943771, 0.374726, -1e-06, -0.943773, -0.330595, 0.0, 0.0, 0.0, 0.0, 1.0],
                [1.0, -1e-06, -0.0, 0.0, -0.0, -0.332292, 0.943176, 0.374726, -1e-06, -0.943178, -0.33229, 0.0, 0.0, 0.0, 0.0, 1.0],
                [1.0, -1e-06, -0.0, -0.0, -0.0, -0.333797, 0.942645, 0.374726, -1e-06, -0.942647, -0.333794, -0.0, 0.0, 0.0, 0.0, 1.0],
                [1.0, -1e-06, 0.0, 0.0, -0.0, -0.335102, 0.942181, 0.374726, -1e-06, -0.942183, -0.3351, -0.0, 0.0, 0.0, 0.0, 1.0],
                [1.0, -1e-06, -0.0, 0.0, -0.0, -0.336196, 0.941791, 0.374726, -1e-06, -0.941793, -0.336194, -0.0, 0.0, 0.0, 0.0, 1.0],
                [1.0, -1e-06, -0.0, 0.0, -0.0, -0.33707, 0.941479, 0.374726, -1e-06, -0.941481, -0.337068, -0.0, 0.0, 0.0, 0.0, 1.0],
                [1.0, -1e-06, -0.0, 0.0, -0.0, -0.33771, 0.941249, 0.374726, -1e-06, -0.941252, -0.337708, 0.0, 0.0, 0.0, 0.0, 1.0],
                [1.0, -1e-06, -0.0, 0.0, -0.0, -0.338105, 0.941108, 0.374726, -1e-06, -0.94111, -0.338103, 0.0, 0.0, 0.0, 0.0, 1.0]
            ]
        },
        {
            "name": "Knee_R",
            "time": [0.0, 0.5882],
            "transform": [
                [1.0, 0.0, -0.0, 0.0, -0.0, 0.00567, -0.999984, 0.484724, -0.0, 0.999984, 0.00567, -0.000624, 0.0, 0.0, 0.0, 1.0],
                [1.0, 0.0, -0.0, 0.0, -0.0, 0.00567, -0.999984, 0.484724, -0.0, 0.999984, 0.00567, -0.000624, 0.0, 0.0, 0.0, 1.0]
            ]
        },
        {
            "name": "Thigh_L",
            "time": [0.0, 0.0098, 0.0196, 0.0294, 0.0392, 0.049, 0.0588, 0.0686, 0.0784, 0.0882, 0.098, 0.1078, 0.1176, 0.1275, 0.1373, 0.1471, 0.1569, 0.1667, 0.1765, 0.1863, 0.1961, 0.2059, 0.2157, 0.2255, 0.2353, 0.2451, 0.2549, 0.2647, 0.2745, 0.2843, 0.2941, 0.3039, 0.3137, 0.3235, 0.3333, 0.3431, 0.3529, 0.3627, 0.3725, 0.3824, 0.3922, 0.402, 0.4118, 0.4216, 0.4314, 0.4412, 0.451, 0.4608, 0.4706, 0.4804, 0.4902, 0.5, 0.5098, 0.5196, 0.5294, 0.5392, 0.549, 0.5588, 0.5686, 0.5784, 0.5882],
            "transform": [
                [0.995198, 0.067345, -0.071033, -0.125006, 0.048032, -0.968312, -0.245082, -0.002831, -0.085287, 0.240493, -0.966897, -1.2e-05, 0.0, 0.0, 0.0, 1.0],
                [0.995197, 0.067346, -0.07104, -0.125006, 0.048058, -0.968385, -0.244787, -0.002831, -0.085279, 0.240197, -0.966971, -1.2e-05, 0.0, 0.0, 0.0, 1.0],
                [0.995196, 0.067349, -0.071057, -0.125006, 0.048132, -0.968596, -0.243937, -0.002831, -0.085254, 0.239345, -0.967185, -1.2e-05, 0.0, 0.0, 0.0, 1.0],
                [0.995193, 0.067356, -0.071085, -0.125006, 0.048251, -0.968931, -0.242578, -0.002831, -0.085215, 0.237982, -0.967525, -1.2e-05, 0.0, 0.0, 0.0, 1.0],
                [0.99519, 0.067365, -0.071122, -0.125006, 0.048411, -0.969375, -0.240765, -0.002831, -0.085163, 0.236164, -0.967974, -1.2e-05, 0.0, 0.0, 0.0, 1.0],
                [0.995186, 0.067378, -0.071166, -0.125006, 0.048608, -0.969912, -0.238554, -0.002831, -0.085098, 0.233946, -0.968518, -1.2e-05, 0.0, 0.0, 0.0, 1.0],
                [0.995181, 0.067396, -0.071218, -0.125006, 0.048837, -0.970523, -0.236008, -0.002831, -0.085024, 0.231392, -0.969138, -1.2e-05, 0.0, 0.0, 0.0, 1.0],
                [0.995175, 0.067419, -0.071274, -0.125006, 0.049094, -0.971193, -0.233181, -0.002831, -0.084942, 0.228557, -0.969818, -1.2e-05, 0.0, 0.0, 0.0, 1.0],
                [0.995169, 0.067448, -0.071334, -0.125006, 0.049375, -0.971904, -0.23014, -0.002831, -0.084852, 0.225506, -0.97054, -1.2e-05, 0.0, 0.0, 0.0, 1.0],
                [0.995162, 0.067484, -0.071395, -0.125006, 0.049676, -0.97264, -0.226943, -0.002831, -0.084757, 0.222298, -0.971288, -1.2e-05, 0.0, 0.0, 0.0, 1.0],
                [0.995155, 0.067528, -0.071457, -0.125006, 0.049992, -0.973387, -0.223647, -0.002831, -0.084658, 0.218991, -0.972048, -1.2e-05, 0.0, 0.0, 0.0, 1.0],
                [0.995147, 0.067581, -0.071518, -0.125006, 0.050321, -0.974131, -0.220311, -0.002831, -0.084557, 0.215643, -0.972805, -1.2e-05, 0.0, 0.0, 0.0, 1.0],
                [0.995139, 0.067643, -0.071576, -0.125006, 0.050658, -0.974859, -0.216988, -0.002831, -0.084454, 0.212307, -0.973547, -1.2e-05, 0.0, 0.0, 0.0, 1.0],
                [0.99513, 0.067716, -0.071629, -0.125006, 0.051, -0.975561, -0.21373, -0.002831, -0.084351, 0.209035, -0.974263, -1.2e-05, 0.0, 0.0, 0.0, 1.0],
                [0.995121, 0.067798, -0.071677, -0.125006, 0.051343, -0.976228, -0.210577, -0.002831, -0.084249, 0.205869, -0.974946, -1.2e-05, 0.0, 0.0, 0.0, 1.0],
                [0.995112, 0.067891, -0.071717, -0.125006, 0.051685, -0.976852, -0.207576, -0.002831, -0.084149, 0.202854, -0.975587, -1.2e-05, 0.0, 0.0, 0.0, 1.0],
                [0.995102, 0.067994, -0.071749, -0.125006, 0.052023, -0.977428, -0.204762, -0.002831, -0.084052, 0.200027, -0.976179, -1.2e-05, 0.0, 0.0, 0.0, 1.0],
                [0.995093, 0.068107, -0.071772, -0.125006, 0.052352, -0.977951, -0.202164, -0.002831, -0.083958, 0.197414, -0.976718, -1.2e-05, 0.0, 0.0, 0.0, 1.0],
                [0.995083, 0.068229, -0.071785, -0.125006, 0.052672, -0.978419, -0.199805, -0.002831, -0.083868, 0.195042, -0.977203, -1.2e-05, 0.0, 0.0, 0.0, 1.0],
                [0.995074, 0.068358, -0.071789, -0.125006, 0.052979, -0.978829, -0.197703, -0.002831, -0.083784, 0.192925, -0.97763, -1.2e-05, 0.0, 0.0, 0.0, 1.0],
                [0.995065, 0.068494, -0.071782, -0.125006, 0.053272, -0.979182, -0.195869, -0.002831, -0.083704, 0.191078, -0.978, -1.2e-05, 0.0, 0.0, 0.0, 1.0],
                [0.995057, 0.068635, -0.071767, -0.125006, 0.053546, -0.979479, -0.194303, -0.002831, -0.08363, 0.189499, -0.978313, -1.2e-05, 0.0, 0.0, 0.0, 1.0],
                [0.995049, 0.068776, -0.071744, -0.125006, 0.053801, -0.979722, -0.193, -0.002831, -0.083563, 0.188185, -0.978573, -1.2e-05, 0.0, 0.0, 0.0, 1.0],
                [0.995041, 0.068916, -0.071714, -0.125006, 0.054035, -0.979917, -0.191947, -0.002831, -0.083501, 0.18712, -0.978782, -1.2e-05, 0.0, 0.0, 0.0, 1.0],
                [0.995034, 0.069051, -0.071679, -0.125006, 0.054244, -0.980066, -0.191125, -0.002831, -0.083447, 0.186288, -0.978945, -1.2e-05, 0.0, 0.0, 0.0, 1.0],
                [0.995028, 0.069176, -0.071642, -0.125006, 0.054427, -0.980176, -0.190506, -0.002831, -0.0834, 0.18566, -0.979069, -1.2e-05, 0.0, 0.0, 0.0, 1.0],
                [0.995023, 0.069288, -0.071606, -0.125006, 0.054582, -0.980253, -0.190064, -0.002831, -0.083361, 0.185209, -0.979157, -1.2e-05, 0.0, 0.0, 0.0, 1.0],
                [0.995019, 0.069383, -0.071573, -0.125006, 0.054707, -0.980304, -0.189763, -0.002831, -0.08333, 0.184902, -0.979218, -1.2e-05, 0.0, 0.0, 0.0, 1.0],
                [0.995016, 0.069455, -0.071547, -0.125006, 0.054798, -0.980336, -0.189575, -0.002831, -0.083307, 0.18471, -0.979256, -1.2e-05, 0.0, 0.0, 0.0, 1.0],
                [0.995014, 0.0695, -0.07153, -0.125006, 0.054855, -0.980352, -0.189472, -0.002831, -0.083293, 0.184603, -0.979277, -1.2e-05, 0.0, 0.0, 0.0, 1.0],
                [0.995013, 0.069516, -0.071524, -0.125006, 0.054875, -0.980358, -0.189438, -0.002831, -0.083288, 0.184569, -0.979284, -1.2e-05, 0.0, 0.0, 0.0, 1.0],
                [0.995014, 0.069501, -0.071529, -0.125006, 0.054857, -0.980353, -0.189468, -0.002831, -0.083292, 0.184599, -0.979278, -1.2e-05, 0.0, 0.0, 0.0, 1.0],
                [0.995016, 0.069458, -0.071546, -0.125006, 0.054803, -0.980337, -0.189565, -0.002831, -0.083306, 0.184699, -0.979259, -1.2e-05, 0.0, 0.0, 0.0, 1.0],
                [0.995019, 0.06939, -0.07157, -0.125006, 0.054717, -0.980309, -0.189739, -0.002831, -0.083327, 0.184877, -0.979223, -1.2e-05, 0.0, 0.0, 0.0, 1.0],
                [0.995023, 0.069302, -0.071601, -0.125006, 0.0546, -0.980261, -0.190017, -0.002831, -0.083357, 0.185162, -0.979167, -1.2e-05, 0.0, 0.0, 0.0, 1.0],
                [0.995028, 0.069195, -0.071636, -0.125006, 0.054454, -0.980191, -0.190424, -0.002831, -0.083394, 0.185576, -0.979085, -1.2e-05, 0.0, 0.0, 0.0, 1.0],
                [0.995033, 0.069076, -0.071672, -0.125006, 0.054282, -0.98009, -0.190991, -0.002831, -0.083438, 0.186152, -0.978972, -1.2e-05, 0.0, 0.0, 0.0, 1.0],
                [0.99504, 0.068947, -0.071706, -0.125006, 0.054084, -0.979954, -0.191742, -0.002831, -0.083489, 0.186912, -0.978823, -1.2e-05, 0.0, 0.0, 0.0, 1.0],
                [0.995047, 0.068812, -0.071736, -0.125006, 0.053864, -0.979777, -0.192704, -0.002831, -0.083546, 0.187886, -0.978631, -1.2e-05, 0.0, 0.0, 0.0, 1.0],
                [0.995055, 0.068676, -0.071761, -0.125006, 0.053622, -0.979555, -0.193898, -0.002831, -0.08361, 0.189091, -0.978394, -1.2e-05, 0.0, 0.0, 0.0, 1.0],
                [0.995063, 0.068539, -0.071778, -0.125006, 0.053362, -0.979284, -0.195334, -0.002831, -0.08368, 0.19054, -0.978107, -1.2e-05, 0.0, 0.0, 0.0, 1.0],
                [0.995071, 0.068406, -0.071788, -0.125006, 0.053085, -0.978961, -0.197022, -0.002831, -0.083755, 0.19224, -0.977767, -1.2e-05, 0.0, 0.0, 0.0, 1.0],
                [0.99508, 0.068278, -0.071788, -0.125006, 0.052793, -0.978585, -0.19896, -0.002831, -0.083835, 0.194191, -0.977375, -1.2e-05, 0.0, 0.0, 0.0, 1.0],
                [0.995089, 0.068157, -0.071779, -0.125006, 0.052488, -0.978154, -0.201144, -0.002831, -0.08392, 0.196389, -0.976929, -1.2e-05, 0.0, 0.0, 0.0, 1.0],
                [0.995098, 0.068044, -0.07176, -0.125006, 0.052173, -0.977671, -0.203561, -0.002831, -0.084009, 0.198819, -0.976429, -1.2e-05, 0.0, 0.0, 0.0, 1.0],
                [0.995107, 0.067939, -0.071734, -0.125006, 0.051849, -0.977137, -0.206188, -0.002831, -0.084102, 0.20146, -0.97588, -1.2e-05, 0.0, 0.0, 0.0, 1.0],
                [0.995116, 0.067845, -0.071698, -0.125006, 0.05152, -0.976556, -0.209008, -0.002831, -0.084197, 0.204293, -0.975282, -1.2e-05, 0.0, 0.0, 0.0, 1.0],
                [0.995125, 0.067759, -0.071656, -0.125006, 0.051188, -0.975932, -0.211983, -0.002831, -0.084295, 0.207282, -0.974643, -1.2e-05, 0.0, 0.0, 0.0, 1.0],
                [0.995134, 0.067684, -0.071607, -0.125006, 0.050856, -0.97527, -0.215084, -0.002831, -0.084394, 0.210395, -0.973967, -1.2e-05, 0.0, 0.0, 0.0, 1.0],
                [0.995142, 0.067618, -0.071554, -0.125006, 0.050527, -0.97458, -0.21827, -0.002831, -0.084494, 0.213594, -0.973262, -1.2e-05, 0.0, 0.0, 0.0, 1.0],
                [0.99515, 0.067561, -0.071497, -0.125006, 0.050203, -0.973868, -0.221496, -0.002831, -0.084593, 0.216832, -0.972537, -1.2e-05, 0.0, 0.0, 0.0, 1.0],
                [0.995157, 0.067513, -0.071437, -0.125006, 0.049889, -0.973146, -0.224718, -0.002831, -0.084691, 0.220066, -0.971802, -1.2e-05, 0.0, 0.0, 0.0, 1.0],
                [0.995164, 0.067473, -0.071377, -0.125006, 0.049586, -0.972425, -0.227884, -0.002831, -0.084785, 0.223242, -0.971069, -1.2e-05, 0.0, 0.0, 0.0, 1.0],
                [0.995171, 0.06744, -0.071318, -0.125006, 0.0493, -0.971717, -0.230943, -0.002831, -0.084876, 0.226312, -0.97035, -1.2e-05, 0.0, 0.0, 0.0, 1.0],
                [0.995177, 0.067413, -0.071261, -0.125006, 0.049034, -0.971038, -0.233841, -0.002831, -0.084961, 0.229219, -0.96966, -1.2e-05, 0.0, 0.0, 0.0, 1.0],
                [0.995182, 0.067392, -0.071207, -0.125006, 0.04879, -0.9704, -0.236524, -0.002831, -0.085039, 0.23191, -0.969013, -1.2e-05, 0.0, 0.0, 0.0, 1.0],
                [0.995187, 0.067376, -0.071159, -0.125006, 0.048574, -0.96982, -0.238935, -0.002831, -0.08511, 0.234329, -0.968425, -1.2e-05, 0.0, 0.0, 0.0, 1.0],
                [0.995191, 0.067364, -0.071116, -0.125006, 0.048389, -0.969312, -0.241022, -0.002831, -0.08517, 0.236421, -0.967911, -1.2e-05, 0.0, 0.0, 0.0, 1.0],
                [0.995194, 0.067355, -0.071082, -0.125006, 0.048238, -0.968894, -0.24273, -0.002831, -0.08522, 0.238135, -0.967486, -1.2e-05, 0.0, 0.0, 0.0, 1.0],
                [0.995196, 0.067349, -0.071056, -0.125006, 0.048126, -0.968578, -0.244007, -0.002831, -0.085256, 0.239415, -0.967167, -1.2e-05, 0.0, 0.0, 0.0, 1.0],
                [0.995197, 0.067346, -0.071039, -0.125006, 0.048056, -0.96838, -0.244807, -0.002831, -0.08528, 0.240216, -0.966966, -1.2e-05, 0.0, 0.0, 0.0, 1.0]
            ]
        },
        {
            "name": "Leg_L",
            "time": [0.0, 0.0098, 0.0196, 0.0294, 0.0392, 0.049, 0.0588, 0.0686, 0.0784, 0.0882, 0.098, 0.1078, 0.1176, 0.1275, 0.1373, 0.1471, 0.1569, 0.1667, 0.1765, 0.1863, 0.1961, 0.2059, 0.2157, 0.2255, 0.2353, 0.2451, 0.2549, 0.2647, 0.2745, 0.2843, 0.2941, 0.3039, 0.3137, 0.3235, 0.3333, 0.3431, 0.3529, 0.3627, 0.3725, 0.3824, 0.3922, 0.402, 0.4118, 0.4216, 0.4314, 0.4412, 0.451, 0.4608, 0.4706, 0.4804, 0.4902, 0.5, 0.5098, 0.5196, 0.5294, 0.5392, 0.549, 0.5588, 0.5686, 0.5784, 0.5882],
            "transform": [
                [1.0, -0.0, 1e-06, 0.0, -0.0, 0.88546, 0.464715, 0.374726, -1e-06, -0.464716, 0.885459, -0.0, 0.0, 0.0, 0.0, 1.0],
                [1.0, -0.0, 1e-06, -0.0, -0.0, 0.885533, 0.464577, 0.374726, -1e-06, -0.464577, 0.885532, 0.0, 0.0, 0.0, 0.0, 1.0],
                [1.0, -0.0, 1e-06, 0.0, -0.0, 0.885752, 0.464158, 0.374726, -1e-06, -0.464159, 0.885751, -0.0, 0.0, 0.0, 0.0, 1.0],
