{
    "animation": [
        {
            "name": "Root",
            "time": [0.0, 0.0167, 0.0333, 0.05, 0.0667, 0.0833, 0.1, 0.1167, 0.1333, 0.15, 0.1667, 0.1833, 0.2, 0.2167, 0.2333, 0.25, 0.2667, 0.2833, 0.3, 0.3167, 0.3333, 0.35, 0.3667, 0.3833, 0.4, 0.4167, 0.4333, 0.45, 0.4667, 0.4833, 0.5, 0.5167, 0.5333, 0.55, 0.5667, 0.5833, 0.6, 0.6167, 0.6333, 0.65, 0.6667, 0.6833, 0.7, 0.7167, 0.7333, 0.75, 0.7667, 0.7833, 0.8, 0.8167, 0.8333, 0.85, 0.8667, 0.8833, 0.9, 0.9167, 0.9333, 0.95, 0.9667, 0.9833, 1.0, 1.0167, 1.0333, 1.05, 1.0667, 1.0833, 1.1, 1.1167, 1.1333, 1.15, 1.1667, 1.1833, 1.2, 1.2167, 1.2333, 1.25, 1.2667, 1.2833, 1.3, 1.3167, 1.3333, 1.35, 1.3667, 1.3833, 1.4, 1.4167, 1.4333, 1.45, 1.4667, 1.4833, 1.5, 1.5167, 1.5333, 1.55, 1.5667, 1.5833, 1.6, 1.6167, 1.6333, 1.65, 1.6667],
            "transform": [
                [1.0, 0.0, 0.0, -5e-06, 0.0, 0.99733, -0.073024, -0.081316, 0.0, 0.073024, 0.99733, 0.178846, 0.0, 0.0, 0.0, 1.0],
                [1.0, 0.000162, 0.000272, -5e-06, -0.000142, 0.99733, -0.07303, -0.081316, -0.000283, 0.07303, 0.99733, 0.178612, 0.0, 0.0, 0.0, 1.0],
                [0.999999, 0.000635, 0.001064, -5e-06, -0.000555, 0.997328, -0.073049, -0.081316, -0.001108, 0.073048, 0.997328, 0.177933, 0.0, 0.0, 0.0, 1.0],
                [0.999996, 0.001395, 0.002339, -5e-06, -0.00122, 0.997326, -0.073079, -0.081316, -0.002434, 0.073076, 0.997324, 0.176839, 0.0, 0.0, 0.0, 1.0],
                [0.999989, 0.002421, 0.004058, -5e-06, -0.002118, 0.997321, -0.07312, -0.081316, -0.004225, 0.073111, 0.997315, 0.175363, 0.0, 0.0, 0.0, 1.0],
                [0.999974, 0.003691, 0.006187, -5e-06, -0.003229, 0.997314, -0.073174, -0.081316, -0.00644, 0.073153, 0.9973, 0.173537, 0.0, 0.0, 0.0, 1.0],
                [0.999949, 0.005183, 0.008686, -5e-06, -0.004533, 0.997304, -0.073241, -0.081316, -0.009042, 0.073198, 0.997277, 0.171392, 0.0, 0.0, 0.0, 1.0],
                [0.99991, 0.006874, 0.01152, -5e-06, -0.006011, 0.997291, -0.07332, -0.081316, -0.011993, 0.073244, 0.997242, 0.16896, 0.0, 0.0, 0.0, 1.0],
                [0.999854, 0.008742, 0.01465, -5e-06, -0.007644, 0.997272, -0.073412, -0.081316, -0.015252, 0.073289, 0.997194, 0.166274, 0.0, 0.0, 0.0, 1.0],
                [0.999779, 0.010766, 0.01804, -5e-06, -0.009413, 0.997249, -0.073518, -0.081316, -0.018782, 0.073332, 0.997131, 0.163365, 0.0, 0.0, 0.0, 1.0],
                [0.999682, 0.012924, 0.021653, -5e-06, -0.011297, 0.997221, -0.073637, -0.081316, -0.022545, 0.073369, 0.99705, 0.160264, 0.0, 0.0, 0.0, 1.0],
                [0.999561, 0.015192, 0.025451, -5e-06, -0.013277, 0.997187, -0.07377, -0.081316, -0.0265, 0.0734, 0.996951, 0.157005, 0.0, 0.0, 0.0, 1.0],
                [0.999414, 0.017549, 0.029396, -5e-06, -0.015335, 0.997147, -0.073916, -0.081316, -0.03061, 0.073422, 0.996831, 0.153618, 0.0, 0.0, 0.0, 1.0],
                [0.999241, 0.019972, 0.033453, -5e-06, -0.01745, 0.9971, -0.074074, -0.081316, -0.034835, 0.073434, 0.996692, 0.150135, 0.0, 0.0, 0.0, 1.0],
                [0.999042, 0.02244, 0.037582, -5e-06, -0.019602, 0.997047, -0.074245, -0.081316, -0.039137, 0.073437, 0.996532, 0.146589, 0.0, 0.0, 0.0, 1.0],
                [0.998817, 0.02493, 0.041748, -5e-06, -0.021774, 0.996989, -0.074425, -0.081316, -0.043477, 0.073428, 0.996352, 0.14301, 0.0, 0.0, 0.0, 1.0],
                [0.998569, 0.02742, 0.045912, -5e-06, -0.023944, 0.996925, -0.074615, -0.081316, -0.047817, 0.073409, 0.996155, 0.139432, 0.0, 0.0, 0.0, 1.0],
                [0.9983, 0.029887, 0.050038, -5e-06, -0.026094, 0.996856, -0.074812, -0.081316, -0.052116, 0.07338, 0.995942, 0.135886, 0.0, 0.0, 0.0, 1.0],
                [0.998013, 0.03231, 0.054088, -5e-06, -0.028204, 0.996783, -0.075015, -0.081316, -0.056338, 0.07334, 0.995714, 0.132403, 0.0, 0.0, 0.0, 1.0],
                [0.997713, 0.034665, 0.058026, -5e-06, -0.030256, 0.996708, -0.075219, -0.081316, -0.060442, 0.073292, 0.995477, 0.129016, 0.0, 0.0, 0.0, 1.0],
                [0.997404, 0.036932, 0.061814, -5e-06, -0.032229, 0.996631, -0.075424, -0.081316, -0.064391, 0.073236, 0.995234, 0.125757, 0.0, 0.0, 0.0, 1.0],
                [0.997092, 0.039087, 0.065415, -5e-06, -0.034105, 0.996553, -0.075626, -0.081316, -0.068146, 0.073175, 0.994988, 0.122656, 0.0, 0.0, 0.0, 1.0],
                [0.996783, 0.041109, 0.068793, -5e-06, -0.035864, 0.996476, -0.075822, -0.081316, -0.071668, 0.073111, 0.994745, 0.119747, 0.0, 0.0, 0.0, 1.0],
                [0.996485, 0.042976, 0.071911, -5e-06, -0.037487, 0.996402, -0.076007, -0.081316, -0.074919, 0.073044, 0.994511, 0.117061, 0.0, 0.0, 0.0, 1.0],
                [0.996203, 0.044665, 0.074732, -5e-06, -0.038956, 0.996333, -0.07618, -0.081316, -0.077861, 0.072979, 0.99429, 0.114629, 0.0, 0.0, 0.0, 1.0],
                [0.995945, 0.046155, 0.07722, -5e-06, -0.040251, 0.996269, -0.076335, -0.081316, -0.080455, 0.072917, 0.994087, 0.112484, 0.0, 0.0, 0.0, 1.0],
                [0.995719, 0.047423, 0.079337, -5e-06, -0.041354, 0.996214, -0.07647, -0.081316, -0.082663, 0.072862, 0.993911, 0.110658, 0.0, 0.0, 0.0, 1.0],
                [0.995532, 0.048448, 0.081048, -5e-06, -0.042244, 0.996168, -0.076581, -0.081316, -0.084447, 0.072815, 0.993764, 0.109182, 0.0, 0.0, 0.0, 1.0],
                [0.995391, 0.049207, 0.082315, -5e-06, -0.042904, 0.996134, -0.076664, -0.081316, -0.085769, 0.072779, 0.993653, 0.108089, 0.0, 0.0, 0.0, 1.0],
                [0.995302, 0.049679, 0.083102, -5e-06, -0.043314, 0.996112, -0.076716, -0.081316, -0.08659, 0.072756, 0.993584, 0.107409, 0.0, 0.0, 0.0, 1.0],
                [0.995271, 0.049841, 0.083373, -5e-06, -0.043454, 0.996104, -0.076734, -0.081316, -0.086873, 0.072748, 0.99356, 0.107175, 0.0, 0.0, 0.0, 1.0],
                [0.995306, 0.049657, 0.083066, -5e-06, -0.043295, 0.996113, -0.076707, -0.081316, -0.086553, 0.07275, 0.993588, 0.107747, 0.0, 0.0, 0.0, 1.0],
                [0.995407, 0.049118, 0.082168, -5e-06, -0.042829, 0.99614, -0.076629, -0.081316, -0.085614, 0.072758, 0.993668, 0.109381, 0.0, 0.0, 0.0, 1.0],
                [0.99557, 0.048243, 0.080708, -5e-06, -0.04207, 0.996181, -0.076505, -0.081316, -0.084091, 0.07277, 0.993797, 0.111962, 0.0, 0.0, 0.0, 1.0],
                [0.995786, 0.04705, 0.078718, -5e-06, -0.041037, 0.996237, -0.07634, -0.081316, -0.082014, 0.072788, 0.99397, 0.115369, 0.0, 0.0, 0.0, 1.0],
                [0.996049, 0.045558, 0.076229, -5e-06, -0.039743, 0.996305, -0.07614, -0.081316, -0.079416, 0.072809, 0.994179, 0.119486, 0.0, 0.0, 0.0, 1.0],
                [0.99635, 0.043786, 0.073271, -5e-06, -0.038205, 0.996382, -0.075911, -0.081316, -0.07633, 0.072835, 0.994419, 0.124194, 0.0, 0.0, 0.0, 1.0],
                [0.996682, 0.041752, 0.069875, -5e-06, -0.036439, 0.996468, -0.075659, -0.081316, -0.072787, 0.072862, 0.994683, 0.129374, 0.0, 0.0, 0.0, 1.0],
                [0.997034, 0.039475, 0.066072, -5e-06, -0.034461, 0.996558, -0.075391, -0.081316, -0.068821, 0.072891, 0.994963, 0.134909, 0.0, 0.0, 0.0, 1.0],
                [0.997398, 0.036974, 0.061893, -5e-06, -0.032286, 0.996653, -0.075112, -0.081316, -0.064463, 0.072919, 0.995253, 0.14068, 0.0, 0.0, 0.0, 1.0],
                [0.997765, 0.034268, 0.057369, -5e-06, -0.02993, 0.996747, -0.07483, -0.081316, -0.059746, 0.072946, 0.995545, 0.146569, 0.0, 0.0, 0.0, 1.0],
                [0.998126, 0.031374, 0.05253, -5e-06, -0.02741, 0.996841, -0.07455, -0.081316, -0.054703, 0.07297, 0.995833, 0.152459, 0.0, 0.0, 0.0, 1.0],
                [0.998474, 0.028312, 0.047408, -5e-06, -0.024742, 0.996931, -0.074278, -0.081316, -0.049365, 0.072991, 0.99611, 0.15823, 0.0, 0.0, 0.0, 1.0],
                [0.998801, 0.0251, 0.042034, -5e-06, -0.021941, 0.997016, -0.074019, -0.081316, -0.043767, 0.073008, 0.996371, 0.163765, 0.0, 0.0, 0.0, 1.0],
                [0.999099, 0.021758, 0.03644, -5e-06, -0.019023, 0.997093, -0.07378, -0.081316, -0.037939, 0.07302, 0.996609, 0.168945, 0.0, 0.0, 0.0, 1.0],
                [0.999362, 0.018303, 0.030656, -5e-06, -0.016006, 0.997162, -0.073565, -0.081316, -0.031915, 0.073028, 0.996819, 0.173653, 0.0, 0.0, 0.0, 1.0],
                [0.999586, 0.014755, 0.024714, -5e-06, -0.012906, 0.997221, -0.073381, -0.081316, -0.025728, 0.073031, 0.996998, 0.177769, 0.0, 0.0, 0.0, 1.0],
                [0.999764, 0.011132, 0.018646, -5e-06, -0.009739, 0.997268, -0.07323, -0.081316, -0.01941, 0.073031, 0.997141, 0.181177, 0.0, 0.0, 0.0, 1.0],
                [0.999894, 0.007453, 0.012483, -5e-06, -0.006521, 0.997302, -0.073118, -0.081316, -0.012994, 0.073028, 0.997245, 0.183757, 0.0, 0.0, 0.0, 1.0],
                [0.999973, 0.003736, 0.006257, -5e-06, -0.003269, 0.997323, -0.073048, -0.081316, -0.006513, 0.073026, 0.997309, 0.185392, 0.0, 0.0, 0.0, 1.0],
                [1.0, -0.0, 0.0, -5e-06, 0.0, 0.99733, -0.073024, -0.081316, -0.0, 0.073024, 0.99733, 0.185963, 0.0, 0.0, 0.0, 1.0],
                [0.999973, -0.003737, -0.006257, -5e-06, 0.00327, 0.997323, -0.073048, -0.081316, 0.006513, 0.073026, 0.997309, 0.185431, 0.0, 0.0, 0.0, 1.0],
                [0.999894, -0.007455, -0.012482, -5e-06, 0.006523, 0.997302, -0.073118, -0.081316, 0.012993, 0.073029, 0.997245, 0.183907, 0.0, 0.0, 0.0, 1.0],
                [0.999764, -0.011137, -0.018643, -5e-06, 0.009743, 0.997267, -0.07323, -0.081316, 0.019408, 0.073031, 0.997141, 0.181503, 0.0, 0.0, 0.0, 1.0],
                [0.999586, -0.014763, -0.024709, -5e-06, 0.012914, 0.99722, -0.073381, -0.081316, 0.025724, 0.073031, 0.996998, 0.178327, 0.0, 0.0, 0.0, 1.0],
                [0.999362, -0.018315, -0.030649, -5e-06, 0.016019, 0.997162, -0.073566, -0.081316, 0.031909, 0.073028, 0.996819, 0.17449, 0.0, 0.0, 0.0, 1.0],
                [0.999099, -0.021774, -0.03643, -5e-06, 0.01904, 0.997093, -0.07378, -0.081316, 0.037931, 0.07302, 0.996609, 0.170103, 0.0, 0.0, 0.0, 1.0],
                [0.998801, -0.025122, -0.042022, -5e-06, 0.021962, 0.997015, -0.074019, -0.081316, 0.043756, 0.073007, 0.996371, 0.165276, 0.0, 0.0, 0.0, 1.0],
                [0.998474, -0.028338, -0.047393, -5e-06, 0.024769, 0.99693, -0.074278, -0.081316, 0.049352, 0.07299, 0.996111, 0.160117, 0.0, 0.0, 0.0, 1.0],
                [0.998126, -0.031406, -0.052511, -5e-06, 0.027443, 0.99684, -0.07455, -0.081316, 0.054687, 0.072969, 0.995834, 0.154739, 0.0, 0.0, 0.0, 1.0],
                [0.997765, -0.034305, -0.057347, -5e-06, 0.029969, 0.996746, -0.07483, -0.081316, 0.059727, 0.072945, 0.995546, 0.14925, 0.0, 0.0, 0.0, 1.0],
                [0.997398, -0.037017, -0.061868, -5e-06, 0.03233, 0.996651, -0.075113, -0.081316, 0.064441, 0.072918, 0.995254, 0.143762, 0.0, 0.0, 0.0, 1.0],
                [0.997034, -0.039524, -0.066044, -5e-06, 0.034511, 0.996557, -0.075392, -0.081316, 0.068796, 0.072889, 0.994965, 0.138383, 0.0, 0.0, 0.0, 1.0],
                [0.996682, -0.041806, -0.069844, -5e-06, 0.036495, 0.996466, -0.07566, -0.081316, 0.07276, 0.07286, 0.994685, 0.133225, 0.0, 0.0, 0.0, 1.0],
                [0.99635, -0.043844, -0.073237, -5e-06, 0.038266, 0.99638, -0.075912, -0.081316, 0.0763, 0.072832, 0.994422, 0.128397, 0.0, 0.0, 0.0, 1.0],
                [0.996049, -0.045621, -0.076192, -5e-06, 0.039808, 0.996302, -0.076141, -0.081316, 0.079384, 0.072807, 0.994182, 0.12401, 0.0, 0.0, 0.0, 1.0],
                [0.995786, -0.047117, -0.078679, -5e-06, 0.041106, 0.996234, -0.076341, -0.081316, 0.08198, 0.072785, 0.993973, 0.120174, 0.0, 0.0, 0.0, 1.0],
                [0.995569, -0.048313, -0.080667, -5e-06, 0.042143, 0.996178, -0.076506, -0.081316, 0.084055, 0.072767, 0.993801, 0.116998, 0.0, 0.0, 0.0, 1.0],
                [0.995407, -0.04919, -0.082125, -5e-06, 0.042904, 0.996136, -0.07663, -0.081316, 0.085577, 0.072755, 0.993672, 0.114593, 0.0, 0.0, 0.0, 1.0],
                [0.995306, -0.049731, -0.083023, -5e-06, 0.043372, 0.99611, -0.076708, -0.081316, 0.086515, 0.072747, 0.993591, 0.11307, 0.0, 0.0, 0.0, 1.0],
                [0.995271, -0.049915, -0.083329, -5e-06, 0.043532, 0.996101, -0.076735, -0.081316, 0.086834, 0.072745, 0.993563, 0.112537, 0.0, 0.0, 0.0, 1.0],
                [0.9953, -0.049763, -0.083076, -5e-06, 0.0434, 0.996108, -0.076719, -0.081316, 0.08657, 0.072752, 0.993586, 0.11274, 0.0, 0.0, 0.0, 1.0],
                [0.995383, -0.04932, -0.082337, -5e-06, 0.043015, 0.996128, -0.076669, -0.081316, 0.0858, 0.072774, 0.993651, 0.11333, 0.0, 0.0, 0.0, 1.0],
                [0.995516, -0.048606, -0.081148, -5e-06, 0.042394, 0.996161, -0.076592, -0.081316, 0.084559, 0.072808, 0.993755, 0.11428, 0.0, 0.0, 0.0, 1.0],
                [0.995693, -0.047641, -0.07954, -5e-06, 0.041555, 0.996204, -0.076487, -0.081316, 0.082882, 0.072853, 0.993893, 0.115564, 0.0, 0.0, 0.0, 1.0],
                [0.995906, -0.046444, -0.077546, -5e-06, 0.040515, 0.996257, -0.076359, -0.081316, 0.080803, 0.072905, 0.99406, 0.117156, 0.0, 0.0, 0.0, 1.0],
                [0.996151, -0.045037, -0.075201, -5e-06, 0.039291, 0.996318, -0.076212, -0.081316, 0.078357, 0.072964, 0.994252, 0.119028, 0.0, 0.0, 0.0, 1.0],
                [0.996419, -0.043439, -0.072537, -5e-06, 0.037901, 0.996383, -0.076049, -0.081316, 0.075578, 0.073027, 0.994462, 0.121153, 0.0, 0.0, 0.0, 1.0],
                [0.996705, -0.041669, -0.069588, -5e-06, 0.036361, 0.996454, -0.075871, -0.081316, 0.072503, 0.073091, 0.994686, 0.123506, 0.0, 0.0, 0.0, 1.0],
                [0.997002, -0.039748, -0.066386, -5e-06, 0.03469, 0.996528, -0.075684, -0.081316, 0.069164, 0.073154, 0.99492, 0.126059, 0.0, 0.0, 0.0, 1.0],
                [0.997303, -0.037697, -0.062965, -5e-06, 0.032904, 0.996604, -0.075491, -0.081316, 0.065597, 0.073215, 0.995157, 0.128785, 0.0, 0.0, 0.0, 1.0],
                [0.997604, -0.035534, -0.059358, -5e-06, 0.031021, 0.996679, -0.075293, -0.081316, 0.061836, 0.073271, 0.995393, 0.131659, 0.0, 0.0, 0.0, 1.0],
                [0.997898, -0.03328, -0.055599, -5e-06, 0.029058, 0.996753, -0.075094, -0.081316, 0.057917, 0.073321, 0.995625, 0.134653, 0.0, 0.0, 0.0, 1.0],
                [0.998182, -0.030956, -0.051721, -5e-06, 0.027033, 0.996825, -0.074897, -0.081316, 0.053875, 0.073363, 0.995849, 0.13774, 0.0, 0.0, 0.0, 1.0],
                [0.99845, -0.028581, -0.047757, -5e-06, 0.024963, 0.996893, -0.074704, -0.081316, 0.049744, 0.073396, 0.996062, 0.140894, 0.0, 0.0, 0.0, 1.0],
                [0.9987, -0.026175, -0.043742, -5e-06, 0.022866, 0.996958, -0.074517, -0.081316, 0.04556, 0.073419, 0.99626, 0.144088, 0.0, 0.0, 0.0, 1.0],
                [0.998929, -0.023759, -0.039709, -5e-06, 0.020759, 0.997017, -0.074337, -0.081316, 0.041357, 0.073433, 0.996442, 0.147295, 0.0, 0.0, 0.0, 1.0],
                [0.999135, -0.021353, -0.035692, -5e-06, 0.01866, 0.997071, -0.074167, -0.081316, 0.037171, 0.073437, 0.996607, 0.150489, 0.0, 0.0, 0.0, 1.0],
                [0.999317, -0.018978, -0.031724, -5e-06, 0.016587, 0.99712, -0.074007, -0.081316, 0.033037, 0.07343, 0.996753, 0.153643, 0.0, 0.0, 0.0, 1.0],
                [0.999474, -0.016652, -0.027839, -5e-06, 0.014556, 0.997163, -0.073858, -0.081316, 0.02899, 0.073414, 0.99688, 0.15673, 0.0, 0.0, 0.0, 1.0],
                [0.999607, -0.014397, -0.024072, -5e-06, 0.012587, 0.997199, -0.073721, -0.081316, 0.025066, 0.073389, 0.996988, 0.159724, 0.0, 0.0, 0.0, 1.0],
                [0.999716, -0.012233, -0.020455, -5e-06, 0.010697, 0.997231, -0.073597, -0.081316, 0.021299, 0.073358, 0.997078, 0.162597, 0.0, 0.0, 0.0, 1.0],
                [0.999803, -0.010179, -0.017023, -5e-06, 0.008902, 0.997256, -0.073486, -0.081316, 0.017724, 0.07332, 0.997151, 0.165324, 0.0, 0.0, 0.0, 1.0],
                [0.99987, -0.008257, -0.013809, -5e-06, 0.007222, 0.997277, -0.073387, -0.081316, 0.014377, 0.073278, 0.997208, 0.167877, 0.0, 0.0, 0.0, 1.0],
                [0.99992, -0.006485, -0.010847, -5e-06, 0.005673, 0.997294, -0.073301, -0.081316, 0.011293, 0.073233, 0.997251, 0.17023, 0.0, 0.0, 0.0, 1.0],
                [0.999955, -0.004885, -0.008171, -5e-06, 0.004274, 0.997306, -0.073227, -0.081316, 0.008507, 0.073189, 0.997282, 0.172355, 0.0, 0.0, 0.0, 1.0],
                [0.999977, -0.003476, -0.005814, -5e-06, 0.003041, 0.997316, -0.073165, -0.081316, 0.006053, 0.073145, 0.997303, 0.174227, 0.0, 0.0, 0.0, 1.0],
                [0.99999, -0.002278, -0.003811, -5e-06, 0.001993, 0.997322, -0.073114, -0.081316, 0.003967, 0.073106, 0.997316, 0.175819, 0.0, 0.0, 0.0, 1.0],
                [0.999997, -0.001312, -0.002194, -5e-06, 0.001148, 0.997326, -0.073075, -0.081316, 0.002284, 0.073072, 0.997324, 0.177103, 0.0, 0.0, 0.0, 1.0],
                [0.999999, -0.000596, -0.000998, -5e-06, 0.000522, 0.997329, -0.073047, -0.081316, 0.001038, 0.073046, 0.997328, 0.178053, 0.0, 0.0, 0.0, 1.0],
                [1.0, -0.000152, -0.000255, -5e-06, 0.000133, 0.99733, -0.07303, -0.081316, 0.000265, 0.07303, 0.99733, 0.178643, 0.0, 0.0, 0.0, 1.0]
            ]
        },
        {
            "name": "Thigh_R",
            "time": [0.0, 0.0167, 0.0333, 0.05, 0.0667, 0.0833, 0.1, 0.1167, 0.1333, 0.15, 0.1667, 0.1833, 0.2, 0.2167, 0.2333, 0.25, 0.2667, 0.2833, 0.3, 0.3167, 0.3333, 0.35, 0.3667, 0.3833, 0.4, 0.4167, 0.4333, 0.45, 0.4667, 0.4833, 0.5, 0.5167, 0.5333, 0.55, 0.5667, 0.5833, 0.6, 0.6167, 0.6333, 0.65, 0.6667, 0.6833, 0.7, 0.7167, 0.7333, 0.75, 0.7667, 0.7833, 0.8, 0.8167, 0.8333, 0.85, 0.8667, 0.8833, 0.9, 0.9167, 0.9333, 0.95, 0.9667, 0.9833, 1.0, 1.0167, 1.0333, 1.05, 1.0667, 1.0833, 1.1, 1.1167, 1.1333, 1.15, 1.1667, 1.1833, 1.2, 1.2167, 1.2333, 1.25, 1.2667, 1.2833, 1.3, 1.3167, 1.3333, 1.35, 1.3667, 1.3833, 1.4, 1.4167, 1.4333, 1.45, 1.4667, 1.4833, 1.5, 1.5167, 1.5333, 1.55, 1.5667, 1.5833, 1.6, 1.6167, 1.6333, 1.65, 1.6667],
            "transform": [
                [0.997073, -0.061489, -0.04544, 0.124994, -0.063453, -0.99705, -0.043137, -0.002831, -0.042654, 0.045894, -0.998036, -1.2e-05, 0.0, 0.0, 0.0, 1.0],
                [0.997033, -0.061799, -0.04589, 0.124994, -0.063775, -0.99704, -0.042909, -0.002831, -0.043102, 0.045708, -0.998025, -1.2e-05, 0.0, 0.0, 0.0, 1.0],
                [0.996916, -0.062668, -0.047228, 0.124994, -0.064719, -0.996965, -0.043224, -0.002831, -0.044376, 0.046147, -0.997948, -1.2e-05, 0.0, 0.0, 0.0, 1.0],
                [0.996722, -0.064014, -0.049451, 0.124994, -0.06629, -0.996745, -0.045832, -0.002831, -0.046357, 0.04896, -0.997725, -1.2e-05, 0.0, 0.0, 0.0, 1.0],
                [0.99645, -0.065776, -0.052537, 0.124994, -0.068508, -0.996293, -0.052007, -0.002831, -0.048921, 0.055422, -0.997264, -1.2e-05, 0.0, 0.0, 0.0, 1.0],
                [0.996095, -0.067906, -0.056424, 0.124994, -0.071385, -0.995511, -0.062107, -0.002831, -0.051953, 0.065892, -0.996473, -1.2e-05, 0.0, 0.0, 0.0, 1.0],
                [0.995654, -0.070357, -0.061016, 0.124994, -0.074897, -0.994318, -0.075626, -0.002831, -0.055349, 0.079867, -0.995268, -1.2e-05, 0.0, 0.0, 0.0, 1.0],
                [0.995127, -0.073068, -0.066191, 0.124994, -0.078966, -0.992679, -0.091378, -0.002831, -0.05903, 0.096159, -0.993615, -1.2e-05, 0.0, 0.0, 0.0, 1.0],
                [0.994523, -0.075962, -0.071793, 0.124994, -0.083443, -0.990675, -0.107688, -0.002831, -0.062943, 0.113088, -0.99159, -1.2e-05, 0.0, 0.0, 0.0, 1.0],
                [0.993851, -0.07894, -0.07764, 0.124994, -0.088097, -0.988536, -0.122607, -0.002831, -0.067072, 0.128692, -0.989414, -1.2e-05, 0.0, 0.0, 0.0, 1.0],
                [0.993136, -0.081866, -0.083534, 0.124994, -0.092615, -0.986619, -0.134174, -0.002831, -0.071432, 0.14099, -0.987431, -1.2e-05, 0.0, 0.0, 0.0, 1.0],
                [0.992372, -0.084924, -0.089369, 0.124994, -0.097214, -0.984846, -0.14361, -0.002831, -0.075819, 0.151202, -0.985591, -1.2e-05, 0.0, 0.0, 0.0, 1.0],
                [0.991534, -0.08842, -0.095083, 0.124994, -0.102288, -0.982985, -0.152559, -0.002831, -0.079976, 0.160993, -0.98371, -1.2e-05, 0.0, 0.0, 0.0, 1.0],
                [0.990637, -0.092372, -0.100528, 0.124994, -0.107716, -0.981249, -0.159827, -0.002831, -0.08388, 0.169159, -0.982014, -1.2e-05, 0.0, 0.0, 0.0, 1.0],
                [0.989693, -0.096809, -0.105527, 0.124994, -0.113357, -0.979893, -0.164185, -0.002831, -0.087511, 0.174455, -0.980769, -1.2e-05, 0.0, 0.0, 0.0, 1.0],
                [0.988722, -0.101766, -0.109873, 0.124994, -0.119051, -0.979185, -0.164379, -0.002831, -0.090858, 0.175605, -0.98026, -1.2e-05, 0.0, 0.0, 0.0, 1.0],
                [0.987749, -0.107268, -0.113337, 0.124994, -0.124626, -0.979342, -0.159231, -0.002831, -0.093915, 0.171405, -0.980714, -1.2e-05, 0.0, 0.0, 0.0, 1.0],
                [0.986803, -0.11331, -0.115677, 0.124994, -0.129897, -0.980462, -0.147707, -0.002831, -0.09668, 0.160783, -0.982243, -1.2e-05, 0.0, 0.0, 0.0, 1.0],
                [0.985917, -0.119826, -0.116661, 0.124994, -0.134672, -0.982454, -0.129019, -0.002831, -0.099154, 0.142912, -0.984757, -1.2e-05, 0.0, 0.0, 0.0, 1.0],
                [0.985128, -0.126674, -0.116089, 0.124994, -0.138756, -0.984988, -0.102679, -0.002831, -0.10134, 0.117259, -0.987917, -1.2e-05, 0.0, 0.0, 0.0, 1.0],
                [0.984474, -0.133624, -0.113816, 0.124994, -0.141955, -0.987499, -0.068505, -0.002831, -0.10324, 0.083598, -0.991137, -1.2e-05, 0.0, 0.0, 0.0, 1.0],
                [0.983995, -0.140367, -0.109774, 0.124994, -0.144081, -0.989206, -0.026624, -0.002831, -0.104852, 0.042014, -0.9936, -1.2e-05, 0.0, 0.0, 0.0, 1.0],
                [0.983726, -0.146528, -0.103989, 0.124994, -0.144958, -0.989179, 0.022546, -0.002831, -0.106167, -0.007106, -0.994323, -1.2e-05, 0.0, 0.0, 0.0, 1.0],
                [0.983695, -0.151694, -0.096609, 0.124994, -0.144428, -0.986414, 0.078258, -0.002831, -0.107167, -0.063029, -0.992241, -1.2e-05, 0.0, 0.0, 0.0, 1.0],
                [0.983925, -0.155439, -0.087918, 0.124994, -0.142361, -0.979955, 0.139348, -0.002831, -0.107816, -0.124592, -0.986333, -1.2e-05, 0.0, 0.0, 0.0, 1.0],
                [0.984427, -0.157363, -0.078363, 0.124994, -0.138665, -0.969081, 0.204084, -0.002831, -0.108055, -0.190039, -0.975812, -1.2e-05, 0.0, 0.0, 0.0, 1.0],
                [0.985377, -0.155837, -0.068899, 0.124994, -0.131055, -0.951592, 0.278016, -0.002831, -0.10889, -0.264921, -0.958102, -1.2e-05, 0.0, 0.0, 0.0, 1.0],
                [0.986754, -0.149603, -0.062724, 0.124994, -0.118463, -0.928694, 0.351413, -0.002831, -0.110824, -0.339327, -0.934117, -1.2e-05, 0.0, 0.0, 0.0, 1.0],
                [0.988261, -0.139475, -0.062343, 0.124994, -0.102889, -0.909281, 0.403262, -0.002831, -0.112933, -0.392113, -0.912958, -1.2e-05, 0.0, 0.0, 0.0, 1.0],
                [0.989671, -0.126368, -0.067695, 0.124994, -0.086672, -0.90356, 0.4196, -0.002831, -0.11419, -0.409398, -0.905182, -1.2e-05, 0.0, 0.0, 0.0, 1.0],
                [0.99089, -0.110923, -0.076373, 0.124994, -0.072381, -0.916872, 0.392561, -0.002831, -0.113569, -0.383456, -0.91655, -1.2e-05, 0.0, 0.0, 0.0, 1.0],
                [0.991928, -0.09722, -0.081395, 0.124994, -0.064111, -0.938396, 0.339558, -0.002831, -0.109393, -0.331598, -0.937057, -1.2e-05, 0.0, 0.0, 0.0, 1.0],
                [0.992851, -0.091391, -0.076766, 0.124994, -0.062803, -0.946968, 0.315125, -0.002831, -0.101494, -0.308051, -0.94594, -1.2e-05, 0.0, 0.0, 0.0, 1.0],
                [0.993638, -0.091964, -0.065006, 0.124994, -0.066023, -0.943299, 0.325309, -0.002831, -0.091237, -0.318947, -0.943372, -1.2e-05, 0.0, 0.0, 0.0, 1.0],
                [0.994225, -0.093556, -0.052558, 0.124994, -0.071942, -0.944539, 0.320416, -0.002831, -0.07962, -0.314784, -0.945818, -1.2e-05, 0.0, 0.0, 0.0, 1.0],
                [0.994559, -0.096115, -0.040181, 0.124994, -0.079618, -0.95003, 0.301829, -0.002831, -0.067183, -0.296987, -0.952515, -1.2e-05, 0.0, 0.0, 0.0, 1.0],
                [0.994644, -0.099295, -0.028659, 0.124994, -0.087809, -0.958187, 0.27233, -0.002831, -0.054502, -0.268355, -0.961777, -1.2e-05, 0.0, 0.0, 0.0, 1.0],
                [0.994537, -0.102743, -0.018436, 0.124994, -0.095586, -0.967365, 0.234658, -0.002831, -0.041943, -0.231613, -0.971904, -1.2e-05, 0.0, 0.0, 0.0, 1.0],
                [0.994306, -0.106494, -0.003668, 0.124994, -0.102343, -0.963998, 0.245417, -0.002831, -0.029672, -0.243644, -0.969411, -1.2e-05, 0.0, 0.0, 0.0, 1.0],
                [0.99402, -0.108826, 0.008945, 0.124994, -0.107752, -0.964336, 0.241748, -0.002831, -0.017683, -0.241266, -0.970298, -1.2e-05, 0.0, 0.0, 0.0, 1.0],
                [0.993725, -0.109761, 0.021478, 0.124994, -0.111691, -0.963871, 0.241814, -0.002831, -0.005839, -0.242696, -0.970085, -1.2e-05, 0.0, 0.0, 0.0, 1.0],
                [0.993492, -0.109099, 0.032714, 0.124994, -0.11375, -0.965062, 0.236037, -0.002831, 0.00582, -0.238222, -0.971193, -1.2e-05, 0.0, 0.0, 0.0, 1.0],
                [0.993358, -0.107039, 0.042216, 0.124994, -0.1137, -0.969444, 0.217366, -0.002831, 0.01766, -0.220722, -0.975177, -1.2e-05, 0.0, 0.0, 0.0, 1.0],
                [0.993275, -0.103662, 0.051544, 0.124994, -0.111707, -0.975101, 0.191562, -0.002831, 0.030403, -0.196031, -0.980127, -1.2e-05, 0.0, 0.0, 0.0, 1.0],
                [0.993165, -0.099018, 0.061792, 0.124994, -0.107833, -0.981023, 0.161126, -0.002831, 0.044665, -0.166688, -0.984997, -1.2e-05, 0.0, 0.0, 0.0, 1.0],
                [0.992908, -0.093189, 0.073824, 0.124994, -0.10207, -0.98658, 0.127431, -0.002831, 0.060958, -0.134062, -0.989096, -1.2e-05, 0.0, 0.0, 0.0, 1.0],
                [0.992345, -0.086329, 0.088307, 0.124994, -0.094365, -0.991342, 0.091286, -0.002831, 0.079662, -0.09892, -0.991901, -1.2e-05, 0.0, 0.0, 0.0, 1.0],
                [0.991281, -0.078686, 0.105695, 0.124994, -0.084653, -0.994987, 0.053201, -0.002831, 0.100979, -0.061684, -0.992975, -1.2e-05, 0.0, 0.0, 0.0, 1.0],
                [0.989492, -0.070628, 0.126162, 0.124994, -0.072898, -0.997247, 0.013459, -0.002831, 0.124864, -0.022515, -0.991918, -1.2e-05, 0.0, 0.0, 0.0, 1.0],
                [0.986768, -0.062659, 0.149538, 0.124994, -0.059144, -0.997859, -0.027845, -0.002831, 0.150962, 0.018632, -0.988364, -1.2e-05, 0.0, 0.0, 0.0, 1.0],
                [0.982961, -0.055429, 0.175254, 0.124994, -0.043558, -0.996532, -0.070879, -0.002831, 0.178575, 0.062037, -0.981969, -1.2e-05, 0.0, 0.0, 0.0, 1.0],
                [0.977887, -0.048044, 0.203537, 0.124994, -0.026279, -0.993767, -0.108318, -0.002831, 0.207473, 0.100573, -0.973057, -1.2e-05, 0.0, 0.0, 0.0, 1.0],
                [0.971476, -0.038714, 0.233957, 0.124994, -0.007391, -0.991046, -0.133301, -0.002831, 0.237023, 0.127769, -0.963066, -1.2e-05, 0.0, 0.0, 0.0, 1.0],
                [0.963946, -0.027282, 0.264693, 0.124994, 0.012751, -0.98885, -0.148355, -0.002831, 0.26579, 0.146381, -0.952853, -1.2e-05, 0.0, 0.0, 0.0, 1.0],
                [0.955668, -0.014156, 0.294105, 0.124994, 0.033613, -0.987067, -0.156735, -0.002831, 0.29252, 0.159672, -0.942834, -1.2e-05, 0.0, 0.0, 0.0, 1.0],
                [0.947134, -0.000123, 0.320837, 0.124994, 0.054524, -0.98539, -0.161338, -0.002831, 0.31617, 0.170302, -0.933292, -1.2e-05, 0.0, 0.0, 0.0, 1.0],
                [0.938929, 0.013876, 0.343829, 0.124994, 0.07471, -0.983571, -0.164326, -0.002831, 0.3359, 0.179978, -0.924543, -1.2e-05, 0.0, 0.0, 0.0, 1.0],
                [0.931694, 0.026851, 0.362249, 0.124994, 0.093339, -0.981473, -0.167315, -0.002831, 0.351045, 0.189697, -0.916942, -1.2e-05, 0.0, 0.0, 0.0, 1.0],
                [0.926088, 0.03781, 0.375408, 0.124994, 0.109548, -0.979049, -0.171637, -0.002831, 0.361054, 0.200075, -0.91083, -1.2e-05, 0.0, 0.0, 0.0, 1.0],
                [0.922759, 0.045739, 0.382652, 0.124994, 0.122475, -0.976258, -0.178653, -0.002831, 0.365396, 0.211718, -0.906455, -1.2e-05, 0.0, 0.0, 0.0, 1.0],
                [0.922319, 0.049584, 0.383234, 0.124994, 0.131272, -0.972959, -0.190043, -0.002831, 0.363448, 0.225587, -0.90389, -1.2e-05, 0.0, 0.0, 0.0, 1.0],
                [0.923868, 0.051024, 0.379292, 0.124994, 0.136128, -0.970068, -0.201079, -0.002831, 0.35768, 0.237402, -0.903164, -1.2e-05, 0.0, 0.0, 0.0, 1.0],
                [0.926089, 0.052687, 0.373608, 0.124994, 0.137896, -0.968962, -0.205166, -0.002831, 0.351203, 0.24152, -0.904612, -1.2e-05, 0.0, 0.0, 0.0, 1.0],
                [0.928895, 0.054741, 0.366274, 0.124994, 0.136794, -0.969788, -0.20198, -0.002831, 0.344152, 0.237722, -0.908322, -1.2e-05, 0.0, 0.0, 0.0, 1.0],
                [0.932185, 0.057185, 0.357436, 0.124994, 0.133089, -0.972422, -0.191519, -0.002831, 0.336627, 0.226101, -0.91409, -1.2e-05, 0.0, 0.0, 0.0, 1.0],
                [0.935842, 0.059862, 0.347296, 0.124994, 0.127084, -0.976485, -0.174133, -0.002831, 0.328706, 0.207096, -0.921446, -1.2e-05, 0.0, 0.0, 0.0, 1.0],
                [0.939744, 0.062505, 0.336117, 0.124994, 0.1191, -0.981411, -0.150482, -0.002831, 0.320463, 0.181445, -0.929721, -1.2e-05, 0.0, 0.0, 0.0, 1.0],
                [0.943762, 0.064784, 0.324214, 0.124994, 0.109466, -0.986533, -0.121519, -0.002831, 0.311976, 0.150175, -0.938146, -1.2e-05, 0.0, 0.0, 0.0, 1.0],
                [0.947776, 0.066382, 0.311952, 0.124994, 0.098512, -0.991202, -0.088376, -0.002831, 0.303341, 0.114491, -0.945979, -1.2e-05, 0.0, 0.0, 0.0, 1.0],
                [0.951668, 0.067026, 0.299725, 0.124994, 0.08655, -0.99487, -0.052328, -0.002831, 0.294681, 0.075739, -0.952589, -1.2e-05, 0.0, 0.0, 0.0, 1.0],
                [0.955332, 0.066503, 0.287955, 0.124994, 0.073868, -0.997157, -0.014774, -0.002831, 0.286154, 0.035384, -0.95753, -1.2e-05, 0.0, 0.0, 0.0, 1.0],
                [0.958646, 0.064584, 0.277174, 0.124994, 0.060881, -0.997901, 0.021954, -0.002831, 0.278011, -0.004171, -0.960569, -1.2e-05, 0.0, 0.0, 0.0, 1.0],
                [0.961516, 0.061101, 0.267869, 0.124994, 0.047923, -0.997308, 0.055468, -0.002831, 0.270538, -0.040496, -0.961857, -1.2e-05, 0.0, 0.0, 0.0, 1.0],
                [0.963882, 0.055836, 0.260413, 0.124994, 0.03507, -0.99587, 0.083722, -0.002831, 0.264012, -0.071565, -0.961862, -1.2e-05, 0.0, 0.0, 0.0, 1.0],
                [0.965685, 0.048239, 0.255196, 0.124994, 0.0223, -0.994369, 0.103578, -0.002831, 0.258756, -0.094333, -0.961325, -1.2e-05, 0.0, 0.0, 0.0, 1.0],
                [0.966858, 0.036149, 0.252744, 0.124994, 0.009483, -0.994325, 0.105937, -0.002831, 0.25514, -0.100029, -0.961716, -1.2e-05, 0.0, 0.0, 0.0, 1.0],
                [0.967381, 0.017406, 0.252727, 0.124994, -0.003412, -0.996649, 0.081701, -0.002831, 0.253303, -0.079898, -0.964082, -1.2e-05, 0.0, 0.0, 0.0, 1.0],
                [0.967412, 0.017823, 0.252581, 0.124994, -0.015825, -0.991311, 0.130564, -0.002831, 0.252714, -0.130306, -0.958726, -1.2e-05, 0.0, 0.0, 0.0, 1.0],
                [0.967169, 0.019051, 0.253419, 0.124994, -0.026937, -0.983882, 0.176768, -0.002831, 0.252702, -0.17779, -0.951069, -1.2e-05, 0.0, 0.0, 0.0, 1.0],
                [0.966938, 0.021564, 0.254098, 0.124994, -0.035679, -0.975176, 0.218529, -0.002831, 0.252503, -0.220369, -0.942167, -1.2e-05, 0.0, 0.0, 0.0, 1.0],
                [0.967063, 0.038024, 0.251679, 0.124994, -0.040731, -0.952918, 0.300474, -0.002831, 0.251256, -0.300828, -0.919986, -1.2e-05, 0.0, 0.0, 0.0, 1.0],
                [0.967825, 0.052519, 0.246082, 0.124994, -0.041118, -0.931818, 0.360584, -0.002831, 0.248242, -0.3591, -0.899679, -1.2e-05, 0.0, 0.0, 0.0, 1.0],
                [0.969122, 0.063376, 0.238298, 0.124994, -0.038052, -0.916391, 0.398469, -0.002831, 0.243627, -0.395232, -0.885685, -1.2e-05, 0.0, 0.0, 0.0, 1.0],
                [0.970712, 0.067996, 0.230421, 0.124994, -0.033554, -0.911338, 0.410287, -0.002831, 0.23789, -0.406001, -0.882367, -1.2e-05, 0.0, 0.0, 0.0, 1.0],
                [0.972346, 0.065695, 0.224112, 0.124994, -0.029927, -0.916658, 0.398546, -0.002831, 0.231617, -0.394231, -0.889345, -1.2e-05, 0.0, 0.0, 0.0, 1.0],
                [0.974028, 0.059647, 0.21843, 0.124994, -0.027817, -0.92585, 0.376864, -0.002831, 0.224713, -0.373151, -0.900145, -1.2e-05, 0.0, 0.0, 0.0, 1.0],
                [0.975871, 0.051313, 0.212233, 0.124994, -0.026914, -0.936311, 0.350135, -0.002831, 0.216683, -0.347398, -0.91234, -1.2e-05, 0.0, 0.0, 0.0, 1.0],
                [0.977967, 0.04171, 0.204551, 0.124994, -0.026903, -0.946484, 0.321623, -0.002831, 0.207019, -0.320039, -0.92451, -1.2e-05, 0.0, 0.0, 0.0, 1.0],
                [0.980375, 0.03184, 0.194555, 0.124994, -0.027502, -0.955131, 0.294898, -0.002831, 0.195215, -0.294461, -0.935512, -1.2e-05, 0.0, 0.0, 0.0, 1.0],
                [0.983115, 0.022699, 0.181579, 0.124994, -0.028462, -0.961231, 0.274264, -0.002831, 0.180765, -0.274801, -0.944356, -1.2e-05, 0.0, 0.0, 0.0, 1.0],
                [0.98616, 0.015021, 0.165113, 0.124994, -0.029527, -0.964054, 0.264054, -0.002831, 0.163144, -0.265274, -0.95027, -1.2e-05, 0.0, 0.0, 0.0, 1.0],
                [0.989389, 0.006606, 0.145144, 0.124994, -0.03049, -0.967282, 0.25186, -0.002831, 0.142059, -0.253613, -0.956818, -1.2e-05, 0.0, 0.0, 0.0, 1.0],
                [0.992456, -0.003779, 0.122542, 0.124994, -0.031815, -0.973219, 0.227662, -0.002831, 0.1184, -0.229843, -0.965999, -1.2e-05, 0.0, 0.0, 0.0, 1.0],
                [0.995054, -0.014887, 0.098205, 0.124994, -0.03398, -0.980066, 0.195735, -0.002831, 0.093333, -0.198103, -0.975727, -1.2e-05, 0.0, 0.0, 0.0, 1.0],
                [0.996996, -0.025801, 0.07303, 0.124994, -0.037169, -0.986599, 0.158867, -0.002831, 0.067952, -0.161104, -0.984596, -1.2e-05, 0.0, 0.0, 0.0, 1.0],
                [0.998209, -0.035801, 0.047927, 0.124994, -0.04131, -0.991986, 0.119386, -0.002831, 0.043268, -0.121151, -0.991691, -1.2e-05, 0.0, 0.0, 0.0, 1.0],
                [0.998731, -0.044358, 0.023839, 0.124994, -0.046124, -0.995763, 0.079525, -0.002831, 0.020211, -0.080524, -0.996548, -1.2e-05, 0.0, 0.0, 0.0, 1.0],
                [0.998689, -0.051151, 0.001758, 0.124994, -0.05118, -0.997823, 0.041551, -0.002831, -0.000371, -0.041587, -0.999135, -1.2e-05, 0.0, 0.0, 0.0, 1.0],
                [0.998276, -0.056083, -0.017283, 0.124994, -0.055955, -0.998401, 0.007838, -0.002831, -0.017695, -0.006857, -0.99982, -1.2e-05, 0.0, 0.0, 0.0, 1.0],
                [0.997722, -0.059267, -0.032217, 0.124994, -0.059903, -0.998019, -0.01913, -0.002831, -0.031019, 0.021016, -0.999298, -1.2e-05, 0.0, 0.0, 0.0, 1.0],
                [0.997257, -0.06097, -0.041959, 0.124994, -0.062527, -0.997361, -0.036853, -0.002831, -0.039602, 0.039376, -0.998439, -1.2e-05, 0.0, 0.0, 0.0, 1.0]
            ]
        },
        {
            "name": "Leg_R",
            "time": [0.0, 0.0167, 0.0333, 0.05, 0.0667, 0.0833, 0.1, 0.1167, 0.1333, 0.15, 0.1667, 0.1833, 0.2, 0.2167, 0.2333, 0.25, 0.2667, 0.2833, 0.3, 0.3167, 0.3333, 0.35, 0.3667, 0.3833, 0.4, 0.4167, 0.4333, 0.45, 0.4667, 0.4833, 0.5, 0.5167, 0.5333, 0.55, 0.5667, 0.5833, 0.6, 0.6167, 0.6333, 0.65, 0.6667, 0.6833, 0.7, 0.7167, 0.7333, 0.75, 0.7667, 0.7833, 0.8, 0.8167, 0.8333, 0.85, 0.8667, 0.8833, 0.9, 0.9167, 0.9333, 0.95, 0.9667, 0.9833, 1.0, 1.0167, 1.0333, 1.05, 1.0667, 1.0833, 1.1, 1.1167, 1.1333, 1.15, 1.1667, 1.1833, 1.2, 1.2167, 1.2333, 1.25, 1.2667, 1.2833, 1.3, 1.3167, 1.3333, 1.35, 1.3667, 1.3833, 1.4, 1.4167, 1.4333, 1.45, 1.4667, 1.4833, 1.5, 1.5167, 1.5333, 1.55, 1.5667, 1.5833, 1.6, 1.6167, 1.6333, 1.65, 1.6667],
            "transform": [
                [1.0, -0.0, 1e-06, 0.0, -0.0, 0.915739, 0.401782, 0.374726, -1e-06, -0.401784, 0.91573, -0.0, 0.0, 0.0, 0.0, 1.0],
                [1.0, -0.0, 1e-06, -0.0, -0.0, 0.912271, 0.409595, 0.374726, -1e-06, -0.409598, 0.912262, -0.0, 0.0, 0.0, 0.0, 1.0],
                [1.0, -0.0, 1e-06, 0.0, -0.0, 0.90324, 0.429143, 0.374726, -1e-06, -0.429145, 0.903232, 0.0, 0.0, 0.0, 0.0, 1.0],
                [1.0, -0.0, 1e-06, 0.0, -0.0, 0.890932, 0.454144, 0.374726, -1e-06, -0.454147, 0.890923, 0.0, 0.0, 0.0, 0.0, 1.0],
                [1.0, -0.0, 1e-06, -0.0, -0.0, 0.87764, 0.479324, 0.374726, -1e-06, -0.479327, 0.877633, -0.0, 0.0, 0.0, 0.0, 1.0],
                [1.0, -0.0, 1e-06, -0.0, -0.0, 0.865346, 0.50118, 0.374726, -1e-06, -0.501183, 0.865338, -0.0, 0.0, 0.0, 0.0, 1.0],
                [1.000001, -0.0, 1e-06, 0.0, -0.0, 0.855522, 0.517771, 0.374726, -1e-06, -0.517774, 0.855515, 0.0, 0.0, 0.0, 0.0, 1.0],
                [1.0, -0.0, 1e-06, 0.0, -0.0, 0.849063, 0.528297, 0.374726, -1e-06, -0.528299, 0.849055, 0.0, 0.0, 0.0, 0.0, 1.0],
                [1.0, -0.0, 1e-06, -0.0, -0.0, 0.846292, 0.532723, 0.374726, -1e-06, -0.532726, 0.846285, -0.0, 0.0, 0.0, 0.0, 1.0],
                [1.0, -0.0, 1e-06, -0.0, -0.0, 0.847103, 0.531433, 0.374726, -1e-06, -0.531436, 0.847096, -0.0, 0.0, 0.0, 0.0, 1.0],
                [1.0, -0.0, 1e-06, -0.0, -0.0, 0.851207, 0.524835, 0.374726, -1e-06, -0.524838, 0.8512, -0.0, 0.0, 0.0, 0.0, 1.0],
                [1.0, -0.0, 1e-06, 0.0, -0.0, 0.857027, 0.515277, 0.374726, -1e-06, -0.51528, 0.857019, -0.0, 0.0, 0.0, 0.0, 1.0],
                [1.0, -0.0, 1e-06, -0.0, -0.0, 0.862705, 0.505713, 0.374726, -1e-06, -0.505716, 0.862697, 0.0, 0.0, 0.0, 0.0, 1.0],
                [1.0, -0.0, 1e-06, 0.0, -0.0, 0.867567, 0.497326, 0.374726, -1e-06, -0.497329, 0.867558, 0.0, 0.0, 0.0, 0.0, 1.0],
                [1.000001, -0.0, 1e-06, -0.0, -0.0, 0.870927, 0.491418, 0.374726, -1e-06, -0.49142, 0.870919, 0.0, 0.0, 0.0, 0.0, 1.0],
                [1.000001, -0.0, 1e-06, 0.0, -0.0, 0.872085, 0.48936, 0.374726, -1e-06, -0.489363, 0.872077, -0.0, 0.0, 0.0, 0.0, 1.0],
                [1.0, -0.0, 1e-06, -0.0, -0.0, 0.87039, 0.492369, 0.374726, -1e-06, -0.492372, 0.870382, -0.0, 0.0, 0.0, 0.0, 1.0],
                [1.0, -0.0, 1e-06, 0.0, -0.0, 0.86526, 0.501329, 0.374726, -1e-06, -0.501332, 0.865253, 0.0, 0.0, 0.0, 0.0, 1.0],
                [1.0, -0.0, 1e-06, 0.0, -0.0, 0.856268, 0.516536, 0.374726, -1e-06, -0.516539, 0.856261, -0.0, 0.0, 0.0, 0.0, 1.0],
                [1.0, -0.0, 1e-06, 0.0, -0.0, 0.843203, 0.537598, 0.374726, -1e-06, -0.5376, 0.843198, -0.0, 0.0, 0.0, 0.0, 1.0],
                [1.000001, -0.0, 1e-06, 0.0, -0.0, 0.826153, 0.563449, 0.374726, -1e-06, -0.563451, 0.826147, 0.0, 0.0, 0.0, 0.0, 1.0],
                [1.0, -0.0, 1e-06, -0.0, -0.0, 0.80561, 0.592449, 0.374726, -1e-06, -0.592452, 0.805603, 0.0, 0.0, 0.0, 0.0, 1.0],
                [1.0, -0.0, 1e-06, 0.0, -0.0, 0.782568, 0.622568, 0.374726, -1e-06, -0.622571, 0.782562, 0.0, 0.0, 0.0, 0.0, 1.0],
                [1.000001, -0.0, 1e-06, 0.0, -0.0, 0.758653, 0.651498, 0.374726, -1e-06, -0.6515, 0.758647, 0.0, 0.0, 0.0, 0.0, 1.0],
                [1.000001, -1e-06, 1e-06, 0.0, -0.0, 0.73625, 0.676711, 0.374726, -1e-06, -0.676714, 0.736244, 0.0, 0.0, 0.0, 0.0, 1.0],
                [1.000001, -1e-06, 1e-06, 0.0, -0.0, 0.718657, 0.695366, 0.374726, -1e-06, -0.695369, 0.718651, 0.0, 0.0, 0.0, 0.0, 1.0],
                [1.0, -0.0, 1e-06, -0.0, -0.0, 0.712658, 0.701513, 0.374726, -1e-06, -0.701516, 0.712652, 0.0, 0.0, 0.0, 0.0, 1.0],
                [1.000001, -1e-06, 1e-06, 0.0, -0.0, 0.733132, 0.680089, 0.374726, -1e-06, -0.680092, 0.733125, -0.0, 0.0, 0.0, 0.0, 1.0],
                [1.000001, -0.0, 1e-06, -0.0, -0.0, 0.787655, 0.616118, 0.374726, -1e-06, -0.616122, 0.78765, -0.0, 0.0, 0.0, 0.0, 1.0],
                [1.0, -0.0, 1e-06, 0.0, -0.0, 0.868038, 0.496504, 0.374726, -1e-06, -0.496507, 0.868029, -0.0, 0.0, 0.0, 0.0, 1.0],
                [1.0, -0.0, 1e-06, -0.0, -0.0, 0.949582, 0.313533, 0.374726, -1e-06, -0.313535, 0.949573, -0.0, 0.0, 0.0, 0.0, 1.0],
                [1.0, -0.0, 1e-06, -0.0, -0.0, 0.993825, 0.110999, 0.374726, -1e-06, -0.111, 0.993815, 0.0, 0.0, 0.0, 0.0, 1.0],
                [1.0, 0.0, 1e-06, -0.0, 0.0, 0.999995, 0.00468, 0.374726, -1e-06, -0.00468, 0.999983, -0.0, 0.0, 0.0, 0.0, 1.0],
                [1.0, -0.0, 1e-06, 0.0, -0.0, 0.999994, 0.00468, 0.374726, -1e-06, -0.00468, 0.999984, -0.0, 0.0, 0.0, 0.0, 1.0],
                [1.000001, 0.0, 1e-06, 0.0, -0.0, 0.999994, 0.004681, 0.374726, -1e-06, -0.004682, 0.999984, -0.0, 0.0, 0.0, 0.0, 1.0],
                [1.0, 0.0, 1e-06, -0.0, -0.0, 0.999995, 0.004682, 0.374726, -1e-06, -0.004682, 0.999984, -0.0, 0.0, 0.0, 0.0, 1.0],
                [1.000001, -0.0, 1e-06, -0.0, 0.0, 0.999995, 0.004682, 0.374726, -1e-06, -0.004682, 0.999984, -0.0, 0.0, 0.0, 0.0, 1.0],
