{
    "animation": [
        {
            "name": "Root",
            "time": [0.0, 0.0167, 0.0333, 0.05, 0.0667, 0.0833, 0.1, 0.1167, 0.1333, 0.15, 0.1667, 0.1833, 0.2, 0.2167, 0.2333, 0.25, 0.2667, 0.2833, 0.3, 0.3167, 0.3333, 0.35, 0.3667, 0.3833, 0.4, 0.4167, 0.4333, 0.45, 0.4667, 0.4833, 0.5, 0.5167, 0.5333, 0.55, 0.5667, 0.5833, 0.6, 0.6167, 0.6333, 0.65, 0.6667, 0.6833, 0.7, 0.7167, 0.7333, 0.75, 0.7667, 0.7833, 0.8, 0.8167, 0.8333, 0.85, 0.8667, 0.8833, 0.9, 0.9167, 0.9333, 0.95, 0.9667, 0.9833, 1.0, 1.0167, 1.0333, 1.05, 1.0667, 1.0833, 1.1, 1.1167, 1.1333, 1.15, 1.1667, 1.1833, 1.2, 1.2167, 1.2333, 1.25, 1.2667, 1.2833, 1.3, 1.3167, 1.3333, 1.35, 1.3667, 1.3833, 1.4, 1.4167, 1.4333, 1.45, 1.4667, 1.4833, 1.5, 1.5167, 1.5333, 1.55, 1.5667, 1.5833, 1.6, 1.6167, 1.6333, 1.65, 1.6667],
            "transform": [
                [1.0, 0.0, 0.0, -5e-06, 0.0, 0.99733, -0.073024, -0.081316, 0.0, 0.073024, 0.99733, 0.178846, 0.0, 0.0, 0.0, 1.0],
                [1.0, 0.000162, 0.000272, -5e-06, -0.000142, 0.99733, -0.07303, -0.081316, -0.000283, 0.07303, 0.99733, 0.178612, 0.0, 0.0, 0.0, 1.0],
                [0.999999, 0.000635, 0.001064, -5e-06, -0.000555, 0.997328, -0.073049, -0.081316, -0.001108, 0.073048, 0.997328, 0.177933, 0.0, 0.0, 0.0, 1.0],
                [0.999996, 0.001395, 0.002339, -5e-06, -0.00122, 0.997326, -0.073079, -0.081316, -0.002434, 0.073076, 0.997324, 0.176839, 0.0, 0.0, 0.0, 1.0],
                [0.999989, 0.002421, 0.004058, -5e-06, -0.002118, 0.997321, -0.07312, -0.081316, -0.004225, 0.073111, 0.997315, 0.175363, 0.0, 0.0, 0.0, 1.0],
                [0.999974, 0.003691, 0.006187, -5e-06, -0.003229, 0.997314, -0.073174, -0.081316, -0.00644, 0.073153, 0.9973, 0.173537, 0.0, 0.0, 0.0, 1.0],
                [0.999949, 0.005183, 0.008686, -5e-06, -0.004533, 0.997304, -0.073241, -0.081316, -0.009042, 0.073198, 0.997277, 0.171392, 0.0, 0.0, 0.0, 1.0],
                [0.99991, 0.006874, 0.01152, -5e-06, -0.006011, 0.997291, -0.07332, -0.081316, -0.011993, 0.073244, 0.997242, 0.16896, 0.0, 0.0, 0.0, 1.0],
                [0.999854, 0.008742, 0.01465, -5e-06, -0.007644, 0.997272, -0.073412, -0.081316, -0.015252, 0.073289, 0.997194, 0.166274, 0.0, 0.0, 0.0, 1.0],
                [0.999779, 0.010766, 0.01804, -5e-06, -0.009413, 0.997249, -0.073518, -0.081316, -0.018782, 0.073332, 0.997131, 0.163365, 0.0, 0.0, 0.0, 1.0],
                [0.999682, 0.012924, 0.021653, -5e-06, -0.011297, 0.997221, -0.073637, -0.081316, -0.022545, 0.073369, 0.99705, 0.160264, 0.0, 0.0, 0.0, 1.0],
                [0.999561, 0.015192, 0.025451, -5e-06, -0.013277, 0.997187, -0.07377, -0.081316, -0.0265, 0.0734, 0.996951, 0.157005, 0.0, 0.0, 0.0, 1.0],
                [0.999414, 0.017549, 0.029396, -5e-06, -0.015335, 0.997147, -0.073916, -0.081316, -0.03061, 0.073422, 0.996831, 0.153618, 0.0, 0.0, 0.0, 1.0],
                [0.999241, 0.019972, 0.033453, -5e-06, -0.01745, 0.9971, -0.074074, -0.081316, -0.034835, 0.073434, 0.996692, 0.150135, 0.0, 0.0, 0.0, 1.0],
                [0.999042, 0.02244, 0.037582, -5e-06, -0.019602, 0.997047, -0.074245, -0.081316, -0.039137, 0.073437, 0.996532, 0.146589, 0.0, 0.0, 0.0, 1.0],
                [0.998817, 0.02493, 0.041748, -5e-06, -0.021774, 0.996989, -0.074425, -0.081316, -0.043477, 0.073428, 0.996352, 0.14301, 0.0, 0.0, 0.0, 1.0],
                [0.998569, 0.02742, 0.045912, -5e-06, -0.023944, 0.996925, -0.074615, -0.081316, -0.047817, 0.073409, 0.996155, 0.139432, 0.0, 0.0, 0.0, 1.0],
                [0.9983, 0.029887, 0.050038, -5e-06, -0.026094, 0.996856, -0.074812, -0.081316, -0.052116, 0.07338, 0.995942, 0.135886, 0.0, 0.0, 0.0, 1.0],
                [0.998013, 0.03231, 0.054088, -5e-06, -0.028204, 0.996783, -0.075015, -0.081316, -0.056338, 0.07334, 0.995714, 0.132403, 0.0, 0.0, 0.0, 1.0],
                [0.997713, 0.034665, 0.058026, -5e-06, -0.030256, 0.996708, -0.075219, -0.081316, -0.060442, 0.073292, 0.995477, 0.129016, 0.0, 0.0, 0.0, 1.0],
                [0.997404, 0.036932, 0.061814, -5e-06, -0.032229, 0.996631, -0.075424, -0.081316, -0.064391, 0.073236, 0.995234, 0.125757, 0.0, 0.0, 0.0, 1.0],
                [0.997092, 0.039087, 0.065415, -5e-06, -0.034105, 0.996553, -0.075626, -0.081316, -0.068146, 0.073175, 0.994988, 0.122656, 0.0, 0.0, 0.0, 1.0],
                [0.996783, 0.041109, 0.068793, -5e-06, -0.035864, 0.996476, -0.075822, -0.081316, -0.071668, 0.073111, 0.994745, 0.119747, 0.0, 0.0, 0.0, 1.0],
                [0.996485, 0.042976, 0.071911, -5e-06, -0.037487, 0.996402, -0.076007, -0.081316, -0.074919, 0.073044, 0.994511, 0.117061, 0.0, 0.0, 0.0, 1.0],
                [0.996203, 0.044665, 0.074732, -5e-06, -0.038956, 0.996333, -0.07618, -0.081316, -0.077861, 0.072979, 0.99429, 0.114629, 0.0, 0.0, 0.0, 1.0],
                [0.995945, 0.046155, 0.07722, -5e-06, -0.040251, 0.996269, -0.076335, -0.081316, -0.080455, 0.072917, 0.994087, 0.112484, 0.0, 0.0, 0.0, 1.0],
                [0.995719, 0.047423, 0.079337, -5e-06, -0.041354, 0.996214, -0.07647, -0.081316, -0.082663, 0.072862, 0.993911, 0.110658, 0.0, 0.0, 0.0, 1.0],
                [0.995532, 0.048448, 0.081048, -5e-06, -0.042244, 0.996168, -0.076581, -0.081316, -0.084447, 0.072815, 0.993764, 0.109182, 0.0, 0.0, 0.0, 1.0],
                [0.995391, 0.049207, 0.082315, -5e-06, -0.042904, 0.996134, -0.076664, -0.081316, -0.085769, 0.072779, 0.993653, 0.108089, 0.0, 0.0, 0.0, 1.0],
                [0.995302, 0.049679, 0.083102, -5e-06, -0.043314, 0.996112, -0.076716, -0.081316, -0.08659, 0.072756, 0.993584, 0.107409, 0.0, 0.0, 0.0, 1.0],
                [0.995271, 0.049841, 0.083373, -5e-06, -0.043454, 0.996104, -0.076734, -0.081316, -0.086873, 0.072748, 0.99356, 0.107175, 0.0, 0.0, 0.0, 1.0],
                [0.995306, 0.049657, 0.083066, -5e-06, -0.043295, 0.996113, -0.076707, -0.081316, -0.086553, 0.07275, 0.993588, 0.107747, 0.0, 0.0, 0.0, 1.0],
                [0.995407, 0.049118, 0.082168, -5e-06, -0.042829, 0.99614, -0.076629, -0.081316, -0.085614, 0.072758, 0.993668, 0.109381, 0.0, 0.0, 0.0, 1.0],
                [0.99557, 0.048243, 0.080708, -5e-06, -0.04207, 0.996181, -0.076505, -0.081316, -0.084091, 0.07277, 0.993797, 0.111962, 0.0, 0.0, 0.0, 1.0],
                [0.995786, 0.04705, 0.078718, -5e-06, -0.041037, 0.996237, -0.07634, -0.081316, -0.082014, 0.072788, 0.99397, 0.115369, 0.0, 0.0, 0.0, 1.0],
                [0.996049, 0.045558, 0.076229, -5e-06, -0.039743, 0.996305, -0.07614, -0.081316, -0.079416, 0.072809, 0.994179, 0.119486, 0.0, 0.0, 0.0, 1.0],
                [0.99635, 0.043786, 0.073271, -5e-06, -0.038205, 0.996382, -0.075911, -0.081316, -0.07633, 0.072835, 0.994419, 0.124194, 0.0, 0.0, 0.0, 1.0],
                [0.996682, 0.041752, 0.069875, -5e-06, -0.036439, 0.996468, -0.075659, -0.081316, -0.072787, 0.072862, 0.994683, 0.129374, 0.0, 0.0, 0.0, 1.0],
                [0.997034, 0.039475, 0.066072, -5e-06, -0.034461, 0.996558, -0.075391, -0.081316, -0.068821, 0.072891, 0.994963, 0.134909, 0.0, 0.0, 0.0, 1.0],
                [0.997398, 0.036974, 0.061893, -5e-06, -0.032286, 0.996653, -0.075112, -0.081316, -0.064463, 0.072919, 0.995253, 0.14068, 0.0, 0.0, 0.0, 1.0],
                [0.997765, 0.034268, 0.057369, -5e-06, -0.02993, 0.996747, -0.07483, -0.081316, -0.059746, 0.072946, 0.995545, 0.146569, 0.0, 0.0, 0.0, 1.0],
                [0.998126, 0.031374, 0.05253, -5e-06, -0.02741, 0.996841, -0.07455, -0.081316, -0.054703, 0.07297, 0.995833, 0.152459, 0.0, 0.0, 0.0, 1.0],
                [0.998474, 0.028312, 0.047408, -5e-06, -0.024742, 0.996931, -0.074278, -0.081316, -0.049365, 0.072991, 0.99611, 0.15823, 0.0, 0.0, 0.0, 1.0],
                [0.998801, 0.0251, 0.042034, -5e-06, -0.021941, 0.997016, -0.074019, -0.081316, -0.043767, 0.073008, 0.996371, 0.163765, 0.0, 0.0, 0.0, 1.0],
                [0.999099, 0.021758, 0.03644, -5e-06, -0.019023, 0.997093, -0.07378, -0.081316, -0.037939, 0.07302, 0.996609, 0.168945, 0.0, 0.0, 0.0, 1.0],
                [0.999362, 0.018303, 0.030656, -5e-06, -0.016006, 0.997162, -0.073565, -0.081316, -0.031915, 0.073028, 0.996819, 0.173653, 0.0, 0.0, 0.0, 1.0],
                [0.999586, 0.014755, 0.024714, -5e-06, -0.012906, 0.997221, -0.073381, -0.081316, -0.025728, 0.073031, 0.996998, 0.177769, 0.0, 0.0, 0.0, 1.0],
                [0.999764, 0.011132, 0.018646, -5e-06, -0.009739, 0.997268, -0.07323, -0.081316, -0.01941, 0.073031, 0.997141, 0.181177, 0.0, 0.0, 0.0, 1.0],
                [0.999894, 0.007453, 0.012483, -5e-06, -0.006521, 0.997302, -0.073118, -0.081316, -0.012994, 0.073028, 0.997245, 0.183757, 0.0, 0.0, 0.0, 1.0],
                [0.999973, 0.003736, 0.006257, -5e-06, -0.003269, 0.997323, -0.073048, -0.081316, -0.006513, 0.073026, 0.997309, 0.185392, 0.0, 0.0, 0.0, 1.0],
                [1.0, -0.0, 0.0, -5e-06, 0.0, 0.99733, -0.073024, -0.081316, -0.0, 0.073024, 0.99733, 0.185963, 0.0, 0.0, 0.0, 1.0],
                [0.999973, -0.003737, -0.006257, -5e-06, 0.00327, 0.997323, -0.073048, -0.081316, 0.006513, 0.073026, 0.997309, 0.185431, 0.0, 0.0, 0.0, 1.0],
                [0.999894, -0.007455, -0.012482, -5e-06, 0.006523, 0.997302, -0.073118, -0.081316, 0.012993, 0.073029, 0.997245, 0.183907, 0.0, 0.0, 0.0, 1.0],
                [0.999764, -0.011137, -0.018643, -5e-06, 0.009743, 0.997267, -0.07323, -0.081316, 0.019408, 0.073031, 0.997141, 0.181503, 0.0, 0.0, 0.0, 1.0],
                [0.999586, -0.014763, -0.024709, -5e-06, 0.012914, 0.99722, -0.073381, -0.081316, 0.025724, 0.073031, 0.996998, 0.178327, 0.0, 0.0, 0.0, 1.0],
                [0.999362, -0.018315, -0.030649, -5e-06, 0.016019, 0.997162, -0.073566, -0.081316, 0.031909, 0.073028, 0.996819, 0.17449, 0.0, 0.0, 0.0, 1.0],
                [0.999099, -0.021774, -0.03643, -5e-06, 0.01904, 0.997093, -0.07378, -0.081316, 0.037931, 0.07302, 0.996609, 0.170103, 0.0, 0.0, 0.0, 1.0],
                [0.998801, -0.025122, -0.042022, -5e-06, 0.021962, 0.997015, -0.074019, -0.081316, 0.043756, 0.073007, 0.996371, 0.165276, 0.0, 0.0, 0.0, 1.0],
                [0.998474, -0.028338, -0.047393, -5e-06, 0.024769, 0.99693, -0.074278, -0.081316, 0.049352, 0.07299, 0.996111, 0.160117, 0.0, 0.0, 0.0, 1.0],
                [0.998126, -0.031406, -0.052511, -5e-06, 0.027443, 0.99684, -0.07455, -0.081316, 0.054687, 0.072969, 0.995834, 0.154739, 0.0, 0.0, 0.0, 1.0],
                [0.997765, -0.034305, -0.057347, -5e-06, 0.029969, 0.996746, -0.07483, -0.081316, 0.059727, 0.072945, 0.995546, 0.14925, 0.0, 0.0, 0.0, 1.0],
                [0.997398, -0.037017, -0.061868, -5e-06, 0.03233, 0.996651, -0.075113, -0.081316, 0.064441, 0.072918, 0.995254, 0.143762, 0.0, 0.0, 0.0, 1.0],
                [0.997034, -0.039524, -0.066044, -5e-06, 0.034511, 0.996557, -0.075392, -0.081316, 0.068796, 0.072889, 0.994965, 0.138383, 0.0, 0.0, 0.0, 1.0],
                [0.996682, -0.041806, -0.069844, -5e-06, 0.036495, 0.996466, -0.07566, -0.081316, 0.07276, 0.07286, 0.994685, 0.133225, 0.0, 0.0, 0.0, 1.0],
                [0.99635, -0.043844, -0.073237, -5e-06, 0.038266, 0.99638, -0.075912, -0.081316, 0.0763, 0.072832, 0.994422, 0.128397, 0.0, 0.0, 0.0, 1.0],
                [0.996049, -0.045621, -0.076192, -5e-06, 0.039808, 0.996302, -0.076141, -0.081316, 0.079384, 0.072807, 0.994182, 0.12401, 0.0, 0.0, 0.0, 1.0],
                [0.995786, -0.047117, -0.078679, -5e-06, 0.041106, 0.996234, -0.076341, -0.081316, 0.08198, 0.072785, 0.993973, 0.120174, 0.0, 0.0, 0.0, 1.0],
                [0.995569, -0.048313, -0.080667, -5e-06, 0.042143, 0.996178, -0.076506, -0.081316, 0.084055, 0.072767, 0.993801, 0.116998, 0.0, 0.0, 0.0, 1.0],
                [0.995407, -0.04919, -0.082125, -5e-06, 0.042904, 0.996136, -0.07663, -0.081316, 0.085577, 0.072755, 0.993672, 0.114593, 0.0, 0.0, 0.0, 1.0],
                [0.995306, -0.049731, -0.083023, -5e-06, 0.043372, 0.99611, -0.076708, -0.081316, 0.086515, 0.072747, 0.993591, 0.11307, 0.0, 0.0, 0.0, 1.0],
                [0.995271, -0.049915, -0.083329, -5e-06, 0.043532, 0.996101, -0.076735, -0.081316, 0.086834, 0.072745, 0.993563, 0.112537, 0.0, 0.0, 0.0, 1.0],
                [0.995302, -0.049753, -0.083059, -5e-06, 0.043391, 0.996108, -0.076717, -0.081316, 0.086552, 0.072753, 0.993587, 0.112753, 0.0, 0.0, 0.0, 1.0],
                [0.995391, -0.04928, -0.082272, -5e-06, 0.04298, 0.99613, -0.076666, -0.081316, 0.085731, 0.072776, 0.993657, 0.113382, 0.0, 0.0, 0.0, 1.0],
                [0.995532, -0.04852, -0.081005, -5e-06, 0.04232, 0.996165, -0.076582, -0.081316, 0.08441, 0.072812, 0.993767, 0.114394, 0.0, 0.0, 0.0, 1.0],
                [0.995719, -0.047494, -0.079295, -5e-06, 0.041428, 0.996211, -0.076471, -0.081316, 0.082627, 0.072859, 0.993914, 0.115759, 0.0, 0.0, 0.0, 1.0],
                [0.995945, -0.046224, -0.077179, -5e-06, 0.040323, 0.996267, -0.076336, -0.081316, 0.08042, 0.072914, 0.994091, 0.117449, 0.0, 0.0, 0.0, 1.0],
                [0.996203, -0.044732, -0.074693, -5e-06, 0.039026, 0.99633, -0.076181, -0.081316, 0.077827, 0.072977, 0.994292, 0.119433, 0.0, 0.0, 0.0, 1.0],
                [0.996485, -0.04304, -0.071873, -5e-06, 0.037554, 0.9964, -0.076008, -0.081316, 0.074886, 0.073042, 0.994514, 0.121683, 0.0, 0.0, 0.0, 1.0],
                [0.996784, -0.041171, -0.068757, -5e-06, 0.035928, 0.996474, -0.075822, -0.081316, 0.071636, 0.073108, 0.994748, 0.124168, 0.0, 0.0, 0.0, 1.0],
                [0.997092, -0.039146, -0.065381, -5e-06, 0.034166, 0.996551, -0.075627, -0.081316, 0.068116, 0.073173, 0.99499, 0.12686, 0.0, 0.0, 0.0, 1.0],
                [0.997404, -0.036987, -0.061781, -5e-06, 0.032286, 0.996629, -0.075425, -0.081316, 0.064363, 0.073235, 0.995236, 0.129728, 0.0, 0.0, 0.0, 1.0],
                [0.997713, -0.034717, -0.057995, -5e-06, 0.03031, 0.996706, -0.07522, -0.081316, 0.060416, 0.07329, 0.995479, 0.132744, 0.0, 0.0, 0.0, 1.0],
                [0.998013, -0.032358, -0.05406, -5e-06, 0.028255, 0.996782, -0.075015, -0.081316, 0.056313, 0.073339, 0.995716, 0.135878, 0.0, 0.0, 0.0, 1.0],
                [0.9983, -0.029932, -0.050012, -5e-06, 0.026141, 0.996855, -0.074813, -0.081316, 0.052094, 0.073378, 0.995943, 0.1391, 0.0, 0.0, 0.0, 1.0],
                [0.998569, -0.027461, -0.045888, -5e-06, 0.023987, 0.996924, -0.074616, -0.081316, 0.047796, 0.073408, 0.996156, 0.142381, 0.0, 0.0, 0.0, 1.0],
                [0.998817, -0.024967, -0.041726, -5e-06, 0.021812, 0.996988, -0.074426, -0.081316, 0.043458, 0.073428, 0.996353, 0.145691, 0.0, 0.0, 0.0, 1.0],
                [0.999042, -0.022474, -0.037562, -5e-06, 0.019637, 0.997047, -0.074245, -0.081316, 0.03912, 0.073436, 0.996533, 0.149002, 0.0, 0.0, 0.0, 1.0],
                [0.999241, -0.020002, -0.033435, -5e-06, 0.017481, 0.9971, -0.074074, -0.081316, 0.03482, 0.073434, 0.996692, 0.152283, 0.0, 0.0, 0.0, 1.0],
                [0.999414, -0.017575, -0.029381, -5e-06, 0.015362, 0.997146, -0.073916, -0.081316, 0.030596, 0.073421, 0.996832, 0.155505, 0.0, 0.0, 0.0, 1.0],
                [0.999561, -0.015215, -0.025437, -5e-06, 0.013301, 0.997187, -0.07377, -0.081316, 0.026488, 0.073399, 0.996951, 0.158639, 0.0, 0.0, 0.0, 1.0],
                [0.999682, -0.012943, -0.021642, -5e-06, 0.011317, 0.997221, -0.073637, -0.081316, 0.022535, 0.073369, 0.99705, 0.161654, 0.0, 0.0, 0.0, 1.0],
                [0.999779, -0.010783, -0.018031, -5e-06, 0.009429, 0.997249, -0.073518, -0.081316, 0.018774, 0.073332, 0.997131, 0.164523, 0.0, 0.0, 0.0, 1.0],
                [0.999854, -0.008756, -0.014643, -5e-06, 0.007658, 0.997272, -0.073412, -0.081316, 0.015246, 0.073289, 0.997194, 0.167215, 0.0, 0.0, 0.0, 1.0],
                [0.99991, -0.006884, -0.011514, -5e-06, 0.006022, 0.997291, -0.07332, -0.081316, 0.011987, 0.073244, 0.997242, 0.1697, 0.0, 0.0, 0.0, 1.0],
                [0.999949, -0.00519, -0.008682, -5e-06, 0.004541, 0.997304, -0.073241, -0.081316, 0.009038, 0.073198, 0.997277, 0.17195, 0.0, 0.0, 0.0, 1.0],
                [0.999974, -0.003697, -0.006184, -5e-06, 0.003234, 0.997314, -0.073174, -0.081316, 0.006437, 0.073152, 0.9973, 0.173934, 0.0, 0.0, 0.0, 1.0],
                [0.999989, -0.002425, -0.004056, -5e-06, 0.002122, 0.997321, -0.07312, -0.081316, 0.004223, 0.073111, 0.997315, 0.175623, 0.0, 0.0, 0.0, 1.0],
                [0.999996, -0.001397, -0.002337, -5e-06, 0.001223, 0.997326, -0.073079, -0.081316, 0.002433, 0.073075, 0.997324, 0.176989, 0.0, 0.0, 0.0, 1.0],
                [0.999999, -0.000636, -0.001064, -5e-06, 0.000556, 0.997328, -0.073049, -0.081316, 0.001107, 0.073048, 0.997328, 0.178001, 0.0, 0.0, 0.0, 1.0],
                [1.0, -0.000163, -0.000272, -5e-06, 0.000142, 0.99733, -0.073031, -0.081316, 0.000283, 0.073031, 0.99733, 0.178629, 0.0, 0.0, 0.0, 1.0],
                [1.0, 0.0, -0.0, -5e-06, -0.0, 0.99733, -0.073025, -0.081316, 0.0, 0.073025, 0.99733, 0.178846, 0.0, 0.0, 0.0, 1.0]
            ]
        },
        {
            "name": "Thigh_R",
            "time": [0.0, 0.0167, 0.0333, 0.05, 0.0667, 0.0833, 0.1, 0.1167, 0.1333, 0.15, 0.1667, 0.1833, 0.2, 0.2167, 0.2333, 0.25, 0.2667, 0.2833, 0.3, 0.3167, 0.3333, 0.35, 0.3667, 0.3833, 0.4, 0.4167, 0.4333, 0.45, 0.4667, 0.4833, 0.5, 0.5167, 0.5333, 0.55, 0.5667, 0.5833, 0.6, 0.6167, 0.6333, 0.65, 0.6667, 0.6833, 0.7, 0.7167, 0.7333, 0.75, 0.7667, 0.7833, 0.8, 0.8167, 0.8333, 0.85, 0.8667, 0.8833, 0.9, 0.9167, 0.9333, 0.95, 0.9667, 0.9833, 1.0, 1.0167, 1.0333, 1.05, 1.0667, 1.0833, 1.1, 1.1167, 1.1333, 1.15, 1.1667, 1.1833, 1.2, 1.2167, 1.2333, 1.25, 1.2667, 1.2833, 1.3, 1.3167, 1.3333, 1.35, 1.3667, 1.3833, 1.4, 1.4167, 1.4333, 1.45, 1.4667, 1.4833, 1.5, 1.5167, 1.5333, 1.55, 1.5667, 1.5833, 1.6, 1.6167, 1.6333, 1.65, 1.6667],
            "transform": [
                [0.997073, -0.061489, -0.04544, 0.124994, -0.063453, -0.99705, -0.043137, -0.002831, -0.042654, 0.045894, -0.998036, -1.2e-05, 0.0, 0.0, 0.0, 1.0],
                [0.997033, -0.061799, -0.04589, 0.124994, -0.063775, -0.99704, -0.042909, -0.002831, -0.043102, 0.045708, -0.998025, -1.2e-05, 0.0, 0.0, 0.0, 1.0],
                [0.996916, -0.062668, -0.047228, 0.124994, -0.064719, -0.996965, -0.043224, -0.002831, -0.044376, 0.046147, -0.997948, -1.2e-05, 0.0, 0.0, 0.0, 1.0],
                [0.996722, -0.064014, -0.049451, 0.124994, -0.06629, -0.996745, -0.045832, -0.002831, -0.046357, 0.04896, -0.997725, -1.2e-05, 0.0, 0.0, 0.0, 1.0],
                [0.99645, -0.065776, -0.052537, 0.124994, -0.068508, -0.996293, -0.052007, -0.002831, -0.048921, 0.055422, -0.997264, -1.2e-05, 0.0, 0.0, 0.0, 1.0],
                [0.996095, -0.067906, -0.056424, 0.124994, -0.071385, -0.995511, -0.062107, -0.002831, -0.051953, 0.065892, -0.996473, -1.2e-05, 0.0, 0.0, 0.0, 1.0],
                [0.995654, -0.070357, -0.061016, 0.124994, -0.074897, -0.994318, -0.075626, -0.002831, -0.055349, 0.079867, -0.995268, -1.2e-05, 0.0, 0.0, 0.0, 1.0],
                [0.995127, -0.073068, -0.066191, 0.124994, -0.078966, -0.992679, -0.091378, -0.002831, -0.05903, 0.096159, -0.993615, -1.2e-05, 0.0, 0.0, 0.0, 1.0],
                [0.994523, -0.075962, -0.071793, 0.124994, -0.083443, -0.990675, -0.107688, -0.002831, -0.062943, 0.113088, -0.99159, -1.2e-05, 0.0, 0.0, 0.0, 1.0],
                [0.993851, -0.07894, -0.07764, 0.124994, -0.088097, -0.988536, -0.122607, -0.002831, -0.067072, 0.128692, -0.989414, -1.2e-05, 0.0, 0.0, 0.0, 1.0],
                [0.993136, -0.081866, -0.083534, 0.124994, -0.092615, -0.986619, -0.134174, -0.002831, -0.071432, 0.14099, -0.987431, -1.2e-05, 0.0, 0.0, 0.0, 1.0],
                [0.992379, -0.084936, -0.089273, 0.124994, -0.097095, -0.985076, -0.142106, -0.002831, -0.075871, 0.149691, -0.985818, -1.2e-05, 0.0, 0.0, 0.0, 1.0],
                [0.991567, -0.088472, -0.094692, 0.124994, -0.101798, -0.983929, -0.146684, -0.002831, -0.080193, 0.155086, -0.984641, -1.2e-05, 0.0, 0.0, 0.0, 1.0],
                [0.990716, -0.09249, -0.099633, 0.124994, -0.106587, -0.983377, -0.146989, -0.002831, -0.084382, 0.156244, -0.984108, -1.2e-05, 0.0, 0.0, 0.0, 1.0],
                [0.989843, -0.096999, -0.103927, 0.124994, -0.111312, -0.983561, -0.142181, -0.002831, -0.088427, 0.152305, -0.98437, -1.2e-05, 0.0, 0.0, 0.0, 1.0],
                [0.988971, -0.101992, -0.107396, 0.124994, -0.115817, -0.984521, -0.131536, -0.002831, -0.092318, 0.142523, -0.985478, -1.2e-05, 0.0, 0.0, 0.0, 1.0],
                [0.988124, -0.10742, -0.10987, 0.124994, -0.119941, -0.986151, -0.114529, -0.002831, -0.096046, 0.126347, -0.987326, -1.2e-05, 0.0, 0.0, 0.0, 1.0],
                [0.987331, -0.11319, -0.1112, 0.124994, -0.12352, -0.988172, -0.09086, -0.002831, -0.099601, 0.103444, -0.989636, -1.2e-05, 0.0, 0.0, 0.0, 1.0],
                [0.986621, -0.119148, -0.111276, 0.124994, -0.126393, -0.990134, -0.060477, -0.002831, -0.102972, 0.073732, -0.991948, -1.2e-05, 0.0, 0.0, 0.0, 1.0],
                [0.986026, -0.125085, -0.110037, 0.124994, -0.128403, -0.991441, -0.023573, -0.002831, -0.106146, 0.037373, -0.993648, -1.2e-05, 0.0, 0.0, 0.0, 1.0],
                [0.985572, -0.130744, -0.107487, 0.124994, -0.129399, -0.991401, 0.019428, -0.002831, -0.109103, -0.005239, -0.994017, -1.2e-05, 0.0, 0.0, 0.0, 1.0],
                [0.985288, -0.135837, -0.103709, 0.124994, -0.129246, -0.989287, 0.067858, -0.002831, -0.111815, -0.053456, -0.99229, -1.2e-05, 0.0, 0.0, 0.0, 1.0],
                [0.985195, -0.140056, -0.09887, 0.124994, -0.127824, -0.984414, 0.120776, -0.002831, -0.114245, -0.10635, -0.987744, -1.2e-05, 0.0, 0.0, 0.0, 1.0],
                [0.985307, -0.143094, -0.093239, 0.124994, -0.12504, -0.976253, 0.176895, -0.002831, -0.116338, -0.162637, -0.979803, -1.2e-05, 0.0, 0.0, 0.0, 1.0],
                [0.985631, -0.144664, -0.08719, 0.124994, -0.120832, -0.964581, 0.234477, -0.002831, -0.118022, -0.220573, -0.968204, -1.2e-05, 0.0, 0.0, 0.0, 1.0],
                [0.986166, -0.144503, -0.081209, 0.124994, -0.115186, -0.949713, 0.291161, -0.002831, -0.119199, -0.277778, -0.953221, -1.2e-05, 0.0, 0.0, 0.0, 1.0],
                [0.986896, -0.142355, -0.075957, 0.124994, -0.108171, -0.933018, 0.343179, -0.002831, -0.119723, -0.330465, -0.936194, -1.2e-05, 0.0, 0.0, 0.0, 1.0],
                [0.987784, -0.138006, -0.072367, 0.124994, -0.100044, -0.917688, 0.384496, -0.002831, -0.119473, -0.372559, -0.920286, -1.2e-05, 0.0, 0.0, 0.0, 1.0],
                [0.988776, -0.131402, -0.071096, 0.124994, -0.091147, -0.907601, 0.409817, -0.002831, -0.118378, -0.398736, -0.909393, -1.2e-05, 0.0, 0.0, 0.0, 1.0],
                [0.989825, -0.122491, -0.072398, 0.124994, -0.081831, -0.906313, 0.414605, -0.002831, -0.116401, -0.404461, -0.907118, -1.2e-05, 0.0, 0.0, 0.0, 1.0],
                [0.99089, -0.110923, -0.076373, 0.124994, -0.072381, -0.916872, 0.392561, -0.002831, -0.113569, -0.383456, -0.91655, -1.2e-05, 0.0, 0.0, 0.0, 1.0],
                [0.991906, -0.100029, -0.078204, 0.124994, -0.06545, -0.93059, 0.360159, -0.002831, -0.108803, -0.352125, -0.929607, -1.2e-05, 0.0, 0.0, 0.0, 1.0],
                [0.992839, -0.094466, -0.073121, 0.124994, -0.063456, -0.935651, 0.34717, -0.002831, -0.101212, -0.340043, -0.934948, -1.2e-05, 0.0, 0.0, 0.0, 1.0],
                [0.993638, -0.091964, -0.065006, 0.124994, -0.066023, -0.943299, 0.325309, -0.002831, -0.091237, -0.318947, -0.943371, -1.2e-05, 0.0, 0.0, 0.0, 1.0],
                [0.994226, -0.093537, -0.052575, 0.124994, -0.07192, -0.944541, 0.320415, -0.002831, -0.07963, -0.314783, -0.945817, -1.2e-05, 0.0, 0.0, 0.0, 1.0],
                [0.994562, -0.096054, -0.040232, 0.124994, -0.079544, -0.950037, 0.301827, -0.002831, -0.067214, -0.296986, -0.952513, -1.2e-05, 0.0, 0.0, 0.0, 1.0],
                [0.994653, -0.099186, -0.028744, 0.124994, -0.087681, -0.958199, 0.272328, -0.002831, -0.054554, -0.268351, -0.961775, -1.2e-05, 0.0, 0.0, 0.0, 1.0],
                [0.99455, -0.102596, -0.01854, 0.124994, -0.095419, -0.967382, 0.234656, -0.002831, -0.04201, -0.231608, -0.971902, -1.2e-05, 0.0, 0.0, 0.0, 1.0],
                [0.994321, -0.106348, -0.00373, 0.124994, -0.102174, -0.963912, 0.245825, -0.002831, -0.029738, -0.244047, -0.969307, -1.2e-05, 0.0, 0.0, 0.0, 1.0],
                [0.994032, -0.10872, 0.00889, 0.124994, -0.107633, -0.964307, 0.241915, -0.002831, -0.017729, -0.241428, -0.970257, -1.2e-05, 0.0, 0.0, 0.0, 1.0],
                [0.993725, -0.109761, 0.021478, 0.124994, -0.111691, -0.963871, 0.241814, -0.002831, -0.005839, -0.242695, -0.970085, -1.2e-05, 0.0, 0.0, 0.0, 1.0],
                [0.993467, -0.109268, 0.032913, 0.124994, -0.113965, -0.964893, 0.236624, -0.002831, 0.005902, -0.238829, -0.971044, -1.2e-05, 0.0, 0.0, 0.0, 1.0],
                [0.993295, -0.107396, 0.042792, 0.124994, -0.11422, -0.968844, 0.219755, -0.002831, 0.017858, -0.223169, -0.974616, -1.2e-05, 0.0, 0.0, 0.0, 1.0],
                [0.993166, -0.104164, 0.05262, 0.124994, -0.11258, -0.973934, 0.196911, -0.002831, 0.030737, -0.201489, -0.979009, -1.2e-05, 0.0, 0.0, 0.0, 1.0],
                [0.993009, -0.09954, 0.063446, 0.124994, -0.109069, -0.97927, 0.170678, -0.002831, 0.045141, -0.176404, -0.983282, -1.2e-05, 0.0, 0.0, 0.0, 1.0],
                [0.992708, -0.093493, 0.076085, 0.124994, -0.103633, -0.984343, 0.142572, -0.002831, 0.061565, -0.149418, -0.986856, -1.2e-05, 0.0, 0.0, 0.0, 1.0],
                [0.992114, -0.086019, 0.091156, 0.124994, -0.096173, -0.98886, 0.113589, -0.002831, 0.08037, -0.121459, -0.989337, -1.2e-05, 0.0, 0.0, 0.0, 1.0],
                [0.991037, -0.077154, 0.109055, 0.124994, -0.086575, -0.992657, 0.084463, -0.002831, 0.101738, -0.093147, -0.990441, -1.2e-05, 0.0, 0.0, 0.0, 1.0],
                [0.989261, -0.066994, 0.129899, 0.124994, -0.074747, -0.995641, 0.05575, -0.002831, 0.125598, -0.064861, -0.989959, -1.2e-05, 0.0, 0.0, 0.0, 1.0],
                [0.986582, -0.055705, 0.153468, 0.124994, -0.060676, -0.997766, 0.027899, -0.002831, 0.151571, -0.036837, -0.98776, -1.2e-05, 0.0, 0.0, 0.0, 1.0],
                [0.982855, -0.043529, 0.179168, 0.124994, -0.044471, -0.999008, 0.001244, -0.002831, 0.178936, -0.00919, -0.983818, -1.2e-05, 0.0, 0.0, 0.0, 1.0],
                [0.977898, -0.030582, 0.206832, 0.124994, -0.026183, -0.999368, -0.023975, -0.002831, 0.207435, 0.018029, -0.978083, -1.2e-05, 0.0, 0.0, 0.0, 1.0],
                [0.971617, -0.017102, 0.235941, 0.124994, -0.006014, -0.998845, -0.047637, -0.002831, 0.236483, 0.044866, -0.970599, -1.2e-05, 0.0, 0.0, 0.0, 1.0],
                [0.964197, -0.003608, 0.26516, 0.124994, 0.01544, -0.997445, -0.069717, -0.002831, 0.264735, 0.071315, -0.96168, -1.2e-05, 0.0, 0.0, 0.0, 1.0],
                [0.955985, 0.009369, 0.293263, 0.124994, 0.037426, -0.995218, -0.090208, -0.002831, 0.291016, 0.097213, -0.951766, -1.2e-05, 0.0, 0.0, 0.0, 1.0],
                [0.947466, 0.021309, 0.319146, 0.124994, 0.059094, -0.992262, -0.109185, -0.002831, 0.31435, 0.122308, -0.941395, -1.2e-05, 0.0, 0.0, 0.0, 1.0],
                [0.939228, 0.031719, 0.341825, 0.124994, 0.07954, -0.988732, -0.126804, -0.002831, 0.333952, 0.146287, -0.93117, -1.2e-05, 0.0, 0.0, 0.0, 1.0],
                [0.931926, 0.040148, 0.360418, 0.124994, 0.097854, -0.984825, -0.143318, -0.002831, 0.349195, 0.16883, -0.921716, -1.2e-05, 0.0, 0.0, 0.0, 1.0],
                [0.926239, 0.046188, 0.374096, 0.124994, 0.113148, -0.980763, -0.159057, -0.002831, 0.359554, 0.189653, -0.913649, -1.2e-05, 0.0, 0.0, 0.0, 1.0],
                [0.92283, 0.049456, 0.382019, 0.124994, 0.124565, -0.976752, -0.174457, -0.002831, 0.364511, 0.20858, -0.907539, -1.2e-05, 0.0, 0.0, 0.0, 1.0],
                [0.922319, 0.049584, 0.383234, 0.124994, 0.131272, -0.972959, -0.190043, -0.002831, 0.363448, 0.225587, -0.90389, -1.2e-05, 0.0, 0.0, 0.0, 1.0],
                [0.924136, 0.04854, 0.378966, 0.124994, 0.132791, -0.970863, -0.199466, -0.002831, 0.358243, 0.234657, -0.903658, -1.2e-05, 0.0, 0.0, 0.0, 1.0],
                [0.92722, 0.048697, 0.371336, 0.124994, 0.129513, -0.972027, -0.195921, -0.002831, 0.351409, 0.229754, -0.907593, -1.2e-05, 0.0, 0.0, 0.0, 1.0],
                [0.931347, 0.049833, 0.360707, 0.124994, 0.121997, -0.976043, -0.180151, -0.002831, 0.343088, 0.211788, -0.915116, -1.2e-05, 0.0, 0.0, 0.0, 1.0],
                [0.936244, 0.051302, 0.347582, 0.124994, 0.110878, -0.98187, -0.153737, -0.002831, 0.333394, 0.182474, -0.924961, -1.2e-05, 0.0, 0.0, 0.0, 1.0],
                [0.941627, 0.052354, 0.332561, 0.124994, 0.096849, -0.988199, -0.118653, -0.002831, 0.322426, 0.143934, -0.935588, -1.2e-05, 0.0, 0.0, 0.0, 1.0],
                [0.947217, 0.052394, 0.316283, 0.124994, 0.08064, -0.993772, -0.076882, -0.002831, 0.310285, 0.098329, -0.945545, -1.2e-05, 0.0, 0.0, 0.0, 1.0],
                [0.95277, 0.051076, 0.299365, 0.124994, 0.062996, -0.997552, -0.030297, -0.002831, 0.297086, 0.047725, -0.953657, -1.2e-05, 0.0, 0.0, 0.0, 1.0],
                [0.958091, 0.048317, 0.282358, 0.124994, 0.044657, -0.998812, 0.019388, -0.002831, 0.282959, -0.005967, -0.959113, -1.2e-05, 0.0, 0.0, 0.0, 1.0],
                [0.963042, 0.044239, 0.265689, 0.124994, 0.026339, -0.997158, 0.070565, -0.002831, 0.268056, -0.060959, -0.961473, -1.2e-05, 0.0, 0.0, 0.0, 1.0],
                [0.967547, 0.039103, 0.249649, 0.124994, 0.008713, -0.992528, 0.121696, -0.002831, 0.252542, -0.115571, -0.960659, -1.2e-05, 0.0, 0.0, 0.0, 1.0],
                [0.97157, 0.033261, 0.234403, 0.124994, -0.007461, -0.985288, 0.170733, -0.002831, 0.236633, -0.167628, -0.95703, -1.2e-05, 0.0, 0.0, 0.0, 1.0],
                [0.975146, 0.027107, 0.219895, 0.124994, -0.021536, -0.97619, 0.215839, -0.002831, 0.22051, -0.21521, -0.951347, -1.2e-05, 0.0, 0.0, 0.0, 1.0],
                [0.978351, 0.021019, 0.205881, 0.124994, -0.03312, -0.966102, 0.25602, -0.002831, 0.204284, -0.257296, -0.944492, -1.2e-05, 0.0, 0.0, 0.0, 1.0],
                [0.981267, 0.015348, 0.192039, 0.124994, -0.041906, -0.955947, 0.290529, -0.002831, 0.188039, -0.293134, -0.937397, -1.2e-05, 0.0, 0.0, 0.0, 1.0],
                [0.983973, 0.010421, 0.17801, 0.124994, -0.04766, -0.946602, 0.318861, -0.002831, 0.171828, -0.322234, -0.930936, -1.2e-05, 0.0, 0.0, 0.0, 1.0],
                [0.986566, 0.006136, 0.163249, 0.124994, -0.050219, -0.939514, 0.338806, -0.002831, 0.155453, -0.342452, -0.926586, -1.2e-05, 0.0, 0.0, 0.0, 1.0],
                [0.9891, 0.002362, 0.147226, 0.124994, -0.049636, -0.935998, 0.348484, -0.002831, 0.138626, -0.351993, -0.925681, -1.2e-05, 0.0, 0.0, 0.0, 1.0],
                [0.991549, -0.00055, 0.129731, 0.124994, -0.046092, -0.936243, 0.348313, -0.002831, 0.121269, -0.351348, -0.928358, -1.2e-05, 0.0, 0.0, 0.0, 1.0],
                [0.993846, -0.002134, 0.110744, 0.124994, -0.03984, -0.939787, 0.339425, -0.002831, 0.103352, -0.341747, -0.934091, -1.2e-05, 0.0, 0.0, 0.0, 1.0],
                [0.9959, -0.001579, 0.090448, 0.124994, -0.031219, -0.944416, 0.327262, -0.002831, 0.084904, -0.328744, -0.940595, -1.2e-05, 0.0, 0.0, 0.0, 1.0],
                [0.997599, 0.002517, 0.069208, 0.124994, -0.020768, -0.94247, 0.333638, -0.002831, 0.066066, -0.334274, -0.940157, -1.2e-05, 0.0, 0.0, 0.0, 1.0],
                [0.998836, 0.007957, 0.047576, 0.124994, -0.009643, -0.933451, 0.358572, -0.002831, 0.047263, -0.358613, -0.93229, -1.2e-05, 0.0, 0.0, 0.0, 1.0],
                [0.999574, 0.011182, 0.02695, 0.124994, 0.000503, -0.930118, 0.367258, -0.002831, 0.029174, -0.367087, -0.929729, -1.2e-05, 0.0, 0.0, 0.0, 1.0],
                [0.999886, 0.012388, 0.008528, 0.124994, 0.008721, -0.939554, 0.342287, -0.002831, 0.012253, -0.342173, -0.939557, -1.2e-05, 0.0, 0.0, 0.0, 1.0],
                [0.999885, 0.0132, -0.007388, 0.124994, 0.014766, -0.957782, 0.28711, -0.002831, -0.003286, -0.287185, -0.95787, -1.2e-05, 0.0, 0.0, 0.0, 1.0],
                [0.999691, 0.013016, -0.021195, 0.124994, 0.018089, -0.965333, 0.260389, -0.002831, -0.017071, -0.260692, -0.965271, -1.2e-05, 0.0, 0.0, 0.0, 1.0],
                [0.999412, 0.011547, -0.032304, 0.124994, 0.018544, -0.974059, 0.225526, -0.002831, -0.028862, -0.225992, -0.973702, -1.2e-05, 0.0, 0.0, 0.0, 1.0],
                [0.999125, 0.007411, -0.041162, 0.124994, 0.016289, -0.97542, 0.219742, -0.002831, -0.038522, -0.22022, -0.974689, -1.2e-05, 0.0, 0.0, 0.0, 1.0],
                [0.998873, 0.00089, -0.047433, 0.124994, 0.011671, -0.973705, 0.227502, -0.002831, -0.045984, -0.227799, -0.972622, -1.2e-05, 0.0, 0.0, 0.0, 1.0],
                [0.998674, -0.007005, -0.050993, 0.124994, 0.005134, -0.9722, 0.23409, -0.002831, -0.051215, -0.234041, -0.970877, -1.2e-05, 0.0, 0.0, 0.0, 1.0],
                [0.998522, -0.015324, -0.052132, 0.124994, -0.002897, -0.97306, 0.230529, -0.002831, -0.054261, -0.230037, -0.971668, -1.2e-05, 0.0, 0.0, 0.0, 1.0],
                [0.998391, -0.023279, -0.051702, 0.124994, -0.011917, -0.977616, 0.210051, -0.002831, -0.055435, -0.209097, -0.976323, -1.2e-05, 0.0, 0.0, 0.0, 1.0],
                [0.99825, -0.030866, -0.050435, 0.124994, -0.021369, -0.983612, 0.179018, -0.002831, -0.055134, -0.177627, -0.982553, -1.2e-05, 0.0, 0.0, 0.0, 1.0],
                [0.998081, -0.037981, -0.048902, 0.124994, -0.030739, -0.989509, 0.141147, -0.002831, -0.05375, -0.139373, -0.98878, -1.2e-05, 0.0, 0.0, 0.0, 1.0],
                [0.99788, -0.044479, -0.047505, 0.124994, -0.039573, -0.994235, 0.09964, -0.002831, -0.051663, -0.097549, -0.993889, -1.2e-05, 0.0, 0.0, 0.0, 1.0],
                [0.997658, -0.050181, -0.046468, 0.124994, -0.047471, -0.997202, 0.057707, -0.002831, -0.049234, -0.055366, -0.997251, -1.2e-05, 0.0, 0.0, 0.0, 1.0],
                [0.997438, -0.054902, -0.045848, 0.124994, -0.054089, -0.998358, 0.018775, -0.002831, -0.046804, -0.016247, -0.998773, -1.2e-05, 0.0, 0.0, 0.0, 1.0],
                [0.997249, -0.058461, -0.045567, 0.124994, -0.059131, -0.998157, -0.013487, -0.002831, -0.044695, 0.016144, -0.99887, -1.2e-05, 0.0, 0.0, 0.0, 1.0],
                [0.997119, -0.060705, -0.045471, 0.124994, -0.062333, -0.99743, -0.035273, -0.002831, -0.043213, 0.038006, -0.998343, -1.2e-05, 0.0, 0.0, 0.0, 1.0],
                [0.997073, -0.061489, -0.04544, 0.124994, -0.063453, -0.99705, -0.043137, -0.002831, -0.042654, 0.045894, -0.998036, -1.2e-05, 0.0, 0.0, 0.0, 1.0]
            ]
        },
        {
            "name": "Leg_R",
            "time": [0.0, 0.0167, 0.0333, 0.05, 0.0667, 0.0833, 0.1, 0.1167, 0.1333, 0.15, 0.1667, 0.1833, 0.2, 0.2167, 0.2333, 0.25, 0.2667, 0.2833, 0.3, 0.3167, 0.3333, 0.35, 0.3667, 0.3833, 0.4, 0.4167, 0.4333, 0.45, 0.4667, 0.4833, 0.5, 0.5167, 0.5333, 0.55, 0.5667, 0.5833, 0.6, 0.6167, 0.6333, 0.65, 0.6667, 0.6833, 0.7, 0.7167, 0.7333, 0.75, 0.7667, 0.7833, 0.8, 0.8167, 0.8333, 0.85, 0.8667, 0.8833, 0.9, 0.9167, 0.9333, 0.95, 0.9667, 0.9833, 1.0, 1.0167, 1.0333, 1.05, 1.0667, 1.0833, 1.1, 1.1167, 1.1333, 1.15, 1.1667, 1.1833, 1.2, 1.2167, 1.2333, 1.25, 1.2667, 1.2833, 1.3, 1.3167, 1.3333, 1.35, 1.3667, 1.3833, 1.4, 1.4167, 1.4333, 1.45, 1.4667, 1.4833, 1.5, 1.5167, 1.5333, 1.55, 1.5667, 1.5833, 1.6, 1.6167, 1.6333, 1.65, 1.6667],
            "transform": [
                [1.0, -0.0, 1e-06, 0.0, -0.0, 0.915739, 0.401782, 0.374726, -1e-06, -0.401784, 0.91573, -0.0, 0.0, 0.0, 0.0, 1.0],
                [1.0, -0.0, 1e-06, -0.0, -0.0, 0.912271, 0.409595, 0.374726, -1e-06, -0.409598, 0.912262, -0.0, 0.0, 0.0, 0.0, 1.0],
                [1.0, -0.0, 1e-06, 0.0, -0.0, 0.90324, 0.429143, 0.374726, -1e-06, -0.429145, 0.903232, 0.0, 0.0, 0.0, 0.0, 1.0],
                [1.0, -0.0, 1e-06, 0.0, -0.0, 0.890932, 0.454144, 0.374726, -1e-06, -0.454147, 0.890923, 0.0, 0.0, 0.0, 0.0, 1.0],
                [1.0, -0.0, 1e-06, -0.0, -0.0, 0.87764, 0.479324, 0.374726, -1e-06, -0.479327, 0.877633, -0.0, 0.0, 0.0, 0.0, 1.0],
                [1.0, -0.0, 1e-06, -0.0, -0.0, 0.865346, 0.50118, 0.374726, -1e-06, -0.501183, 0.865338, -0.0, 0.0, 0.0, 0.0, 1.0],
                [1.000001, -0.0, 1e-06, 0.0, -0.0, 0.855522, 0.517771, 0.374726, -1e-06, -0.517774, 0.855515, 0.0, 0.0, 0.0, 0.0, 1.0],
                [1.0, -0.0, 1e-06, 0.0, -0.0, 0.849063, 0.528297, 0.374726, -1e-06, -0.528299, 0.849055, 0.0, 0.0, 0.0, 0.0, 1.0],
                [1.0, -0.0, 1e-06, -0.0, -0.0, 0.846292, 0.532723, 0.374726, -1e-06, -0.532726, 0.846285, -0.0, 0.0, 0.0, 0.0, 1.0],
                [1.0, -0.0, 1e-06, -0.0, -0.0, 0.847103, 0.531433, 0.374726, -1e-06, -0.531436, 0.847096, -0.0, 0.0, 0.0, 0.0, 1.0],
                [1.0, -0.0, 1e-06, -0.0, -0.0, 0.851207, 0.524835, 0.374726, -1e-06, -0.524838, 0.8512, -0.0, 0.0, 0.0, 0.0, 1.0],
                [1.0, -0.0, 1e-06, -0.0, -0.0, 0.856482, 0.516182, 0.374726, -1e-06, -0.516185, 0.856474, -0.0, 0.0, 0.0, 0.0, 1.0],
                [1.0, -0.0, 1e-06, -0.0, -0.0, 0.86053, 0.509405, 0.374726, -1e-06, -0.509408, 0.860522, -0.0, 0.0, 0.0, 0.0, 1.0],
                [1.0, -0.0, 1e-06, -0.0, -0.0, 0.862743, 0.505648, 0.374726, -1e-06, -0.50565, 0.862734, 0.0, 0.0, 0.0, 0.0, 1.0],
                [1.0, -0.0, 1e-06, -0.0, -0.0, 0.862598, 0.505895, 0.374726, -1e-06, -0.505898, 0.86259, 0.0, 0.0, 0.0, 0.0, 1.0],
                [1.0, -0.0, 1e-06, -0.0, -0.0, 0.859659, 0.510874, 0.374726, -1e-06, -0.510877, 0.859651, -0.0, 0.0, 0.0, 0.0, 1.0],
                [1.000001, -0.0, 1e-06, -0.0, -0.0, 0.853643, 0.520864, 0.374726, -1e-06, -0.520867, 0.853634, 0.0, 0.0, 0.0, 0.0, 1.0],
                [1.0, -0.0, 1e-06, 0.0, -0.0, 0.844441, 0.535654, 0.374726, -1e-06, -0.535656, 0.844433, -0.0, 0.0, 0.0, 0.0, 1.0],
                [1.0, -0.0, 1e-06, 0.0, -0.0, 0.832182, 0.554506, 0.374726, -1e-06, -0.554509, 0.832175, -0.0, 0.0, 0.0, 0.0, 1.0],
                [1.000001, -0.0, 1e-06, -0.0, -0.0, 0.817277, 0.576249, 0.374726, -1e-06, -0.576251, 0.817272, -0.0, 0.0, 0.0, 0.0, 1.0],
                [1.000001, -0.0, 1e-06, -0.0, -0.0, 0.800472, 0.599372, 0.374726, -1e-06, -0.599375, 0.800467, 0.0, 0.0, 0.0, 0.0, 1.0],
                [1.0, -0.0, 1e-06, -0.0, -0.0, 0.782919, 0.622125, 0.374726, -1e-06, -0.622128, 0.782914, 0.0, 0.0, 0.0, 0.0, 1.0],
                [1.0, -0.0, 1e-06, -0.0, -0.0, 0.76623, 0.642568, 0.374726, -1e-06, -0.64257, 0.766225, 0.0, 0.0, 0.0, 0.0, 1.0],
                [1.0, -0.0, 1e-06, -0.0, -0.0, 0.752556, 0.65853, 0.374726, -1e-06, -0.658533, 0.75255, 0.0, 0.0, 0.0, 0.0, 1.0],
                [1.0, -1e-06, 1e-06, -0.0, -0.0, 0.744655, 0.667451, 0.374726, -1e-06, -0.667454, 0.744649, -0.0, 0.0, 0.0, 0.0, 1.0],
                [1.0, -0.0, 1e-06, -0.0, -0.0, 0.745978, 0.665973, 0.374726, -1e-06, -0.665976, 0.745972, 0.0, 0.0, 0.0, 0.0, 1.0],
                [1.0, -0.0, 1e-06, 0.0, -0.0, 0.760513, 0.649325, 0.374726, -1e-06, -0.649329, 0.760506, -0.0, 0.0, 0.0, 0.0, 1.0],
                [1.0, -0.0, 1e-06, 0.0, -0.0, 0.790806, 0.612069, 0.374726, -1e-06, -0.612072, 0.790799, -0.0, 0.0, 0.0, 0.0, 1.0],
                [1.0, -0.0, 1e-06, 0.0, -0.0, 0.835993, 0.548743, 0.374726, -1e-06, -0.548746, 0.835987, 0.0, 0.0, 0.0, 0.0, 1.0],
                [1.0, -0.0, 1e-06, 0.0, -0.0, 0.891553, 0.452922, 0.374726, -1e-06, -0.452925, 0.891544, 0.0, 0.0, 0.0, 0.0, 1.0],
                [1.0, -0.0, 1e-06, -0.0, -0.0, 0.949582, 0.313533, 0.374726, -1e-06, -0.313535, 0.949573, -0.0, 0.0, 0.0, 0.0, 1.0],
                [1.0, -0.0, 1e-06, -0.0, -0.0, 0.986291, 0.16504, 0.374726, -1e-06, -0.165041, 0.986282, 0.0, 0.0, 0.0, 0.0, 1.0],
                [1.0, -0.0, 1e-06, -0.0, -0.0, 0.996972, 0.077836, 0.374726, -1e-06, -0.077837, 0.99696, 0.0, 0.0, 0.0, 0.0, 1.0],
                [1.0, 0.0, 1e-06, 0.0, -0.0, 0.999994, 0.00468, 0.374726, -1e-06, -0.00468, 0.999984, 0.0, 0.0, 0.0, 0.0, 1.0],
                [1.0, 0.0, 1e-06, 0.0, 0.0, 0.999994, 0.004681, 0.374726, -1e-06, -0.004682, 0.999983, -0.0, 0.0, 0.0, 0.0, 1.0],
                [1.000001, 0.0, 1e-06, 0.0, -0.0, 0.999993, 0.004682, 0.374726, -1e-06, -0.004682, 0.999985, 0.0, 0.0, 0.0, 0.0, 1.0],
                [1.000001, -0.0, 1e-06, -0.0, -0.0, 0.999995, 0.004681, 0.374726, -1e-06, -0.004682, 0.999984, 0.0, 0.0, 0.0, 0.0, 1.0],
                [1.0, -0.0, 1e-06, -0.0, 0.0, 0.999994, 0.00468, 0.374726, -1e-06, -0.00468, 0.999983, 0.0, 0.0, 0.0, 0.0, 1.0],
