{
    "animation": [
        {
            "name": "Root",
            "time": [0.0, 0.008, 0.016, 0.024, 0.032, 0.04, 0.048, 0.056, 0.064, 0.072, 0.08, 0.088, 0.096, 0.104, 0.112, 0.12, 0.128, 0.136, 0.144, 0.152, 0.16, 0.168, 0.176, 0.184, 0.192, 0.2, 0.208, 0.216, 0.224, 0.232, 0.24, 0.248, 0.256, 0.264, 0.272, 0.28, 0.288, 0.296, 0.304, 0.312, 0.32, 0.328, 0.336, 0.344, 0.352, 0.36, 0.368, 0.376, 0.384, 0.392, 0.4, 0.408, 0.416, 0.424, 0.432, 0.44, 0.448, 0.456, 0.464, 0.472, 0.48, 0.488, 0.496, 0.504, 0.512, 0.52, 0.528, 0.536, 0.544, 0.552, 0.56, 0.568, 0.576, 0.584, 0.592, 0.6],
            "transform": [
                [0.979141, 0.0, -0.20318, -5e-06, -0.20318, 0.0, -0.979141, 0.000946, 0.0, 1.0, 0.0, 0.743041, 0.0, 0.0, 0.0, 1.0],
                [0.979277, 0.0, -0.202523, -5e-06, -0.202523, 0.0, -0.979277, 0.000946, 0.0, 1.0, 0.0, 0.743041, 0.0, 0.0, 0.0, 1.0],
                [0.979671, 0.0, -0.200611, -5e-06, -0.200611, 0.0, -0.979671, 0.000946, 0.0, 1.0, 0.0, 0.743041, 0.0, 0.0, 0.0, 1.0],
                [0.980296, 0.0, -0.197533, -5e-06, -0.197533, 0.0, -0.980296, 0.000946, 0.0, 1.0, 0.0, 0.743041, 0.0, 0.0, 0.0, 1.0],
                [0.981125, 0.0, -0.193374, -5e-06, -0.193374, 0.0, -0.981125, 0.000946, 0.0, 1.0, 0.0, 0.743041, 0.0, 0.0, 0.0, 1.0],
                [0.982127, 0.0, -0.188222, -5e-06, -0.188222, 0.0, -0.982127, 0.000946, 0.0, 1.0, 0.0, 0.743041, 0.0, 0.0, 0.0, 1.0],
                [0.983268, 0.0, -0.182163, -5e-06, -0.182163, 0.0, -0.983268, 0.000946, 0.0, 1.0, 0.0, 0.743041, 0.0, 0.0, 0.0, 1.0],
                [0.984518, 0.0, -0.175285, -5e-06, -0.175285, 0.0, -0.984518, 0.000946, 0.0, 1.0, 0.0, 0.743041, 0.0, 0.0, 0.0, 1.0],
                [0.985843, 0.0, -0.167673, -5e-06, -0.167673, 0.0, -0.985843, 0.000946, 0.0, 1.0, 0.0, 0.743041, 0.0, 0.0, 0.0, 1.0],
                [0.987212, 0.0, -0.159416, -5e-06, -0.159416, 0.0, -0.987212, 0.000946, 0.0, 1.0, 0.0, 0.743041, 0.0, 0.0, 0.0, 1.0],
                [0.988594, 0.0, -0.150602, -5e-06, -0.150602, 0.0, -0.988594, 0.000946, 0.0, 1.0, 0.0, 0.743041, 0.0, 0.0, 0.0, 1.0],
                [0.989964, 0.0, -0.14132, -5e-06, -0.14132, 0.0, -0.989964, 0.000946, 0.0, 1.0, 0.0, 0.743041, 0.0, 0.0, 0.0, 1.0],
                [0.991295, 0.0, -0.131661, -5e-06, -0.131661, 0.0, -0.991295, 0.000946, 0.0, 1.0, 0.0, 0.743041, 0.0, 0.0, 0.0, 1.0],
                [0.992565, 0.0, -0.121715, -5e-06, -0.121715, 0.0, -0.992565, 0.000946, 0.0, 1.0, 0.0, 0.743041, 0.0, 0.0, 0.0, 1.0],
                [0.993756, 0.0, -0.111572, -5e-06, -0.111572, 0.0, -0.993756, 0.000946, 0.0, 1.0, 0.0, 0.743041, 0.0, 0.0, 0.0, 1.0],
                [0.994853, 0.0, -0.101327, -5e-06, -0.101327, 0.0, -0.994853, 0.000946, 0.0, 1.0, 0.0, 0.743041, 0.0, 0.0, 0.0, 1.0],
                [0.995844, 0.0, -0.091071, -5e-06, -0.091071, 0.0, -0.995844, 0.000946, 0.0, 1.0, 0.0, 0.743041, 0.0, 0.0, 0.0, 1.0],
                [0.996723, 0.0, -0.080897, -5e-06, -0.080897, 0.0, -0.996723, 0.000946, 0.0, 1.0, 0.0, 0.743041, 0.0, 0.0, 0.0, 1.0],
                [0.997484, 0.0, -0.070898, -5e-06, -0.070898, 0.0, -0.997484, 0.000946, 0.0, 1.0, 0.0, 0.743041, 0.0, 0.0, 0.0, 1.0],
                [0.998127, 0.0, -0.061169, -5e-06, -0.061169, 0.0, -0.998127, 0.000946, 0.0, 1.0, 0.0, 0.743041, 0.0, 0.0, 0.0, 1.0],
                [0.998657, 0.0, -0.051802, -5e-06, -0.051802, 0.0, -0.998657, 0.000946, 0.0, 1.0, 0.0, 0.743041, 0.0, 0.0, 0.0, 1.0],
                [0.99908, 0.0, -0.04289, -5e-06, -0.04289, 0.0, -0.99908, 0.000946, 0.0, 1.0, 0.0, 0.743041, 0.0, 0.0, 0.0, 1.0],
                [0.999404, 0.0, -0.034527, -5e-06, -0.034527, 0.0, -0.999404, 0.000946, 0.0, 1.0, 0.0, 0.743041, 0.0, 0.0, 0.0, 1.0],
                [0.999641, 0.0, -0.026804, -5e-06, -0.026804, 0.0, -0.999641, 0.000946, 0.0, 1.0, 0.0, 0.743041, 0.0, 0.0, 0.0, 1.0],
                [0.999804, 0.0, -0.019815, -5e-06, -0.019815, 0.0, -0.999804, 0.000946, 0.0, 1.0, 0.0, 0.743041, 0.0, 0.0, 0.0, 1.0],
                [0.999907, 0.0, -0.01365, -5e-06, -0.01365, 0.0, -0.999907, 0.000946, 0.0, 1.0, 0.0, 0.743041, 0.0, 0.0, 0.0, 1.0],
                [0.999965, 0.0, -0.008402, -5e-06, -0.008402, 0.0, -0.999965, 0.000946, 0.0, 1.0, 0.0, 0.743041, 0.0, 0.0, 0.0, 1.0],
                [0.999991, 0.0, -0.004162, -5e-06, -0.004162, 0.0, -0.999991, 0.000946, 0.0, 1.0, 0.0, 0.743041, 0.0, 0.0, 0.0, 1.0],
                [0.999999, 0.0, -0.00102, -5e-06, -0.00102, 0.0, -0.999999, 0.000946, 0.0, 1.0, 0.0, 0.743041, 0.0, 0.0, 0.0, 1.0],
                [1.0, 0.0, 0.000931, -5e-06, 0.000931, 0.0, -1.0, 0.000946, 0.0, 1.0, 0.0, 0.743041, 0.0, 0.0, 0.0, 1.0],
                [0.999999, 0.0, 0.001602, -5e-06, 0.001602, 0.0, -0.999999, 0.000946, 0.0, 1.0, 0.0, 0.743041, 0.0, 0.0, 0.0, 1.0],
                [0.999999, 0.0, 0.001425, -5e-06, 0.001425, 0.0, -0.999999, 0.000946, 0.0, 1.0, 0.0, 0.743041, 0.0, 0.0, 0.0, 1.0],
                [1.0, 0.0, 0.0009, -5e-06, 0.0009, 0.0, -1.0, 0.000946, 0.0, 1.0, 0.0, 0.743041, 0.0, 0.0, 0.0, 1.0],
                [1.0, 0.0, 3.4e-05, -5e-06, 3.4e-05, 0.0, -1.0, 0.000946, 0.0, 1.0, 0.0, 0.743041, 0.0, 0.0, 0.0, 1.0],
                [0.999999, 0.0, -0.001162, -5e-06, -0.001162, 0.0, -0.999999, 0.000946, 0.0, 1.0, 0.0, 0.743041, 0.0, 0.0, 0.0, 1.0],
                [0.999996, 0.0, -0.002682, -5e-06, -0.002682, 0.0, -0.999996, 0.000946, 0.0, 1.0, 0.0, 0.743041, 0.0, 0.0, 0.0, 1.0],
                [0.99999, 0.0, -0.004515, -5e-06, -0.004515, 0.0, -0.99999, 0.000946, 0.0, 1.0, 0.0, 0.743041, 0.0, 0.0, 0.0, 1.0],
                [0.999978, 0.0, -0.006653, -5e-06, -0.006653, 0.0, -0.999978, 0.000946, 0.0, 1.0, 0.0, 0.743041, 0.0, 0.0, 0.0, 1.0],
                [0.999959, 0.0, -0.009088, -5e-06, -0.009088, 0.0, -0.999959, 0.000946, 0.0, 1.0, 0.0, 0.743041, 0.0, 0.0, 0.0, 1.0],
                [0.99993, 0.0, -0.011811, -5e-06, -0.011811, 0.0, -0.99993, 0.000946, 0.0, 1.0, 0.0, 0.743041, 0.0, 0.0, 0.0, 1.0],
                [0.99989, 0.0, -0.014813, -5e-06, -0.014813, 0.0, -0.99989, 0.000946, 0.0, 1.0, 0.0, 0.743041, 0.0, 0.0, 0.0, 1.0],
                [0.999836, 0.0, -0.018086, -5e-06, -0.018086, 0.0, -0.999836, 0.000946, 0.0, 1.0, 0.0, 0.743041, 0.0, 0.0, 0.0, 1.0],
                [0.999766, 0.0, -0.021621, -5e-06, -0.021621, 0.0, -0.999766, 0.000946, 0.0, 1.0, 0.0, 0.743041, 0.0, 0.0, 0.0, 1.0],
                [0.999677, 0.0, -0.025408, -5e-06, -0.025408, 0.0, -0.999677, 0.000946, 0.0, 1.0, 0.0, 0.743041, 0.0, 0.0, 0.0, 1.0],
                [0.999567, 0.0, -0.029441, -5e-06, -0.029441, 0.0, -0.999567, 0.000946, 0.0, 1.0, 0.0, 0.743041, 0.0, 0.0, 0.0, 1.0],
                [0.999432, 0.0, -0.033709, -5e-06, -0.033709, 0.0, -0.999432, 0.000946, 0.0, 1.0, 0.0, 0.743041, 0.0, 0.0, 0.0, 1.0],
                [0.99927, 0.0, -0.038203, -5e-06, -0.038203, 0.0, -0.99927, 0.000946, 0.0, 1.0, 0.0, 0.743041, 0.0, 0.0, 0.0, 1.0],
                [0.999079, 0.0, -0.042916, -5e-06, -0.042916, 0.0, -0.999079, 0.000946, 0.0, 1.0, 0.0, 0.743041, 0.0, 0.0, 0.0, 1.0],
                [0.998855, 0.0, -0.047839, -5e-06, -0.047839, 0.0, -0.998855, 0.000946, 0.0, 1.0, 0.0, 0.743041, 0.0, 0.0, 0.0, 1.0],
                [0.998596, 0.0, -0.052961, -5e-06, -0.052961, 0.0, -0.998596, 0.000946, 0.0, 1.0, 0.0, 0.743041, 0.0, 0.0, 0.0, 1.0],
                [0.998301, 0.0, -0.058275, -5e-06, -0.058275, 0.0, -0.998301, 0.000946, 0.0, 1.0, 0.0, 0.743041, 0.0, 0.0, 0.0, 1.0],
                [0.997965, 0.0, -0.063772, -5e-06, -0.063772, 0.0, -0.997965, 0.000946, 0.0, 1.0, 0.0, 0.743041, 0.0, 0.0, 0.0, 1.0],
                [0.997586, 0.0, -0.069442, -5e-06, -0.069442, 0.0, -0.997586, 0.000946, 0.0, 1.0, 0.0, 0.743041, 0.0, 0.0, 0.0, 1.0],
                [0.997163, 0.0, -0.075277, -5e-06, -0.075277, 0.0, -0.997163, 0.000946, 0.0, 1.0, 0.0, 0.743041, 0.0, 0.0, 0.0, 1.0],
                [0.996692, 0.0, -0.081268, -5e-06, -0.081268, 0.0, -0.996692, 0.000946, 0.0, 1.0, 0.0, 0.743041, 0.0, 0.0, 0.0, 1.0],
                [0.996173, 0.0, -0.087406, -5e-06, -0.087406, 0.0, -0.996173, 0.000946, 0.0, 1.0, 0.0, 0.743041, 0.0, 0.0, 0.0, 1.0],
                [0.995602, 0.0, -0.093681, -5e-06, -0.093681, 0.0, -0.995602, 0.000946, 0.0, 1.0, 0.0, 0.743041, 0.0, 0.0, 0.0, 1.0],
                [0.994979, 0.0, -0.100085, -5e-06, -0.100085, 0.0, -0.994979, 0.000946, 0.0, 1.0, 0.0, 0.743041, 0.0, 0.0, 0.0, 1.0],
                [0.994301, 0.0, -0.106608, -5e-06, -0.106608, 0.0, -0.994301, 0.000946, 0.0, 1.0, 0.0, 0.743041, 0.0, 0.0, 0.0, 1.0],
                [0.993567, 0.0, -0.113243, -5e-06, -0.113243, 0.0, -0.993567, 0.000946, 0.0, 1.0, 0.0, 0.743041, 0.0, 0.0, 0.0, 1.0],
                [0.992776, 0.0, -0.119978, -5e-06, -0.119978, 0.0, -0.992776, 0.000946, 0.0, 1.0, 0.0, 0.743041, 0.0, 0.0, 0.0, 1.0],
                [0.991928, 0.0, -0.126806, -5e-06, -0.126806, 0.0, -0.991928, 0.000946, 0.0, 1.0, 0.0, 0.743041, 0.0, 0.0, 0.0, 1.0],
                [0.991019, 0.0, -0.133718, -5e-06, -0.133718, 0.0, -0.991019, 0.000946, 0.0, 1.0, 0.0, 0.743041, 0.0, 0.0, 0.0, 1.0],
                [0.990052, 0.0, -0.140704, -5e-06, -0.140704, 0.0, -0.990052, 0.000946, 0.0, 1.0, 0.0, 0.743041, 0.0, 0.0, 0.0, 1.0],
                [0.989024, 0.0, -0.147755, -5e-06, -0.147755, 0.0, -0.989024, 0.000946, 0.0, 1.0, 0.0, 0.743041, 0.0, 0.0, 0.0, 1.0],
                [0.987936, 0.0, -0.154862, -5e-06, -0.154862, 0.0, -0.987936, 0.000946, 0.0, 1.0, 0.0, 0.743041, 0.0, 0.0, 0.0, 1.0],
                [0.986792, 0.0, -0.161994, -5e-06, -0.161994, 0.0, -0.986792, 0.000946, 0.0, 1.0, 0.0, 0.743041, 0.0, 0.0, 0.0, 1.0],
                [0.985612, 0.0, -0.169022, -5e-06, -0.169022, 0.0, -0.985612, 0.000946, 0.0, 1.0, 0.0, 0.743041, 0.0, 0.0, 0.0, 1.0],
                [0.984427, 0.0, -0.175791, -5e-06, -0.175791, 0.0, -0.984427, 0.000946, 0.0, 1.0, 0.0, 0.743041, 0.0, 0.0, 0.0, 1.0],
                [0.983271, 0.0, -0.18215, -5e-06, -0.18215, 0.0, -0.983271, 0.000946, 0.0, 1.0, 0.0, 0.743041, 0.0, 0.0, 0.0, 1.0],
                [0.982179, 0.0, -0.187945, -5e-06, -0.187945, 0.0, -0.982179, 0.000946, 0.0, 1.0, 0.0, 0.743041, 0.0, 0.0, 0.0, 1.0],
                [0.981194, 0.0, -0.193026, -5e-06, -0.193026, 0.0, -0.981194, 0.000946, 0.0, 1.0, 0.0, 0.743041, 0.0, 0.0, 0.0, 1.0],
                [0.980355, 0.0, -0.197241, -5e-06, -0.197241, 0.0, -0.980355, 0.000946, 0.0, 1.0, 0.0, 0.743041, 0.0, 0.0, 0.0, 1.0],
                [0.979706, 0.0, -0.200439, -5e-06, -0.200439, 0.0, -0.979706, 0.000946, 0.0, 1.0, 0.0, 0.743041, 0.0, 0.0, 0.0, 1.0],
                [0.979289, 0.0, -0.202469, -5e-06, -0.202469, 0.0, -0.979289, 0.000946, 0.0, 1.0, 0.0, 0.743041, 0.0, 0.0, 0.0, 1.0],
                [0.979141, 0.0, -0.20318, -5e-06, -0.20318, 0.0, -0.979141, 0.000946, 0.0, 1.0, 0.0, 0.743041, 0.0, 0.0, 0.0, 1.0]
            ]
        },
        {
            "name": "Thigh_R",
            "time": [0.0, 0.008, 0.016, 0.024, 0.032, 0.04, 0.048, 0.056, 0.064, 0.072, 0.08, 0.088, 0.096, 0.104, 0.112, 0.12, 0.128, 0.136, 0.144, 0.152, 0.16, 0.168, 0.176, 0.184, 0.192, 0.2, 0.208, 0.216, 0.224, 0.232, 0.24, 0.248, 0.256, 0.264, 0.272, 0.28, 0.288, 0.296, 0.304, 0.312, 0.32, 0.328, 0.336, 0.344, 0.352, 0.36, 0.368, 0.376, 0.384, 0.392, 0.4, 0.408, 0.416, 0.424, 0.432, 0.44, 0.448, 0.456, 0.464, 0.472, 0.48, 0.488, 0.496, 0.504, 0.512, 0.52, 0.528, 0.536, 0.544, 0.552, 0.56, 0.568, 0.576, 0.584, 0.592, 0.6],
            "transform": [
                [0.990106, 0.080308, -0.115066, 0.124994, 0.067382, -0.991405, -0.112129, -0.002831, -0.123082, 0.103266, -0.98701, -1.2e-05, 0.0, 0.0, 0.0, 1.0],
                [0.990214, 0.076022, -0.11703, 0.124994, 0.067126, -0.994676, -0.078174, -0.002831, -0.12235, 0.069553, -0.990047, -1.2e-05, 0.0, 0.0, 0.0, 1.0],
                [0.990524, 0.066708, -0.120043, 0.124994, 0.066388, -0.99777, -0.006674, -0.002831, -0.12022, -0.001359, -0.992746, -1.2e-05, 0.0, 0.0, 0.0, 1.0],
                [0.991014, 0.055499, -0.121701, 0.124994, 0.065201, -0.994876, 0.077243, -0.002831, -0.116791, -0.084484, -0.989557, -1.2e-05, 0.0, 0.0, 0.0, 1.0],
                [0.991654, 0.043677, -0.121305, 0.124994, 0.063592, -0.984155, 0.165501, -0.002831, -0.112154, -0.171834, -0.978721, -1.2e-05, 0.0, 0.0, 0.0, 1.0],
                [0.992414, 0.032048, -0.118685, 0.124994, 0.061579, -0.965163, 0.254291, -0.002831, -0.106401, -0.25967, -0.959818, -1.2e-05, 0.0, 0.0, 0.0, 1.0],
                [0.993263, 0.021257, -0.11391, 0.124994, 0.059183, -0.938204, 0.340981, -0.002831, -0.099622, -0.345425, -0.933144, -1.2e-05, 0.0, 0.0, 0.0, 1.0],
                [0.994167, 0.01185, -0.107197, 0.124994, 0.056429, -0.904192, 0.423379, -0.002831, -0.09191, -0.426957, -0.899589, -1.2e-05, 0.0, 0.0, 0.0, 1.0],
                [0.99509, 0.004269, -0.098878, 0.124994, 0.053351, -0.864619, 0.499586, -0.002831, -0.083359, -0.502407, -0.860603, -1.2e-05, 0.0, 0.0, 0.0, 1.0],
                [0.995998, -0.001165, -0.08936, 0.124994, 0.050001, -0.821494, 0.568018, -0.002831, -0.074071, -0.570212, -0.818151, -1.2e-05, 0.0, 0.0, 0.0, 1.0],
                [0.996858, -0.004275, -0.079092, 0.124994, 0.046453, -0.777242, 0.627483, -0.002831, -0.064156, -0.629185, -0.774603, -1.2e-05, 0.0, 0.0, 0.0, 1.0],
                [0.997637, -0.005029, -0.06852, 0.124994, 0.042811, -0.734524, 0.67723, -0.002831, -0.053735, -0.678562, -0.732574, -1.2e-05, 0.0, 0.0, 0.0, 1.0],
                [0.998308, -0.003544, -0.058045, 0.124994, 0.039215, -0.696024, 0.716946, -0.002831, -0.042942, -0.718008, -0.694709, -1.2e-05, 0.0, 0.0, 0.0, 1.0],
                [0.998847, -5.4e-05, -0.047995, 0.124994, 0.035841, -0.664245, 0.746655, -0.002831, -0.031921, -0.747513, -0.663479, -1.2e-05, 0.0, 0.0, 0.0, 1.0],
                [0.999241, 0.005122, -0.038601, 0.124994, 0.032899, -0.641362, 0.766532, -0.002831, -0.020831, -0.767219, -0.641046, -1.2e-05, 0.0, 0.0, 0.0, 1.0],
                [0.999483, 0.011622, -0.029981, 0.124994, 0.030613, -0.629182, 0.776655, -0.002831, -0.009837, -0.777169, -0.629214, -1.2e-05, 0.0, 0.0, 0.0, 1.0],
                [0.999584, 0.018815, -0.021846, 0.124994, 0.028813, -0.625078, 0.78003, -0.002831, 0.001021, -0.780333, -0.625362, -1.2e-05, 0.0, 0.0, 0.0, 1.0],
                [0.999561, 0.026169, -0.013865, 0.124994, 0.027186, -0.625134, 0.780043, -0.002831, 0.011746, -0.780076, -0.625573, -1.2e-05, 0.0, 0.0, 0.0, 1.0],
                [0.999421, 0.033483, -0.006003, 0.124994, 0.025738, -0.628946, 0.777022, -0.002831, 0.022242, -0.776725, -0.629445, -1.2e-05, 0.0, 0.0, 0.0, 1.0],
                [0.999174, 0.040574, 0.001764, 0.124994, 0.024468, -0.63609, 0.771226, -0.002831, 0.032414, -0.770545, -0.636559, -1.2e-05, 0.0, 0.0, 0.0, 1.0],
                [0.998837, 0.04728, 0.009445, 0.124994, 0.023371, -0.646138, 0.762862, -0.002831, 0.042171, -0.761753, -0.646493, -1.2e-05, 0.0, 0.0, 0.0, 1.0],
                [0.998425, 0.053456, 0.01703, 0.124994, 0.022436, -0.658665, 0.752101, -0.002831, 0.051421, -0.750533, -0.658828, -1.2e-05, 0.0, 0.0, 0.0, 1.0],
                [0.997959, 0.058976, 0.024487, 0.124994, 0.021652, -0.67325, 0.739097, -0.002831, 0.060075, -0.737057, -0.673155, -1.2e-05, 0.0, 0.0, 0.0, 1.0],
                [0.997461, 0.063734, 0.031762, 0.124994, 0.021001, -0.689488, 0.723992, -0.002831, 0.068043, -0.721486, -0.689077, -1.2e-05, 0.0, 0.0, 0.0, 1.0],
                [0.996955, 0.067643, 0.038782, 0.124994, 0.020469, -0.706981, 0.706935, -0.002831, 0.075237, -0.703987, -0.706215, -1.2e-05, 0.0, 0.0, 0.0, 1.0],
                [0.996466, 0.070638, 0.045449, 0.124994, 0.020036, -0.72535, 0.688087, -0.002831, 0.081572, -0.684744, -0.724204, -1.2e-05, 0.0, 0.0, 0.0, 1.0],
                [0.996017, 0.072677, 0.051648, 0.124994, 0.019684, -0.744226, 0.667637, -0.002831, 0.08696, -0.66396, -0.742694, -1.2e-05, 0.0, 0.0, 0.0, 1.0],
                [0.995633, 0.07374, 0.057245, 0.124994, 0.019398, -0.763252, 0.645808, -0.002831, 0.091314, -0.641876, -0.761351, -1.2e-05, 0.0, 0.0, 0.0, 1.0],
                [0.995336, 0.073833, 0.06209, 0.124994, 0.019158, -0.782082, 0.622879, -0.002831, 0.094548, -0.618783, -0.779851, -1.2e-05, 0.0, 0.0, 0.0, 1.0],
                [0.995145, 0.072989, 0.06602, 0.124994, 0.018951, -0.800371, 0.599204, -0.002831, 0.096576, -0.595042, -0.79787, -1.2e-05, 0.0, 0.0, 0.0, 1.0],
                [0.995077, 0.071267, 0.068863, 0.124994, 0.01876, -0.817768, 0.57524, -0.002831, 0.09731, -0.571115, -0.815081, -1.2e-05, 0.0, 0.0, 0.0, 1.0],
                [0.995095, 0.069189, 0.070702, 0.124994, 0.018766, -0.833765, 0.551798, -0.002831, 0.097128, -0.547763, -0.830976, -1.2e-05, 0.0, 0.0, 0.0, 1.0],
                [0.995151, 0.067353, 0.071676, 0.124994, 0.019167, -0.847568, 0.530338, -0.002831, 0.09647, -0.526392, -0.844751, -1.2e-05, 0.0, 0.0, 0.0, 1.0],
                [0.995244, 0.065947, 0.071694, 0.124994, 0.019969, -0.858474, 0.512465, -0.002831, 0.095343, -0.508595, -0.855711, -1.2e-05, 0.0, 0.0, 0.0, 1.0],
                [0.99537, 0.065116, 0.070697, 0.124994, 0.021181, -0.866063, 0.499483, -0.002831, 0.093753, -0.495672, -0.863435, -1.2e-05, 0.0, 0.0, 0.0, 1.0],
                [0.995524, 0.064906, 0.068684, 0.124994, 0.022814, -0.870384, 0.491843, -0.002831, 0.091705, -0.488074, -0.867971, -1.2e-05, 0.0, 0.0, 0.0, 1.0],
                [0.995702, 0.06525, 0.065717, 0.124994, 0.024877, -0.871993, 0.488883, -0.002831, 0.089204, -0.485146, -0.869871, -1.2e-05, 0.0, 0.0, 0.0, 1.0],
                [0.995896, 0.065769, 0.062163, 0.124994, 0.027343, -0.873475, 0.486098, -0.002831, 0.086268, -0.482402, -0.871691, -1.2e-05, 0.0, 0.0, 0.0, 1.0],
                [0.996099, 0.066138, 0.058406, 0.124994, 0.030127, -0.877084, 0.479388, -0.002831, 0.082932, -0.475758, -0.875658, -1.2e-05, 0.0, 0.0, 0.0, 1.0],
                [0.996304, 0.066337, 0.054553, 0.124994, 0.033158, -0.883008, 0.468183, -0.002831, 0.079229, -0.464643, -0.881946, -1.2e-05, 0.0, 0.0, 0.0, 1.0],
                [0.996506, 0.066381, 0.050689, 0.124994, 0.036368, -0.891207, 0.452133, -0.002831, 0.075187, -0.448709, -0.890509, -1.2e-05, 0.0, 0.0, 0.0, 1.0],
                [0.996697, 0.066304, 0.046874, 0.124994, 0.039695, -0.901443, 0.43107, -0.002831, 0.070837, -0.427785, -0.9011, -1.2e-05, 0.0, 0.0, 0.0, 1.0],
                [0.996876, 0.066156, 0.043154, 0.124994, 0.043079, -0.913309, 0.40498, -0.002831, 0.066205, -0.401855, -0.913307, -1.2e-05, 0.0, 0.0, 0.0, 1.0],
                [0.997035, 0.065989, 0.039555, 0.124994, 0.046467, -0.92626, 0.374005, -0.002831, 0.061319, -0.371058, -0.926583, -1.2e-05, 0.0, 0.0, 0.0, 1.0],
                [0.997176, 0.065858, 0.036091, 0.124994, 0.049811, -0.939668, 0.338439, -0.002831, 0.056202, -0.335685, -0.940296, -1.2e-05, 0.0, 0.0, 0.0, 1.0],
                [0.997294, 0.065812, 0.032763, 0.124994, 0.053066, -0.952859, 0.298732, -0.002831, 0.050879, -0.296184, -0.953775, -1.2e-05, 0.0, 0.0, 0.0, 1.0],
                [0.997388, 0.065895, 0.029565, 0.124994, 0.056193, -0.965177, 0.255486, -0.002831, 0.04537, -0.253157, -0.966361, -1.2e-05, 0.0, 0.0, 0.0, 1.0],
                [0.997459, 0.066139, 0.026478, 0.124994, 0.059158, -0.976025, 0.209456, -0.002831, 0.039697, -0.207357, -0.97746, -1.2e-05, 0.0, 0.0, 0.0, 1.0],
                [0.997505, 0.06657, 0.023478, 0.124994, 0.061928, -0.984918, 0.161546, -0.002831, 0.033878, -0.159689, -0.986586, -1.2e-05, 0.0, 0.0, 0.0, 1.0],
                [0.997528, 0.067199, 0.020526, 0.124994, 0.064473, -0.991522, 0.112803, -0.002831, 0.027933, -0.111201, -0.993405, -1.2e-05, 0.0, 0.0, 0.0, 1.0],
                [0.997528, 0.068028, 0.01757, 0.124994, 0.066767, -0.995684, 0.064439, -0.002831, 0.021878, -0.063106, -0.997768, -1.2e-05, 0.0, 0.0, 0.0, 1.0],
                [0.997507, 0.069046, 0.014535, 0.124994, 0.068784, -0.99747, 0.017856, -0.002831, 0.015732, -0.016812, -0.999735, -1.2e-05, 0.0, 0.0, 0.0, 1.0],
                [0.997466, 0.07023, 0.011316, 0.124994, 0.070498, -0.99719, -0.025265, -0.002831, 0.00951, 0.025998, -0.999617, -1.2e-05, 0.0, 0.0, 0.0, 1.0],
                [0.997407, 0.071535, 0.007764, 0.124994, 0.071883, -0.995428, -0.06287, -0.002831, 0.003231, 0.063265, -0.997992, -1.2e-05, 0.0, 0.0, 0.0, 1.0],
                [0.997333, 0.072886, 0.003672, 0.124994, 0.072914, -0.993045, -0.092423, -0.002831, -0.00309, 0.092445, -0.995713, -1.2e-05, 0.0, 0.0, 0.0, 1.0],
                [0.997246, 0.074153, -0.001215, 0.124994, 0.073561, -0.991094, -0.110985, -0.002831, -0.009434, 0.110589, -0.993822, -1.2e-05, 0.0, 0.0, 0.0, 1.0],
                [0.997134, 0.075343, -0.006733, 0.124994, 0.073967, -0.989799, -0.12175, -0.002831, -0.015837, 0.120903, -0.992539, -1.2e-05, 0.0, 0.0, 0.0, 1.0],
                [0.996985, 0.076571, -0.012534, 0.124994, 0.074303, -0.988726, -0.129986, -0.002831, -0.022346, 0.128663, -0.991437, -1.2e-05, 0.0, 0.0, 0.0, 1.0],
                [0.996794, 0.077807, -0.018608, 0.124994, 0.074578, -0.987917, -0.135843, -0.002831, -0.028953, 0.13402, -0.990556, -1.2e-05, 0.0, 0.0, 0.0, 1.0],
                [0.99656, 0.079021, -0.024942, 0.124994, 0.074802, -0.987388, -0.139522, -0.002831, -0.035653, 0.137176, -0.989905, -1.2e-05, 0.0, 0.0, 0.0, 1.0],
                [0.996281, 0.080189, -0.031516, 0.124994, 0.074983, -0.987125, -0.141274, -0.002831, -0.042439, 0.138385, -0.989469, -1.2e-05, 0.0, 0.0, 0.0, 1.0],
                [0.995954, 0.081292, -0.038305, 0.124994, 0.075131, -0.987097, -0.141393, -0.002831, -0.049305, 0.137943, -0.989212, -1.2e-05, 0.0, 0.0, 0.0, 1.0],
                [0.995576, 0.082319, -0.045281, 0.124994, 0.075255, -0.987258, -0.140198, -0.002831, -0.056245, 0.13617, -0.989088, -1.2e-05, 0.0, 0.0, 0.0, 1.0],
                [0.995147, 0.083268, -0.052412, 0.124994, 0.075363, -0.987555, -0.138026, -0.002831, -0.063253, 0.133406, -0.989041, -1.2e-05, 0.0, 0.0, 0.0, 1.0],
                [0.994665, 0.084144, -0.059665, 0.124994, 0.075465, -0.987937, -0.135209, -0.002831, -0.070323, 0.129985, -0.989019, -1.2e-05, 0.0, 0.0, 0.0, 1.0],
                [0.994128, 0.084964, -0.067006, 0.124994, 0.075568, -0.988352, -0.132082, -0.002831, -0.077447, 0.126242, -0.988972, -1.2e-05, 0.0, 0.0, 0.0, 1.0],
                [0.993563, 0.085385, -0.074442, 0.124994, 0.075424, -0.988946, -0.127648, -0.002831, -0.084519, 0.121212, -0.989022, -1.2e-05, 0.0, 0.0, 0.0, 1.0],
                [0.993001, 0.085128, -0.081858, 0.124994, 0.074847, -0.98978, -0.121364, -0.002831, -0.091353, 0.114388, -0.989227, -1.2e-05, 0.0, 0.0, 0.0, 1.0],
                [0.992452, 0.084357, -0.089009, 0.124994, 0.073945, -0.990676, -0.114415, -0.002831, -0.09783, 0.10697, -0.989438, -1.2e-05, 0.0, 0.0, 0.0, 1.0],
                [0.991925, 0.08328, -0.095649, 0.124994, 0.072823, -0.991473, -0.108051, -0.002831, -0.103832, 0.100212, -0.989534, -1.2e-05, 0.0, 0.0, 0.0, 1.0],
                [0.991434, 0.082138, -0.101544, 0.124994, 0.071588, -0.992047, -0.103509, -0.002831, -0.109239, 0.095353, -0.989432, -1.2e-05, 0.0, 0.0, 0.0, 1.0],
                [0.990995, 0.081139, -0.106514, 0.124994, 0.070344, -0.992347, -0.101463, -0.002831, -0.113931, 0.093057, -0.989121, -1.2e-05, 0.0, 0.0, 0.0, 1.0],
                [0.990625, 0.080473, -0.110393, 0.124994, 0.069197, -0.992328, -0.102439, -0.002831, -0.11779, 0.09384, -0.988595, -1.2e-05, 0.0, 0.0, 0.0, 1.0],
                [0.990341, 0.080197, -0.113108, 0.124994, 0.068248, -0.992039, -0.105823, -0.002831, -0.120694, 0.097081, -0.987932, -1.2e-05, 0.0, 0.0, 0.0, 1.0],
                [0.99016, 0.080232, -0.114654, 0.124994, 0.067603, -0.991619, -0.110082, -0.002831, -0.122526, 0.101248, -0.987287, -1.2e-05, 0.0, 0.0, 0.0, 1.0],
                [0.990097, 0.0803, -0.115148, 0.124994, 0.067365, -0.991405, -0.112134, -0.002831, -0.123163, 0.103267, -0.987, -1.2e-05, 0.0, 0.0, 0.0, 1.0]
            ]
        },
        {
            "name": "Leg_R",
            "time": [0.0, 0.008, 0.016, 0.024, 0.032, 0.04, 0.048, 0.056, 0.064, 0.072, 0.08, 0.088, 0.096, 0.104, 0.112, 0.12, 0.128, 0.136, 0.144, 0.152, 0.16, 0.168, 0.176, 0.184, 0.192, 0.2, 0.208, 0.216, 0.224, 0.232, 0.24, 0.248, 0.256, 0.264, 0.272, 0.28, 0.288, 0.296, 0.304, 0.312, 0.32, 0.328, 0.336, 0.344, 0.352, 0.36, 0.368, 0.376, 0.384, 0.392, 0.4, 0.408, 0.416, 0.424, 0.432, 0.44, 0.448, 0.456, 0.464, 0.472, 0.48, 0.488, 0.496, 0.504, 0.512, 0.52, 0.528, 0.536, 0.544, 0.552, 0.56, 0.568, 0.576, 0.584, 0.592, 0.6],
            "transform": [
                [1.0, -0.0, 1e-06, -0.0, -0.0, 0.982223, 0.18773, 0.374726, -1e-06, -0.187731, 0.982218, 0.0, 0.0, 0.0, 0.0, 1.0],
                [1.0, -0.0, 1e-06, -0.0, -0.0, 0.969286, 0.245946, 0.374726, -1e-06, -0.245948, 0.969281, -0.0, 0.0, 0.0, 0.0, 1.0],
                [1.000001, -0.0, 1e-06, -0.0, -0.0, 0.933428, 0.358771, 0.374726, -1e-06, -0.358772, 0.933423, 0.0, 0.0, 0.0, 0.0, 1.0],
                [1.0, -0.0, 1e-06, 0.0, -0.0, 0.879776, 0.475391, 0.374726, -1e-06, -0.475393, 0.879772, -0.0, 0.0, 0.0, 0.0, 1.0],
                [1.0, -0.0, 1e-06, 0.0, -0.0, 0.813823, 0.581114, 0.374726, -1e-06, -0.581116, 0.81382, -0.0, 0.0, 0.0, 0.0, 1.0],
                [1.0, -0.0, 1e-06, -0.0, -0.0, 0.741112, 0.671382, 0.374726, -1e-06, -0.671384, 0.741109, 0.0, 0.0, 0.0, 0.0, 1.0],
                [1.0, -1e-06, 1e-06, 0.0, -0.0, 0.666812, 0.745225, 0.374726, -1e-06, -0.745228, 0.66681, -0.0, 0.0, 0.0, 0.0, 1.0],
                [1.0, -1e-06, 1e-06, 0.0, -0.0, 0.595451, 0.803392, 0.374726, -1e-06, -0.803394, 0.595449, -0.0, 0.0, 0.0, 0.0, 1.0],
                [1.0, -1e-06, 1e-06, 0.0, -0.0, 0.530712, 0.847551, 0.374726, -1e-06, -0.847554, 0.530711, 0.0, 0.0, 0.0, 0.0, 1.0],
                [1.0, -1e-06, 1e-06, -0.0, -0.0, 0.475319, 0.879813, 0.374726, -1e-06, -0.879815, 0.475318, -0.0, 0.0, 0.0, 0.0, 1.0],
                [1.000001, -1e-06, 1e-06, -0.0, -0.0, 0.430984, 0.902359, 0.374726, -1e-06, -0.902361, 0.430983, -0.0, 0.0, 0.0, 0.0, 1.0],
                [1.0, -1e-06, 1e-06, 0.0, -0.0, 0.398452, 0.917188, 0.374726, -1e-06, -0.91719, 0.398452, -0.0, 0.0, 0.0, 0.0, 1.0],
                [1.0, -1e-06, 1e-06, 0.0, -0.0, 0.377611, 0.925963, 0.374726, -1e-06, -0.925966, 0.37761, -0.0, 0.0, 0.0, 0.0, 1.0],
                [1.0, -1e-06, 1e-06, -0.0, -0.0, 0.367686, 0.929949, 0.374726, -1e-06, -0.929951, 0.367685, 0.0, 0.0, 0.0, 0.0, 1.0],
                [1.0, -1e-06, 1e-06, 0.0, -0.0, 0.367514, 0.930017, 0.374726, -1e-06, -0.930019, 0.367513, 0.0, 0.0, 0.0, 0.0, 1.0],
                [1.0, -1e-06, 1e-06, 0.0, -0.0, 0.375892, 0.926662, 0.374726, -1e-06, -0.926665, 0.375891, 0.0, 0.0, 0.0, 0.0, 1.0],
                [1.0, -1e-06, 1e-06, 0.0, -0.0, 0.390673, 0.920529, 0.374726, -1e-06, -0.920531, 0.390673, -0.0, 0.0, 0.0, 0.0, 1.0],
                [1.0, -1e-06, 1e-06, -0.0, -0.0, 0.409899, 0.91213, 0.374726, -1e-06, -0.912132, 0.409898, -0.0, 0.0, 0.0, 0.0, 1.0],
                [1.0, -1e-06, 1e-06, -0.0, -0.0, 0.432942, 0.901421, 0.374726, -1e-06, -0.901423, 0.432941, -0.0, 0.0, 0.0, 0.0, 1.0],
                [1.0, -1e-06, 1e-06, 0.0, -0.0, 0.459251, 0.888306, 0.374726, -1e-06, -0.888308, 0.45925, 0.0, 0.0, 0.0, 0.0, 1.0],
                [1.0, -1e-06, 1e-06, 0.0, -0.0, 0.48833, 0.872659, 0.374726, -1e-06, -0.872661, 0.488328, 0.0, 0.0, 0.0, 0.0, 1.0],
                [1.0, -1e-06, 1e-06, -0.0, -0.0, 0.519714, 0.854339, 0.374726, -1e-06, -0.854342, 0.519713, 0.0, 0.0, 0.0, 0.0, 1.0],
                [1.0, -1e-06, 1e-06, -0.0, -0.0, 0.552961, 0.833206, 0.374726, -1e-06, -0.833209, 0.55296, -0.0, 0.0, 0.0, 0.0, 1.0],
                [1.000001, -1e-06, 1e-06, 0.0, -0.0, 0.587633, 0.809127, 0.374726, -1e-06, -0.809129, 0.587631, 0.0, 0.0, 0.0, 0.0, 1.0],
                [1.000001, -1e-06, 1e-06, -0.0, -0.0, 0.623284, 0.781995, 0.374726, -1e-06, -0.781998, 0.623282, 0.0, 0.0, 0.0, 0.0, 1.0],
                [1.0, -1e-06, 1e-06, -0.0, -0.0, 0.659454, 0.751745, 0.374726, -1e-06, -0.751748, 0.659451, -0.0, 0.0, 0.0, 0.0, 1.0],
                [1.0, -1e-06, 1e-06, -0.0, -0.0, 0.695657, 0.718374, 0.374726, -1e-06, -0.718376, 0.695654, -0.0, 0.0, 0.0, 0.0, 1.0],
                [1.0, -1e-06, 1e-06, 0.0, -0.0, 0.731383, 0.681967, 0.374726, -1e-06, -0.68197, 0.731381, 0.0, 0.0, 0.0, 0.0, 1.0],
                [1.0, -0.0, 1e-06, 0.0, -0.0, 0.766092, 0.64273, 0.374726, -1e-06, -0.642733, 0.76609, 0.0, 0.0, 0.0, 0.0, 1.0],
                [1.0, -0.0, 1e-06, -0.0, -0.0, 0.799215, 0.601046, 0.374726, -1e-06, -0.601049, 0.799212, 0.0, 0.0, 0.0, 0.0, 1.0],
                [1.0, -0.0, 1e-06, -0.0, -0.0, 0.830154, 0.557535, 0.374726, -1e-06, -0.557538, 0.83015, 0.0, 0.0, 0.0, 0.0, 1.0],
                [1.0, -0.0, 1e-06, 0.0, -0.0, 0.856331, 0.516429, 0.374726, -1e-06, -0.516431, 0.856327, 0.0, 0.0, 0.0, 0.0, 1.0],
                [1.0, -0.0, 1e-06, 0.0, -0.0, 0.875103, 0.48394, 0.374726, -1e-06, -0.483942, 0.875099, -0.0, 0.0, 0.0, 0.0, 1.0],
                [1.0, -0.0, 1e-06, -0.0, -0.0, 0.885859, 0.463957, 0.374726, -1e-06, -0.46396, 0.885855, 0.0, 0.0, 0.0, 0.0, 1.0],
                [1.0, -0.0, 1e-06, 0.0, -0.0, 0.888142, 0.459572, 0.374726, -1e-06, -0.459574, 0.888138, -0.0, 0.0, 0.0, 0.0, 1.0],
                [1.0, -0.0, 1e-06, 0.0, -0.0, 0.881674, 0.471861, 0.374726, -1e-06, -0.471864, 0.88167, -0.0, 0.0, 0.0, 0.0, 1.0],
                [1.000001, -0.0, 1e-06, 0.0, -0.0, 0.866385, 0.499379, 0.374726, -1e-06, -0.499382, 0.866381, 0.0, 0.0, 0.0, 0.0, 1.0],
                [1.0, -0.0, 1e-06, -0.0, -0.0, 0.845993, 0.533195, 0.374726, -1e-06, -0.533198, 0.845989, -0.0, 0.0, 0.0, 0.0, 1.0],
                [1.0, -0.0, 1e-06, 0.0, -0.0, 0.825111, 0.564973, 0.374726, -1e-06, -0.564975, 0.825107, 0.0, 0.0, 0.0, 0.0, 1.0],
                [1.0, -0.0, 1e-06, 0.0, -0.0, 0.805125, 0.593106, 0.374726, -1e-06, -0.593109, 0.805121, 0.0, 0.0, 0.0, 0.0, 1.0],
                [1.0, -0.0, 1e-06, 0.0, -0.0, 0.787303, 0.616567, 0.374726, -1e-06, -0.61657, 0.7873, 0.0, 0.0, 0.0, 0.0, 1.0],
                [1.0, -0.0, 1e-06, -0.0, -0.0, 0.772741, 0.634723, 0.374726, -1e-06, -0.634725, 0.772738, -0.0, 0.0, 0.0, 0.0, 1.0],
                [1.0, -0.0, 1e-06, -0.0, -0.0, 0.762317, 0.647204, 0.374726, -1e-06, -0.647207, 0.762314, 0.0, 0.0, 0.0, 0.0, 1.0],
                [1.0, -0.0, 1e-06, 0.0, -0.0, 0.756663, 0.653805, 0.374726, -1e-06, -0.653808, 0.75666, -0.0, 0.0, 0.0, 0.0, 1.0],
                [1.0, -0.0, 1e-06, -0.0, -0.0, 0.756137, 0.654413, 0.374726, -1e-06, -0.654416, 0.756134, 0.0, 0.0, 0.0, 0.0, 1.0],
                [1.0, -0.0, 1e-06, -0.0, -0.0, 0.760811, 0.648974, 0.374726, -1e-06, -0.648977, 0.760808, -0.0, 0.0, 0.0, 0.0, 1.0],
                [1.0, -0.0, 1e-06, -0.0, -0.0, 0.770471, 0.637476, 0.374726, -1e-06, -0.637479, 0.770467, 0.0, 0.0, 0.0, 0.0, 1.0],
                [1.0, -0.0, 1e-06, 0.0, -0.0, 0.784619, 0.619979, 0.374726, -1e-06, -0.619982, 0.784616, -0.0, 0.0, 0.0, 0.0, 1.0],
                [1.0, -0.0, 1e-06, 0.0, -0.0, 0.802494, 0.596661, 0.374726, -1e-06, -0.596663, 0.802491, -0.0, 0.0, 0.0, 0.0, 1.0],
                [1.0, -0.0, 1e-06, -0.0, -0.0, 0.823099, 0.567899, 0.374726, -1e-06, -0.567901, 0.823096, -0.0, 0.0, 0.0, 0.0, 1.0],
                [1.0, -0.0, 1e-06, -0.0, -0.0, 0.845234, 0.534398, 0.374726, -1e-06, -0.5344, 0.84523, 0.0, 0.0, 0.0, 0.0, 1.0],
                [1.0, -0.0, 1e-06, 0.0, -0.0, 0.867551, 0.49735, 0.374726, -1e-06, -0.497352, 0.867547, -0.0, 0.0, 0.0, 0.0, 1.0],
                [1.0, -0.0, 1e-06, 0.0, -0.0, 0.888601, 0.458683, 0.374726, -1e-06, -0.458685, 0.888597, -0.0, 0.0, 0.0, 0.0, 1.0],
                [1.0, -0.0, 1e-06, -0.0, -0.0, 0.906911, 0.421325, 0.374726, -1e-06, -0.421328, 0.906907, 0.0, 0.0, 0.0, 0.0, 1.0],
                [1.0, -0.0, 1e-06, -0.0, -0.0, 0.921053, 0.38944, 0.374726, -1e-06, -0.389442, 0.921049, 0.0, 0.0, 0.0, 0.0, 1.0],
                [1.0, -0.0, 1e-06, -0.0, -0.0, 0.929746, 0.368207, 0.374726, -1e-06, -0.368209, 0.929741, -0.0, 0.0, 0.0, 0.0, 1.0],
                [1.0, -0.0, 1e-06, 0.0, -0.0, 0.934702, 0.355439, 0.374726, -1e-06, -0.355441, 0.934697, -0.0, 0.0, 0.0, 0.0, 1.0],
                [1.0, -0.0, 1e-06, 0.0, -0.0, 0.938443, 0.34544, 0.374726, -1e-06, -0.345442, 0.938438, 0.0, 0.0, 0.0, 0.0, 1.0],
                [1.0, -0.0, 1e-06, 0.0, -0.0, 0.941077, 0.338197, 0.374726, -1e-06, -0.338199, 0.941072, 0.0, 0.0, 0.0, 0.0, 1.0],
                [1.000001, -0.0, 1e-06, -0.0, -0.0, 0.942724, 0.33358, 0.374726, -1e-06, -0.333582, 0.942719, -0.0, 0.0, 0.0, 0.0, 1.0],
                [1.0, -0.0, 1e-06, 0.0, -0.0, 0.943512, 0.331344, 0.374726, -1e-06, -0.331346, 0.943507, -0.0, 0.0, 0.0, 0.0, 1.0],
                [1.0, -0.0, 1e-06, 0.0, -0.0, 0.94358, 0.331151, 0.374726, -1e-06, -0.331152, 0.943576, -0.0, 0.0, 0.0, 0.0, 1.0],
                [1.000001, -0.0, 1e-06, 0.0, -0.0, 0.94307, 0.332602, 0.374726, -1e-06, -0.332604, 0.943064, -0.0, 0.0, 0.0, 0.0, 1.0],
                [1.0, -0.0, 1e-06, -0.0, -0.0, 0.942125, 0.335266, 0.374726, -1e-06, -0.335268, 0.94212, 0.0, 0.0, 0.0, 0.0, 1.0],
                [1.0, -0.0, 1e-06, 0.0, -0.0, 0.940892, 0.338712, 0.374726, -1e-06, -0.338713, 0.940888, -0.0, 0.0, 0.0, 0.0, 1.0],
                [1.0, -0.0, 1e-06, 0.0, -0.0, 0.939515, 0.342513, 0.374726, -1e-06, -0.342515, 0.93951, -0.0, 0.0, 0.0, 0.0, 1.0],
                [1.0, -0.0, 1e-06, 0.0, -0.0, 0.939037, 0.343822, 0.374726, -1e-06, -0.343823, 0.939032, 0.0, 0.0, 0.0, 0.0, 1.0],
                [1.0, -0.0, 1e-06, -0.0, -0.0, 0.940342, 0.340238, 0.374726, -1e-06, -0.34024, 0.940336, 0.0, 0.0, 0.0, 0.0, 1.0],
                [1.0, -0.0, 1e-06, -0.0, -0.0, 0.943398, 0.331667, 0.374726, -1e-06, -0.331669, 0.943394, -0.0, 0.0, 0.0, 0.0, 1.0],
                [1.0, -0.0, 1e-06, -0.0, -0.0, 0.948135, 0.317877, 0.374726, -1e-06, -0.317879, 0.948129, -0.0, 0.0, 0.0, 0.0, 1.0],
                [1.0, -0.0, 1e-06, -0.0, -0.0, 0.954371, 0.298632, 0.374726, -1e-06, -0.298633, 0.954366, 0.0, 0.0, 0.0, 0.0, 1.0],
                [1.0, -0.0, 1e-06, -0.0, -0.0, 0.961518, 0.274751, 0.374726, -1e-06, -0.274753, 0.961512, 0.0, 0.0, 0.0, 0.0, 1.0],
                [1.0, -0.0, 1e-06, 0.0, -0.0, 0.968934, 0.247328, 0.374726, -1e-06, -0.247329, 0.968929, -0.0, 0.0, 0.0, 0.0, 1.0],
                [1.0, -0.0, 1e-06, -0.0, -0.0, 0.975573, 0.219688, 0.374726, -1e-06, -0.219689, 0.975567, 0.0, 0.0, 0.0, 0.0, 1.0],
                [1.0, -0.0, 1e-06, -0.0, -0.0, 0.980398, 0.197038, 0.374726, -1e-06, -0.197039, 0.980393, 0.0, 0.0, 0.0, 0.0, 1.0],
                [1.0, -0.0, 1e-06, 0.0, -0.0, 0.982223, 0.18773, 0.374726, -1e-06, -0.187731, 0.982218, -0.0, 0.0, 0.0, 0.0, 1.0]
            ]
        },
        {
            "name": "Knee_R",
            "time": [0.0, 0.6],
            "transform": [
                [1.0, 0.0, -0.0, 0.0, -0.0, 0.00567, -0.999984, 0.374726, -0.0, 0.999984, 0.00567, 0.0, 0.0, 0.0, 0.0, 1.0],
                [1.0, 0.0, -0.0, 0.0, -0.0, 0.00567, -0.999984, 0.374726, -0.0, 0.999984, 0.00567, -0.0, 0.0, 0.0, 0.0, 1.0]
            ]
        },
        {
            "name": "Thigh_L",
            "time": [0.0, 0.008, 0.016, 0.024, 0.032, 0.04, 0.048, 0.056, 0.064, 0.072, 0.08, 0.088, 0.096, 0.104, 0.112, 0.12, 0.128, 0.136, 0.144, 0.152, 0.16, 0.168, 0.176, 0.184, 0.192, 0.2, 0.208, 0.216, 0.224, 0.232, 0.24, 0.248, 0.256, 0.264, 0.272, 0.28, 0.288, 0.296, 0.304, 0.312, 0.32, 0.328, 0.336, 0.344, 0.352, 0.36, 0.368, 0.376, 0.384, 0.392, 0.4, 0.408, 0.416, 0.424, 0.432, 0.44, 0.448, 0.456, 0.464, 0.472, 0.48, 0.488, 0.496, 0.504, 0.512, 0.52, 0.528, 0.536, 0.544, 0.552, 0.56, 0.568, 0.576, 0.584, 0.592, 0.6],
            "transform": [
                [0.949123, -0.120507, -0.290936, -0.125006, -0.028789, -0.953217, 0.30091, -0.002831, -0.313587, -0.277225, -0.90819, -1.2e-05, 0.0, 0.0, 0.0, 1.0],
                [0.949403, -0.121659, -0.289537, -0.125006, -0.02914, -0.952068, 0.304495, -0.002831, -0.312703, -0.280651, -0.907442, -1.2e-05, 0.0, 0.0, 0.0, 1.0],
                [0.950211, -0.124194, -0.285786, -0.125006, -0.030139, -0.949471, 0.312402, -0.002831, -0.310144, -0.288234, -0.905942, -1.2e-05, 0.0, 0.0, 0.0, 1.0],
                [0.951486, -0.1267, -0.280392, -0.125006, -0.031696, -0.946796, 0.320268, -0.002831, -0.306052, -0.295844, -0.90488, -1.2e-05, 0.0, 0.0, 0.0, 1.0],
                [0.953163, -0.128251, -0.273919, -0.125006, -0.033714, -0.945056, 0.325164, -0.002831, -0.300572, -0.300699, -0.905117, -1.2e-05, 0.0, 0.0, 0.0, 1.0],
                [0.95517, -0.128487, -0.266724, -0.125006, -0.036094, -0.944734, 0.325845, -0.002831, -0.29385, -0.30161, -0.907019, -1.2e-05, 0.0, 0.0, 0.0, 1.0],
                [0.957436, -0.127237, -0.259086, -0.125006, -0.038738, -0.946121, 0.321486, -0.002831, -0.286032, -0.297766, -0.91078, -1.2e-05, 0.0, 0.0, 0.0, 1.0],
                [0.959895, -0.124561, -0.251168, -0.125006, -0.041557, -0.949201, 0.311914, -0.002831, -0.277261, -0.288967, -0.91631, -1.2e-05, 0.0, 0.0, 0.0, 1.0],
                [0.962482, -0.120582, -0.243079, -0.125006, -0.04447, -0.953819, 0.297072, -0.002831, -0.267675, -0.275116, -0.923397, -1.2e-05, 0.0, 0.0, 0.0, 1.0],
                [0.965139, -0.115491, -0.234878, -0.125006, -0.047406, -0.959676, 0.27708, -0.002831, -0.257407, -0.256286, -0.931697, -1.2e-05, 0.0, 0.0, 0.0, 1.0],
                [0.967814, -0.109509, -0.226591, -0.125006, -0.050304, -0.966372, 0.25218, -0.002831, -0.246587, -0.232665, -0.940777, -1.2e-05, 0.0, 0.0, 0.0, 1.0],
                [0.970461, -0.102882, -0.218221, -0.125006, -0.053113, -0.973432, 0.222728, -0.002831, -0.235338, -0.204559, -0.950143, -1.2e-05, 0.0, 0.0, 0.0, 1.0],
                [0.973041, -0.095856, -0.209767, -0.125006, -0.055791, -0.980354, 0.18919, -0.002831, -0.223781, -0.172387, -0.959273, -1.2e-05, 0.0, 0.0, 0.0, 1.0],
                [0.975522, -0.088678, -0.201229, -0.125006, -0.058304, -0.986637, 0.152144, -0.002831, -0.212032, -0.136688, -0.967657, -1.2e-05, 0.0, 0.0, 0.0, 1.0],
                [0.977877, -0.081575, -0.192618, -0.125006, -0.060623, -0.991826, 0.112274, -0.002831, -0.200202, -0.098113, -0.97483, -1.2e-05, 0.0, 0.0, 0.0, 1.0],
                [0.980087, -0.074755, -0.183961, -0.125006, -0.062725, -0.995546, 0.070376, -0.002831, -0.188403, -0.057436, -0.980411, -1.2e-05, 0.0, 0.0, 0.0, 1.0],
                [0.982136, -0.068587, -0.175224, -0.125006, -0.064613, -0.997509, 0.028287, -0.002831, -0.176728, -0.01646, -0.984122, -1.2e-05, 0.0, 0.0, 0.0, 1.0],
                [0.984019, -0.063348, -0.166414, -0.125006, -0.066335, -0.997719, -0.012447, -0.002831, -0.165246, 0.023287, -0.985977, -1.2e-05, 0.0, 0.0, 0.0, 1.0],
                [0.985728, -0.059056, -0.157643, -0.125006, -0.067931, -0.996359, -0.051513, -0.002831, -0.154027, 0.061486, -0.986151, -1.2e-05, 0.0, 0.0, 0.0, 1.0],
                [0.987262, -0.055769, -0.149004, -0.125006, -0.069438, -0.993682, -0.08817, -0.002831, -0.143145, 0.097393, -0.984897, -1.2e-05, 0.0, 0.0, 0.0, 1.0],
                [0.988621, -0.053468, -0.140604, -0.125006, -0.070889, -0.989999, -0.121967, -0.002831, -0.132676, 0.130546, -0.982525, -1.2e-05, 0.0, 0.0, 0.0, 1.0],
                [0.989806, -0.052197, -0.13251, -0.125006, -0.072313, -0.985754, -0.151853, -0.002831, -0.122696, 0.159887, -0.97948, -1.2e-05, 0.0, 0.0, 0.0, 1.0],
                [0.990823, -0.05196, -0.12478, -0.125006, -0.073736, -0.981479, -0.17681, -0.002831, -0.113282, 0.184388, -0.976303, -1.2e-05, 0.0, 0.0, 0.0, 1.0],
                [0.991677, -0.052677, -0.117476, -0.125006, -0.075185, -0.977659, -0.19629, -0.002831, -0.104511, 0.203488, -0.973483, -1.2e-05, 0.0, 0.0, 0.0, 1.0],
                [0.992378, -0.054169, -0.110684, -0.125006, -0.076683, -0.974565, -0.210576, -0.002831, -0.096462, 0.217459, -0.971291, -1.2e-05, 0.0, 0.0, 0.0, 1.0],
                [0.992934, -0.056168, -0.104533, -0.125006, -0.078251, -0.972145, -0.220929, -0.002831, -0.089212, 0.227548, -0.969672, -1.2e-05, 0.0, 0.0, 0.0, 1.0],
                [0.993354, -0.058417, -0.099172, -0.125006, -0.079901, -0.970176, -0.228854, -0.002831, -0.082845, 0.235257, -0.968396, -1.2e-05, 0.0, 0.0, 0.0, 1.0],
