{
    "animation": [
        {
            "name": "Root",
            "time": [0.0, 0.0104, 0.0208, 0.0312, 0.0417, 0.0521, 0.0625, 0.0729, 0.0833, 0.0938, 0.1042, 0.1146, 0.125, 0.1354, 0.1458, 0.1562, 0.1667, 0.1771, 0.1875, 0.1979, 0.2083, 0.2188, 0.2292, 0.2396, 0.25, 0.2604, 0.2708, 0.2812, 0.2917, 0.3021, 0.3125, 0.3229, 0.3333, 0.3438, 0.3542, 0.3646, 0.375, 0.3854, 0.3958, 0.4062, 0.4167, 0.4271, 0.4375, 0.4479, 0.4583, 0.4688, 0.4792, 0.4896, 0.5, 0.5104, 0.5208, 0.5312, 0.5417, 0.5521, 0.5625, 0.5729, 0.5833, 0.5938, 0.6042, 0.6146, 0.625, 0.6354, 0.6458, 0.6562, 0.6667, 0.6771, 0.6875, 0.6979, 0.7083, 0.7188, 0.7292, 0.7396, 0.75, 0.7604, 0.7708, 0.7812, 0.7917, 0.8021, 0.8125, 0.8229, 0.8333, 0.8438, 0.8542, 0.8646, 0.875, 0.8854, 0.8958, 0.9062, 0.9167, 0.9271, 0.9375, 0.9479, 0.9583, 0.9688, 0.9792, 0.9896, 1.0, 1.0104, 1.0208, 1.0312, 1.0417],
            "transform": [
                [0.917536, 0.030692, 0.396466, -5e-06, 0.390744, 0.115453, -0.91323, -0.081316, -0.073802, 0.992839, 0.09394, 0.728846, 0.0, 0.0, 0.0, 1.0],
                [0.917416, 0.030656, 0.396747, -5e-06, 0.391025, 0.115462, -0.913109, -0.081316, -0.073802, 0.992839, 0.09394, 0.729145, 0.0, 0.0, 0.0, 1.0],
                [0.917062, 0.030552, 0.397572, -5e-06, 0.391854, 0.11549, -0.91275, -0.081316, -0.073802, 0.992839, 0.09394, 0.730002, 0.0, 0.0, 0.0, 1.0],
                [0.916483, 0.030382, 0.398918, -5e-06, 0.393208, 0.115535, -0.912162, -0.081316, -0.073802, 0.992839, 0.09394, 0.731355, 0.0, 0.0, 0.0, 1.0],
                [0.915685, 0.030148, 0.400763, -5e-06, 0.395061, 0.115596, -0.911353, -0.081316, -0.073802, 0.992839, 0.09394, 0.733141, 0.0, 0.0, 0.0, 1.0],
                [0.914676, 0.029853, 0.403083, -5e-06, 0.397392, 0.115673, -0.910329, -0.081316, -0.073802, 0.992839, 0.09394, 0.7353, 0.0, 0.0, 0.0, 1.0],
                [0.913462, 0.029501, 0.405852, -5e-06, 0.400175, 0.115763, -0.909098, -0.081316, -0.073802, 0.992839, 0.09394, 0.737768, 0.0, 0.0, 0.0, 1.0],
                [0.912049, 0.029094, 0.409048, -5e-06, 0.403386, 0.115866, -0.907665, -0.081316, -0.073802, 0.992839, 0.09394, 0.740484, 0.0, 0.0, 0.0, 1.0],
                [0.910441, 0.028634, 0.412646, -5e-06, 0.407001, 0.115981, -0.906035, -0.081316, -0.073802, 0.992839, 0.09394, 0.743385, 0.0, 0.0, 0.0, 1.0],
                [0.908645, 0.028124, 0.41662, -5e-06, 0.410995, 0.116105, -0.904214, -0.081316, -0.073802, 0.992839, 0.09394, 0.746411, 0.0, 0.0, 0.0, 1.0],
                [0.906666, 0.027568, 0.420948, -5e-06, 0.415343, 0.116239, -0.902208, -0.081316, -0.073802, 0.992839, 0.09394, 0.749499, 0.0, 0.0, 0.0, 1.0],
                [0.904508, 0.026967, 0.425603, -5e-06, 0.420022, 0.11638, -0.900021, -0.081316, -0.073802, 0.992839, 0.09394, 0.752586, 0.0, 0.0, 0.0, 1.0],
                [0.902178, 0.026324, 0.430561, -5e-06, 0.425005, 0.116526, -0.89766, -0.081316, -0.073802, 0.992839, 0.09394, 0.755612, 0.0, 0.0, 0.0, 1.0],
                [0.899679, 0.025643, 0.435797, -5e-06, 0.430268, 0.116678, -0.895129, -0.081316, -0.073802, 0.992839, 0.09394, 0.758514, 0.0, 0.0, 0.0, 1.0],
                [0.89702, 0.024926, 0.441287, -5e-06, 0.435786, 0.116834, -0.892435, -0.081316, -0.073802, 0.992839, 0.09394, 0.761229, 0.0, 0.0, 0.0, 1.0],
                [0.894204, 0.024176, 0.447006, -5e-06, 0.441534, 0.116991, -0.889585, -0.081316, -0.073802, 0.992839, 0.09394, 0.763697, 0.0, 0.0, 0.0, 1.0],
                [0.89124, 0.023395, 0.452929, -5e-06, 0.447488, 0.11715, -0.886584, -0.081316, -0.073802, 0.992839, 0.09394, 0.765856, 0.0, 0.0, 0.0, 1.0],
                [0.888133, 0.022586, 0.459032, -5e-06, 0.453623, 0.117308, -0.883439, -0.081316, -0.073802, 0.992839, 0.09394, 0.767642, 0.0, 0.0, 0.0, 1.0],
                [0.884891, 0.021753, 0.465289, -5e-06, 0.459914, 0.117466, -0.88016, -0.081316, -0.073802, 0.992839, 0.09394, 0.768995, 0.0, 0.0, 0.0, 1.0],
                [0.881523, 0.020899, 0.471678, -5e-06, 0.466337, 0.117621, -0.876753, -0.081316, -0.073802, 0.992839, 0.09394, 0.769852, 0.0, 0.0, 0.0, 1.0],
                [0.878037, 0.020025, 0.478174, -5e-06, 0.472868, 0.117773, -0.873227, -0.081316, -0.073802, 0.992839, 0.09394, 0.770151, 0.0, 0.0, 0.0, 1.0],
                [0.874442, 0.019135, 0.484753, -5e-06, 0.479484, 0.11792, -0.869592, -0.081316, -0.073802, 0.992839, 0.09394, 0.770017, 0.0, 0.0, 0.0, 1.0],
                [0.870748, 0.018232, 0.491391, -5e-06, 0.486159, 0.118063, -0.865858, -0.081316, -0.073802, 0.992839, 0.09394, 0.769625, 0.0, 0.0, 0.0, 1.0],
                [0.866966, 0.01732, 0.498066, -5e-06, 0.492872, 0.118201, -0.862036, -0.081316, -0.073802, 0.992839, 0.09394, 0.768995, 0.0, 0.0, 0.0, 1.0],
                [0.863107, 0.0164, 0.504755, -5e-06, 0.499599, 0.118332, -0.858136, -0.081316, -0.073802, 0.992839, 0.09394, 0.768144, 0.0, 0.0, 0.0, 1.0],
                [0.859183, 0.015476, 0.511434, -5e-06, 0.506318, 0.118456, -0.854173, -0.081316, -0.073802, 0.992839, 0.09394, 0.767092, 0.0, 0.0, 0.0, 1.0],
                [0.855207, 0.014552, 0.518082, -5e-06, 0.513005, 0.118573, -0.850157, -0.081316, -0.073802, 0.992839, 0.09394, 0.765856, 0.0, 0.0, 0.0, 1.0],
                [0.851192, 0.013629, 0.524678, -5e-06, 0.51964, 0.118683, -0.846102, -0.081316, -0.073802, 0.992839, 0.09394, 0.764454, 0.0, 0.0, 0.0, 1.0],
                [0.847152, 0.012712, 0.531199, -5e-06, 0.526201, 0.118785, -0.842023, -0.081316, -0.073802, 0.992839, 0.09394, 0.762906, 0.0, 0.0, 0.0, 1.0],
                [0.843101, 0.011803, 0.537625, -5e-06, 0.532667, 0.118879, -0.837934, -0.081316, -0.073802, 0.992839, 0.09394, 0.761229, 0.0, 0.0, 0.0, 1.0],
                [0.839056, 0.010905, 0.543936, -5e-06, 0.539016, 0.118964, -0.833852, -0.081316, -0.073802, 0.992839, 0.09394, 0.759443, 0.0, 0.0, 0.0, 1.0],
                [0.835031, 0.010022, 0.550111, -5e-06, 0.54523, 0.119042, -0.829791, -0.081316, -0.073802, 0.992839, 0.09394, 0.757564, 0.0, 0.0, 0.0, 1.0],
                [0.831044, 0.009156, 0.556131, -5e-06, 0.551289, 0.119112, -0.825768, -0.081316, -0.073802, 0.992839, 0.09394, 0.755612, 0.0, 0.0, 0.0, 1.0],
                [0.827111, 0.00831, 0.561978, -5e-06, 0.557172, 0.119174, -0.821801, -0.081316, -0.073802, 0.992839, 0.09394, 0.753605, 0.0, 0.0, 0.0, 1.0],
                [0.823249, 0.007488, 0.567631, -5e-06, 0.562862, 0.119228, -0.817906, -0.081316, -0.073802, 0.992839, 0.09394, 0.751561, 0.0, 0.0, 0.0, 1.0],
                [0.819477, 0.006693, 0.573073, -5e-06, 0.56834, 0.119275, -0.814102, -0.081316, -0.073802, 0.992839, 0.09394, 0.749499, 0.0, 0.0, 0.0, 1.0],
                [0.815812, 0.005927, 0.578286, -5e-06, 0.573588, 0.119316, -0.810408, -0.081316, -0.073802, 0.992839, 0.09394, 0.747436, 0.0, 0.0, 0.0, 1.0],
                [0.812274, 0.005194, 0.583253, -5e-06, 0.578589, 0.11935, -0.80684, -0.081316, -0.073802, 0.992839, 0.09394, 0.745392, 0.0, 0.0, 0.0, 1.0],
                [0.80888, 0.004497, 0.587956, -5e-06, 0.583323, 0.119378, -0.803419, -0.081316, -0.073802, 0.992839, 0.09394, 0.743385, 0.0, 0.0, 0.0, 1.0],
                [0.80565, 0.003838, 0.592379, -5e-06, 0.587777, 0.119401, -0.800164, -0.081316, -0.073802, 0.992839, 0.09394, 0.741433, 0.0, 0.0, 0.0, 1.0],
                [0.802603, 0.003221, 0.596505, -5e-06, 0.591931, 0.119419, -0.797093, -0.081316, -0.073802, 0.992839, 0.09394, 0.739555, 0.0, 0.0, 0.0, 1.0],
                [0.799758, 0.002649, 0.600317, -5e-06, 0.595769, 0.119434, -0.794226, -0.081316, -0.073802, 0.992839, 0.09394, 0.737768, 0.0, 0.0, 0.0, 1.0],
                [0.797134, 0.002125, 0.603799, -5e-06, 0.599275, 0.119444, -0.791582, -0.081316, -0.073802, 0.992839, 0.09394, 0.736091, 0.0, 0.0, 0.0, 1.0],
                [0.79475, 0.001651, 0.606934, -5e-06, 0.602433, 0.119452, -0.789181, -0.081316, -0.073802, 0.992839, 0.09394, 0.734543, 0.0, 0.0, 0.0, 1.0],
                [0.792626, 0.001231, 0.609707, -5e-06, 0.605225, 0.119457, -0.78704, -0.081316, -0.073802, 0.992839, 0.09394, 0.733141, 0.0, 0.0, 0.0, 1.0],
                [0.79078, 0.000867, 0.6121, -5e-06, 0.607635, 0.11946, -0.785181, -0.081316, -0.073802, 0.992839, 0.09394, 0.731905, 0.0, 0.0, 0.0, 1.0],
                [0.78923, 0.000563, 0.614098, -5e-06, 0.609647, 0.119462, -0.783619, -0.081316, -0.073802, 0.992839, 0.09394, 0.730853, 0.0, 0.0, 0.0, 1.0],
                [0.787995, 0.000321, 0.615682, -5e-06, 0.611243, 0.119463, -0.782375, -0.081316, -0.073802, 0.992839, 0.09394, 0.730002, 0.0, 0.0, 0.0, 1.0],
                [0.787092, 0.000145, 0.616836, -5e-06, 0.612405, 0.119463, -0.781466, -0.081316, -0.073802, 0.992839, 0.09394, 0.729372, 0.0, 0.0, 0.0, 1.0],
                [0.786538, 3.7e-05, 0.617542, -5e-06, 0.613117, 0.119463, -0.780908, -0.081316, -0.073802, 0.992839, 0.09394, 0.72898, 0.0, 0.0, 0.0, 1.0],
                [0.78635, 0.0, 0.617782, -5e-06, 0.613357, 0.119463, -0.780718, -0.081316, -0.073802, 0.992839, 0.09394, 0.728846, 0.0, 0.0, 0.0, 1.0],
                [0.786541, 3.7e-05, 0.617538, -5e-06, 0.613112, 0.119463, -0.780911, -0.081316, -0.073802, 0.992839, 0.09394, 0.729219, 0.0, 0.0, 0.0, 1.0],
                [0.787105, 0.000147, 0.61682, -5e-06, 0.612388, 0.119463, -0.781479, -0.081316, -0.073802, 0.992839, 0.09394, 0.730289, 0.0, 0.0, 0.0, 1.0],
                [0.788022, 0.000326, 0.615647, -5e-06, 0.611207, 0.119463, -0.782403, -0.081316, -0.073802, 0.992839, 0.09394, 0.731978, 0.0, 0.0, 0.0, 1.0],
                [0.789276, 0.000572, 0.614038, -5e-06, 0.609587, 0.119462, -0.783666, -0.081316, -0.073802, 0.992839, 0.09394, 0.734208, 0.0, 0.0, 0.0, 1.0],
                [0.790847, 0.00088, 0.612013, -5e-06, 0.607547, 0.11946, -0.785249, -0.081316, -0.073802, 0.992839, 0.09394, 0.736902, 0.0, 0.0, 0.0, 1.0],
                [0.792716, 0.001248, 0.60959, -5e-06, 0.605107, 0.119456, -0.787131, -0.081316, -0.073802, 0.992839, 0.09394, 0.739983, 0.0, 0.0, 0.0, 1.0],
                [0.794864, 0.001673, 0.606785, -5e-06, 0.602283, 0.119451, -0.789295, -0.081316, -0.073802, 0.992839, 0.09394, 0.743373, 0.0, 0.0, 0.0, 1.0],
                [0.79727, 0.002152, 0.603619, -5e-06, 0.599094, 0.119444, -0.79172, -0.081316, -0.073802, 0.992839, 0.09394, 0.746995, 0.0, 0.0, 0.0, 1.0],
                [0.799915, 0.002681, 0.600107, -5e-06, 0.595558, 0.119433, -0.794384, -0.081316, -0.073802, 0.992839, 0.09394, 0.750772, 0.0, 0.0, 0.0, 1.0],
                [0.802778, 0.003257, 0.596269, -5e-06, 0.591693, 0.119419, -0.79727, -0.081316, -0.073802, 0.992839, 0.09394, 0.754626, 0.0, 0.0, 0.0, 1.0],
                [0.80584, 0.003877, 0.592121, -5e-06, 0.587516, 0.1194, -0.800355, -0.081316, -0.073802, 0.992839, 0.09394, 0.75848, 0.0, 0.0, 0.0, 1.0],
                [0.809079, 0.004538, 0.587682, -5e-06, 0.583047, 0.119377, -0.80362, -0.081316, -0.073802, 0.992839, 0.09394, 0.762257, 0.0, 0.0, 0.0, 1.0],
                [0.812477, 0.005236, 0.58297, -5e-06, 0.578303, 0.119348, -0.807045, -0.081316, -0.073802, 0.992839, 0.09394, 0.76588, 0.0, 0.0, 0.0, 1.0],
                [0.816013, 0.005969, 0.578003, -5e-06, 0.573303, 0.119314, -0.810609, -0.081316, -0.073802, 0.992839, 0.09394, 0.76927, 0.0, 0.0, 0.0, 1.0],
                [0.819667, 0.006733, 0.572801, -5e-06, 0.568066, 0.119273, -0.814294, -0.081316, -0.073802, 0.992839, 0.09394, 0.77235, 0.0, 0.0, 0.0, 1.0],
                [0.82342, 0.007524, 0.567382, -5e-06, 0.562612, 0.119226, -0.818079, -0.081316, -0.073802, 0.992839, 0.09394, 0.775045, 0.0, 0.0, 0.0, 1.0],
                [0.827254, 0.008341, 0.561766, -5e-06, 0.556959, 0.119171, -0.821946, -0.081316, -0.073802, 0.992839, 0.09394, 0.777275, 0.0, 0.0, 0.0, 1.0],
                [0.83115, 0.009178, 0.555972, -5e-06, 0.551129, 0.11911, -0.825875, -0.081316, -0.073802, 0.992839, 0.09394, 0.778963, 0.0, 0.0, 0.0, 1.0],
                [0.83509, 0.010034, 0.550022, -5e-06, 0.545141, 0.119041, -0.82985, -0.081316, -0.073802, 0.992839, 0.09394, 0.780033, 0.0, 0.0, 0.0, 1.0],
                [0.839056, 0.010905, 0.543936, -5e-06, 0.539016, 0.118964, -0.833852, -0.081316, -0.073802, 0.992839, 0.09394, 0.780407, 0.0, 0.0, 0.0, 1.0],
                [0.843032, 0.011787, 0.537734, -5e-06, 0.532776, 0.11888, -0.837865, -0.081316, -0.073802, 0.992839, 0.09394, 0.780249, 0.0, 0.0, 0.0, 1.0],
                [0.847004, 0.012678, 0.531436, -5e-06, 0.526439, 0.118788, -0.841874, -0.081316, -0.073802, 0.992839, 0.09394, 0.779791, 0.0, 0.0, 0.0, 1.0],
                [0.850958, 0.013576, 0.525058, -5e-06, 0.520023, 0.118689, -0.845866, -0.081316, -0.073802, 0.992839, 0.09394, 0.779052, 0.0, 0.0, 0.0, 1.0],
                [0.854882, 0.014477, 0.51862, -5e-06, 0.513546, 0.118583, -0.849829, -0.081316, -0.073802, 0.992839, 0.09394, 0.778053, 0.0, 0.0, 0.0, 1.0],
                [0.858764, 0.015378, 0.51214, -5e-06, 0.507028, 0.118469, -0.853749, -0.081316, -0.073802, 0.992839, 0.09394, 0.776816, 0.0, 0.0, 0.0, 1.0],
                [0.862592, 0.016278, 0.505638, -5e-06, 0.500487, 0.118349, -0.857616, -0.081316, -0.073802, 0.992839, 0.09394, 0.77536, 0.0, 0.0, 0.0, 1.0],
                [0.866356, 0.017173, 0.499132, -5e-06, 0.493944, 0.118222, -0.861419, -0.081316, -0.073802, 0.992839, 0.09394, 0.773707, 0.0, 0.0, 0.0, 1.0],
                [0.870044, 0.018062, 0.492643, -5e-06, 0.487419, 0.11809, -0.865146, -0.081316, -0.073802, 0.992839, 0.09394, 0.771878, 0.0, 0.0, 0.0, 1.0],
                [0.873647, 0.01894, 0.486191, -5e-06, 0.48093, 0.117952, -0.868788, -0.081316, -0.073802, 0.992839, 0.09394, 0.769893, 0.0, 0.0, 0.0, 1.0],
                [0.877156, 0.019806, 0.479797, -5e-06, 0.4745, 0.11781, -0.872336, -0.081316, -0.073802, 0.992839, 0.09394, 0.767772, 0.0, 0.0, 0.0, 1.0],
                [0.880562, 0.020657, 0.47348, -5e-06, 0.468148, 0.117663, -0.875781, -0.081316, -0.073802, 0.992839, 0.09394, 0.765538, 0.0, 0.0, 0.0, 1.0],
                [0.883858, 0.02149, 0.467262, -5e-06, 0.461897, 0.117514, -0.879114, -0.081316, -0.073802, 0.992839, 0.09394, 0.76321, 0.0, 0.0, 0.0, 1.0],
                [0.887035, 0.022303, 0.461164, -5e-06, 0.455766, 0.117363, -0.882328, -0.081316, -0.073802, 0.992839, 0.09394, 0.760809, 0.0, 0.0, 0.0, 1.0],
                [0.890086, 0.023094, 0.455207, -5e-06, 0.449778, 0.11721, -0.885416, -0.081316, -0.073802, 0.992839, 0.09394, 0.758357, 0.0, 0.0, 0.0, 1.0],
                [0.893006, 0.023859, 0.449413, -5e-06, 0.443953, 0.117056, -0.888371, -0.081316, -0.073802, 0.992839, 0.09394, 0.755873, 0.0, 0.0, 0.0, 1.0],
                [0.895787, 0.024596, 0.443803, -5e-06, 0.438314, 0.116903, -0.891187, -0.081316, -0.073802, 0.992839, 0.09394, 0.753379, 0.0, 0.0, 0.0, 1.0],
                [0.898425, 0.025304, 0.438398, -5e-06, 0.432882, 0.116752, -0.893858, -0.081316, -0.073802, 0.992839, 0.09394, 0.750896, 0.0, 0.0, 0.0, 1.0],
                [0.900913, 0.025979, 0.433221, -5e-06, 0.427678, 0.116604, -0.896379, -0.081316, -0.073802, 0.992839, 0.09394, 0.748443, 0.0, 0.0, 0.0, 1.0],
                [0.903248, 0.026618, 0.428294, -5e-06, 0.422726, 0.11646, -0.898744, -0.081316, -0.073802, 0.992839, 0.09394, 0.746042, 0.0, 0.0, 0.0, 1.0],
                [0.905423, 0.027221, 0.423637, -5e-06, 0.418046, 0.11632, -0.900948, -0.081316, -0.073802, 0.992839, 0.09394, 0.743715, 0.0, 0.0, 0.0, 1.0],
                [0.907435, 0.027783, 0.419273, -5e-06, 0.413661, 0.116187, -0.902987, -0.081316, -0.073802, 0.992839, 0.09394, 0.74148, 0.0, 0.0, 0.0, 1.0],
                [0.909279, 0.028303, 0.415224, -5e-06, 0.409591, 0.116062, -0.904856, -0.081316, -0.073802, 0.992839, 0.09394, 0.73936, 0.0, 0.0, 0.0, 1.0],
                [0.910951, 0.028779, 0.41151, -5e-06, 0.40586, 0.115945, -0.906551, -0.081316, -0.073802, 0.992839, 0.09394, 0.737375, 0.0, 0.0, 0.0, 1.0],
                [0.912445, 0.029208, 0.408155, -5e-06, 0.402488, 0.115837, -0.908067, -0.081316, -0.073802, 0.992839, 0.09394, 0.735545, 0.0, 0.0, 0.0, 1.0],
                [0.913759, 0.029587, 0.405178, -5e-06, 0.399497, 0.115741, -0.909399, -0.081316, -0.073802, 0.992839, 0.09394, 0.733893, 0.0, 0.0, 0.0, 1.0],
                [0.914886, 0.029914, 0.402602, -5e-06, 0.396909, 0.115657, -0.910542, -0.081316, -0.073802, 0.992839, 0.09394, 0.732437, 0.0, 0.0, 0.0, 1.0],
                [0.915822, 0.030188, 0.400448, -5e-06, 0.394744, 0.115586, -0.911492, -0.081316, -0.073802, 0.992839, 0.09394, 0.731199, 0.0, 0.0, 0.0, 1.0],
                [0.916561, 0.030405, 0.398737, -5e-06, 0.393025, 0.115529, -0.912241, -0.081316, -0.073802, 0.992839, 0.09394, 0.730201, 0.0, 0.0, 0.0, 1.0],
                [0.917098, 0.030563, 0.397489, -5e-06, 0.391771, 0.115487, -0.912786, -0.081316, -0.073802, 0.992839, 0.09394, 0.729462, 0.0, 0.0, 0.0, 1.0],
                [0.917425, 0.030659, 0.396726, -5e-06, 0.391004, 0.115462, -0.913118, -0.081316, -0.073802, 0.992839, 0.09394, 0.729003, 0.0, 0.0, 0.0, 1.0]
            ]
        },
        {
            "name": "Thigh_R",
            "time": [0.0, 0.0104, 0.0208, 0.0312, 0.0417, 0.0521, 0.0625, 0.0729, 0.0833, 0.0938, 0.1042, 0.1146, 0.125, 0.1354, 0.1458, 0.1562, 0.1667, 0.1771, 0.1875, 0.1979, 0.2083, 0.2188, 0.2292, 0.2396, 0.25, 0.2604, 0.2708, 0.2812, 0.2917, 0.3021, 0.3125, 0.3229, 0.3333, 0.3438, 0.3542, 0.3646, 0.375, 0.3854, 0.3958, 0.4062, 0.4167, 0.4271, 0.4375, 0.4479, 0.4583, 0.4688, 0.4792, 0.4896, 0.5, 0.5104, 0.5208, 0.5312, 0.5417, 0.5521, 0.5625, 0.5729, 0.5833, 0.5938, 0.6042, 0.6146, 0.625, 0.6354, 0.6458, 0.6562, 0.6667, 0.6771, 0.6875, 0.6979, 0.7083, 0.7188, 0.7292, 0.7396, 0.75, 0.7604, 0.7708, 0.7812, 0.7917, 0.8021, 0.8125, 0.8229, 0.8333, 0.8438, 0.8542, 0.8646, 0.875, 0.8854, 0.8958, 0.9062, 0.9167, 0.9271, 0.9375, 0.9479, 0.9583, 0.9688, 0.9792, 0.9896, 1.0, 1.0104, 1.0208, 1.0312, 1.0417],
            "transform": [
                [0.944888, 0.104434, 0.31029, 0.124994, 0.065807, -0.988998, 0.132475, -0.002831, 0.320711, -0.104755, -0.941366, -1.2e-05, 0.0, 0.0, 0.0, 1.0],
                [0.944815, 0.10575, 0.310066, 0.124994, 0.065687, -0.988396, 0.136941, -0.002831, 0.32095, -0.109017, -0.940801, -1.2e-05, 0.0, 0.0, 0.0, 1.0],
                [0.9446, 0.109513, 0.309413, 0.124994, 0.06534, -0.986567, 0.149708, -0.002831, 0.321652, -0.121197, -0.939069, -1.2e-05, 0.0, 0.0, 0.0, 1.0],
                [0.944248, 0.115392, 0.308351, 0.124994, 0.064783, -0.983377, 0.169619, -0.002831, 0.322798, -0.140187, -0.936028, -1.2e-05, 0.0, 0.0, 0.0, 1.0],
                [0.943761, 0.12303, 0.306886, 0.124994, 0.064033, -0.978627, 0.19541, -0.002831, 0.324369, -0.164769, -0.93147, -1.2e-05, 0.0, 0.0, 0.0, 1.0],
                [0.943142, 0.132099, 0.305013, 0.124994, 0.063109, -0.972108, 0.225874, -0.002831, 0.326343, -0.193782, -0.925175, -1.2e-05, 0.0, 0.0, 0.0, 1.0],
                [0.942394, 0.142327, 0.302715, 0.124994, 0.062029, -0.963624, 0.259961, -0.002831, 0.328704, -0.226208, -0.916943, -1.2e-05, 0.0, 0.0, 0.0, 1.0],
                [0.941518, 0.153494, 0.29997, 0.124994, 0.060815, -0.953008, 0.296774, -0.002831, 0.331427, -0.261175, -0.906611, -1.2e-05, 0.0, 0.0, 0.0, 1.0],
                [0.940519, 0.165429, 0.296746, 0.124994, 0.059486, -0.940135, 0.335568, -0.002831, 0.334494, -0.297955, -0.894056, -1.2e-05, 0.0, 0.0, 0.0, 1.0],
                [0.939396, 0.177995, 0.293006, 0.124994, 0.058068, -0.924918, 0.375703, -0.002831, 0.33788, -0.335919, -0.879202, -1.2e-05, 0.0, 0.0, 0.0, 1.0],
                [0.938154, 0.19108, 0.288713, 0.124994, 0.056585, -0.907315, 0.416625, -0.002831, 0.341562, -0.374521, -0.862015, -1.2e-05, 0.0, 0.0, 0.0, 1.0],
                [0.936795, 0.204579, 0.283832, 0.124994, 0.055065, -0.887333, 0.457826, -0.002831, 0.345515, -0.41326, -0.842517, -1.2e-05, 0.0, 0.0, 0.0, 1.0],
                [0.935325, 0.218392, 0.278334, 0.124994, 0.053539, -0.86504, 0.498835, -0.002831, 0.349712, -0.45167, -0.820789, -1.2e-05, 0.0, 0.0, 0.0, 1.0],
                [0.933749, 0.232415, 0.272203, 0.124994, 0.05204, -0.840572, 0.539193, -0.002831, 0.354123, -0.489304, -0.79698, -1.2e-05, 0.0, 0.0, 0.0, 1.0],
                [0.932073, 0.246531, 0.265447, 0.124994, 0.050606, -0.814151, 0.578442, -0.002831, 0.358719, -0.525716, -0.771325, -1.2e-05, 0.0, 0.0, 0.0, 1.0],
                [0.930303, 0.260612, 0.258102, 0.124994, 0.049276, -0.786097, 0.616134, -0.002831, 0.363465, -0.560473, -0.744152, -1.2e-05, 0.0, 0.0, 0.0, 1.0],
                [0.92845, 0.274515, 0.250242, 0.124994, 0.048096, -0.756848, 0.651818, -0.002831, 0.36833, -0.593144, -0.7159, -1.2e-05, 0.0, 0.0, 0.0, 1.0],
                [0.926523, 0.288084, 0.241993, 0.124994, 0.047112, -0.726968, 0.685053, -0.002831, 0.373275, -0.623315, -0.687127, -1.2e-05, 0.0, 0.0, 0.0, 1.0],
                [0.924535, 0.301155, 0.233538, 0.124994, 0.046378, -0.69716, 0.715413, -0.002831, 0.378264, -0.650593, -0.658517, -1.2e-05, 0.0, 0.0, 0.0, 1.0],
                [0.922497, 0.313558, 0.225122, 0.124994, 0.045947, -0.668263, 0.742504, -0.002831, 0.383259, -0.674613, -0.630879, -1.2e-05, 0.0, 0.0, 0.0, 1.0],
                [0.920422, 0.325125, 0.217064, 0.124994, 0.045876, -0.641251, 0.765959, -0.002831, 0.388224, -0.695045, -0.605139, -1.2e-05, 0.0, 0.0, 0.0, 1.0],
                [0.918326, 0.33608, 0.209109, 0.124994, 0.046231, -0.61574, 0.786592, -0.002831, 0.393115, -0.712679, -0.580988, -1.2e-05, 0.0, 0.0, 0.0, 1.0],
                [0.916219, 0.346621, 0.200983, 0.124994, 0.047031, -0.591178, 0.805168, -0.002831, 0.397905, -0.728257, -0.557952, -1.2e-05, 0.0, 0.0, 0.0, 1.0],
                [0.914108, 0.356577, 0.193024, 0.124994, 0.048256, -0.568337, 0.821379, -0.002831, 0.402588, -0.741513, -0.53673, -1.2e-05, 0.0, 0.0, 0.0, 1.0],
                [0.911994, 0.365838, 0.185549, 0.124994, 0.049871, -0.547866, 0.835079, -0.002831, 0.40716, -0.752332, -0.517896, -1.2e-05, 0.0, 0.0, 0.0, 1.0],
                [0.909879, 0.374348, 0.17884, 0.124994, 0.051826, -0.530251, 0.846255, -0.002831, 0.411624, -0.760719, -0.501866, -1.2e-05, 0.0, 0.0, 0.0, 1.0],
                [0.90776, 0.382098, 0.173123, 0.124994, 0.054049, -0.515793, 0.855007, -0.002831, 0.415992, -0.766782, -0.488869, -1.2e-05, 0.0, 0.0, 0.0, 1.0],
                [0.905635, 0.389113, 0.16857, 0.124994, 0.056443, -0.504586, 0.861514, -0.002831, 0.420285, -0.770701, -0.478934, -1.2e-05, 0.0, 0.0, 0.0, 1.0],
                [0.903496, 0.395443, 0.165285, 0.124994, 0.058888, -0.496518, 0.866027, -0.002831, 0.424532, -0.772717, -0.47189, -1.2e-05, 0.0, 0.0, 0.0, 1.0],
                [0.901336, 0.401152, 0.163308, 0.124994, 0.061235, -0.491287, 0.868842, -0.002831, 0.42877, -0.773117, -0.46738, -1.2e-05, 0.0, 0.0, 0.0, 1.0],
                [0.899143, 0.406015, 0.163377, 0.124994, 0.063289, -0.490004, 0.86942, -0.002831, 0.433054, -0.771391, -0.466281, -1.2e-05, 0.0, 0.0, 0.0, 1.0],
                [0.896915, 0.409822, 0.166098, 0.124994, 0.064936, -0.493607, 0.867257, -0.002831, 0.437409, -0.767069, -0.469337, -1.2e-05, 0.0, 0.0, 0.0, 1.0],
                [0.894658, 0.412613, 0.171278, 0.124994, 0.066148, -0.501504, 0.862622, -0.002831, 0.441826, -0.760421, -0.47597, -1.2e-05, 0.0, 0.0, 0.0, 1.0],
                [0.892384, 0.414372, 0.178736, 0.124994, 0.066922, -0.513201, 0.855655, -0.002831, 0.446287, -0.75161, -0.485703, -1.2e-05, 0.0, 0.0, 0.0, 1.0],
                [0.890103, 0.415035, 0.188312, 0.124994, 0.067276, -0.528306, 0.846384, -0.002831, 0.450766, -0.740699, -0.49817, -1.2e-05, 0.0, 0.0, 0.0, 1.0],
                [0.88783, 0.414499, 0.199868, 0.124994, 0.067245, -0.546533, 0.834733, -0.002831, 0.455231, -0.72766, -0.513102, -1.2e-05, 0.0, 0.0, 0.0, 1.0],
                [0.885581, 0.412613, 0.213298, 0.124994, 0.066879, -0.5677, 0.820514, -0.002831, 0.459644, -0.712366, -0.530341, -1.2e-05, 0.0, 0.0, 0.0, 1.0],
                [0.883373, 0.409167, 0.228546, 0.124994, 0.066238, -0.591751, 0.803394, -0.002831, 0.463966, -0.694557, -0.54984, -1.2e-05, 0.0, 0.0, 0.0, 1.0],
                [0.881224, 0.403864, 0.245637, 0.124994, 0.065387, -0.618799, 0.782823, -0.002831, 0.468154, -0.67378, -0.571708, -1.2e-05, 0.0, 0.0, 0.0, 1.0],
                [0.879153, 0.396234, 0.264741, 0.124994, 0.064393, -0.649231, 0.757861, -0.002831, 0.472169, -0.649226, -0.596289, -1.2e-05, 0.0, 0.0, 0.0, 1.0],
                [0.877179, 0.385436, 0.286349, 0.124994, 0.063322, -0.684005, 0.726723, -0.002831, 0.47597, -0.619332, -0.624403, -1.2e-05, 0.0, 0.0, 0.0, 1.0],
                [0.87521, 0.371497, 0.309831, 0.124994, 0.061263, -0.720451, 0.690793, -0.002831, 0.479846, -0.585607, -0.653307, -1.2e-05, 0.0, 0.0, 0.0, 1.0],
                [0.873198, 0.356322, 0.332503, 0.124994, 0.057728, -0.753062, 0.655411, -0.002831, 0.483933, -0.553108, -0.678144, -1.2e-05, 0.0, 0.0, 0.0, 1.0],
                [0.87122, 0.341604, 0.352534, 0.124994, 0.053391, -0.779829, 0.623709, -0.002831, 0.487979, -0.524566, -0.697643, -1.2e-05, 0.0, 0.0, 0.0, 1.0],
                [0.869355, 0.329187, 0.368587, 0.124994, 0.048847, -0.79943, 0.598768, -0.002831, 0.491767, -0.502537, -0.71107, -1.2e-05, 0.0, 0.0, 0.0, 1.0],
                [0.867679, 0.320542, 0.379982, 0.124994, 0.044606, -0.811473, 0.582683, -0.002831, 0.49512, -0.488631, -0.718398, -1.2e-05, 0.0, 0.0, 0.0, 1.0],
                [0.866251, 0.316332, 0.386707, 0.124994, 0.041005, -0.816423, 0.575995, -0.002831, 0.497923, -0.483098, -0.7202, -1.2e-05, 0.0, 0.0, 0.0, 1.0],
                [0.865079, 0.315709, 0.389826, 0.124994, 0.037954, -0.816076, 0.576694, -0.002831, 0.500196, -0.484091, -0.717955, -1.2e-05, 0.0, 0.0, 0.0, 1.0],
                [0.864157, 0.31722, 0.390645, 0.124994, 0.035287, -0.812575, 0.581787, -0.002831, 0.501983, -0.48897, -0.713387, -1.2e-05, 0.0, 0.0, 0.0, 1.0],
                [0.863476, 0.319548, 0.390252, 0.124994, 0.032861, -0.807708, 0.588664, -0.002831, 0.503316, -0.495472, -0.707939, -1.2e-05, 0.0, 0.0, 0.0, 1.0],
                [0.863033, 0.321737, 0.389434, 0.124994, 0.030551, -0.802764, 0.595513, -0.002831, 0.504223, -0.502049, -0.702641, -1.2e-05, 0.0, 0.0, 0.0, 1.0],
                [0.862838, 0.32216, 0.389518, 0.124994, 0.028348, -0.800213, 0.599044, -0.002831, 0.504686, -0.505835, -0.699588, -1.2e-05, 0.0, 0.0, 0.0, 1.0],
                [0.8629, 0.320179, 0.39101, 0.124994, 0.026325, -0.801128, 0.597913, -0.002831, 0.504688, -0.505645, -0.699723, -1.2e-05, 0.0, 0.0, 0.0, 1.0],
                [0.863208, 0.316218, 0.393543, 0.124994, 0.024487, -0.804836, 0.59299, -0.002831, 0.504252, -0.502237, -0.702486, -1.2e-05, 0.0, 0.0, 0.0, 1.0],
                [0.863752, 0.310561, 0.396842, 0.124994, 0.022838, -0.810831, 0.584833, -0.002831, 0.503399, -0.496086, -0.707451, -1.2e-05, 0.0, 0.0, 0.0, 1.0],
                [0.864518, 0.303411, 0.400688, 0.124994, 0.021381, -0.818705, 0.573814, -0.002831, 0.502147, -0.487504, -0.714274, -1.2e-05, 0.0, 0.0, 0.0, 1.0],
                [0.865493, 0.294935, 0.40489, 0.124994, 0.020117, -0.828101, 0.560216, -0.002831, 0.500517, -0.476717, -0.72265, -1.2e-05, 0.0, 0.0, 0.0, 1.0],
                [0.866665, 0.285267, 0.409283, 0.124994, 0.019045, -0.838706, 0.544247, -0.002831, 0.498526, -0.463885, -0.732313, -1.2e-05, 0.0, 0.0, 0.0, 1.0],
                [0.868024, 0.274544, 0.413714, 0.124994, 0.018165, -0.850224, 0.526106, -0.002831, 0.496189, -0.449157, -0.743003, -1.2e-05, 0.0, 0.0, 0.0, 1.0],
                [0.869555, 0.262887, 0.418047, 0.124994, 0.017474, -0.862379, 0.505958, -0.002831, 0.493525, -0.432653, -0.754482, -1.2e-05, 0.0, 0.0, 0.0, 1.0],
                [0.871247, 0.250423, 0.422157, 0.124994, 0.016969, -0.874913, 0.48398, -0.002831, 0.49055, -0.414502, -0.766516, -1.2e-05, 0.0, 0.0, 0.0, 1.0],
                [0.873086, 0.237291, 0.425926, 0.124994, 0.016645, -0.887573, 0.460364, -0.002831, 0.487281, -0.394847, -0.778879, -1.2e-05, 0.0, 0.0, 0.0, 1.0],
                [0.87506, 0.223641, 0.429248, 0.124994, 0.016498, -0.900117, 0.435335, -0.002831, 0.483732, -0.373861, -0.791348, -1.2e-05, 0.0, 0.0, 0.0, 1.0],
                [0.877156, 0.209659, 0.432018, 0.124994, 0.016522, -0.912296, 0.409194, -0.002831, 0.47992, -0.351789, -0.803691, -1.2e-05, 0.0, 0.0, 0.0, 1.0],
                [0.87936, 0.195571, 0.43414, 0.124994, 0.01671, -0.923869, 0.382339, -0.002831, 0.475863, -0.328958, -0.815684, -1.2e-05, 0.0, 0.0, 0.0, 1.0],
                [0.88166, 0.181613, 0.435537, 0.124994, 0.017056, -0.934632, 0.355203, -0.002831, 0.471577, -0.305739, -0.827127, -1.2e-05, 0.0, 0.0, 0.0, 1.0],
                [0.88404, 0.168248, 0.436077, 0.124994, 0.017553, -0.944258, 0.328734, -0.002831, 0.467079, -0.282959, -0.837718, -1.2e-05, 0.0, 0.0, 0.0, 1.0],
                [0.886491, 0.155914, 0.435688, 0.124994, 0.018192, -0.952541, 0.303861, -0.002831, 0.462387, -0.261443, -0.847257, -1.2e-05, 0.0, 0.0, 0.0, 1.0],
                [0.888996, 0.145314, 0.434244, 0.124994, 0.018967, -0.959181, 0.282149, -0.002831, 0.45752, -0.242593, -0.855467, -1.2e-05, 0.0, 0.0, 0.0, 1.0],
                [0.891544, 0.137087, 0.43169, 0.124994, 0.019871, -0.964016, 0.265095, -0.002831, 0.452497, -0.227766, -0.862188, -1.2e-05, 0.0, 0.0, 0.0, 1.0],
                [0.89412, 0.131704, 0.428022, 0.124994, 0.020895, -0.967003, 0.253902, -0.002831, 0.447339, -0.218075, -0.86737, -1.2e-05, 0.0, 0.0, 0.0, 1.0],
                [0.896712, 0.12816, 0.423653, 0.124994, 0.022035, -0.9689, 0.246466, -0.002831, 0.442064, -0.211673, -0.87165, -1.2e-05, 0.0, 0.0, 0.0, 1.0],
                [0.899309, 0.125234, 0.418998, 0.124994, 0.023284, -0.97047, 0.240089, -0.002831, 0.436693, -0.206158, -0.87567, -1.2e-05, 0.0, 0.0, 0.0, 1.0],
                [0.9019, 0.122723, 0.414143, 0.124994, 0.024636, -0.971841, 0.234338, -0.002831, 0.431241, -0.201147, -0.879529, -1.2e-05, 0.0, 0.0, 0.0, 1.0],
                [0.904476, 0.120551, 0.409133, 0.124994, 0.026082, -0.973062, 0.229055, -0.002831, 0.425725, -0.196504, -0.883258, -1.2e-05, 0.0, 0.0, 0.0, 1.0],
                [0.907027, 0.118673, 0.404002, 0.124994, 0.027615, -0.974161, 0.224155, -0.002831, 0.420164, -0.192158, -0.886869, -1.2e-05, 0.0, 0.0, 0.0, 1.0],
                [0.909545, 0.116961, 0.398809, 0.124994, 0.029229, -0.975208, 0.219345, -0.002831, 0.414576, -0.187847, -0.890415, -1.2e-05, 0.0, 0.0, 0.0, 1.0],
                [0.91202, 0.115414, 0.393573, 0.124994, 0.030914, -0.976204, 0.214633, -0.002831, 0.408979, -0.183582, -0.893887, -1.2e-05, 0.0, 0.0, 0.0, 1.0],
                [0.914444, 0.114009, 0.388322, 0.124994, 0.032663, -0.97716, 0.209973, -0.002831, 0.403391, -0.179324, -0.897284, -1.2e-05, 0.0, 0.0, 0.0, 1.0],
                [0.916811, 0.112721, 0.383082, 0.124994, 0.034466, -0.978087, 0.205315, -0.002831, 0.397832, -0.175032, -0.900607, -1.2e-05, 0.0, 0.0, 0.0, 1.0],
                [0.919112, 0.111541, 0.377878, 0.124994, 0.036315, -0.978989, 0.200646, -0.002831, 0.392319, -0.170694, -0.903853, -1.2e-05, 0.0, 0.0, 0.0, 1.0],
                [0.921341, 0.110459, 0.372731, 0.124994, 0.038201, -0.979866, 0.195957, -0.002831, 0.386872, -0.166304, -0.907013, -1.2e-05, 0.0, 0.0, 0.0, 1.0],
                [0.923493, 0.109471, 0.367662, 0.124994, 0.040114, -0.980719, 0.191252, -0.002831, 0.38151, -0.161872, -0.910081, -1.2e-05, 0.0, 0.0, 0.0, 1.0],
                [0.925562, 0.108574, 0.362692, 0.124994, 0.042043, -0.981545, 0.186543, -0.002831, 0.376253, -0.157408, -0.913048, -1.2e-05, 0.0, 0.0, 0.0, 1.0],
                [0.927543, 0.107766, 0.357839, 0.124994, 0.043978, -0.982341, 0.181848, -0.002831, 0.371117, -0.152935, -0.915905, -1.2e-05, 0.0, 0.0, 0.0, 1.0],
                [0.929432, 0.107047, 0.353123, 0.124994, 0.045908, -0.983103, 0.177193, -0.002831, 0.366125, -0.148478, -0.918644, -1.2e-05, 0.0, 0.0, 0.0, 1.0],
                [0.931225, 0.106416, 0.348563, 0.124994, 0.047821, -0.983828, 0.172604, -0.002831, 0.361294, -0.144064, -0.921256, -1.2e-05, 0.0, 0.0, 0.0, 1.0],
                [0.932917, 0.105869, 0.344175, 0.124994, 0.049706, -0.984513, 0.168108, -0.002831, 0.356642, -0.139723, -0.923734, -1.2e-05, 0.0, 0.0, 0.0, 1.0],
                [0.934507, 0.105407, 0.339978, 0.124994, 0.051551, -0.985154, 0.163739, -0.002831, 0.35219, -0.135489, -0.926069, -1.2e-05, 0.0, 0.0, 0.0, 1.0],
                [0.935992, 0.105025, 0.335988, 0.124994, 0.053342, -0.985748, 0.159533, -0.002831, 0.347956, -0.1314, -0.928257, -1.2e-05, 0.0, 0.0, 0.0, 1.0],
                [0.937369, 0.104722, 0.332223, 0.124994, 0.055067, -0.986295, 0.155524, -0.002831, 0.343957, -0.127489, -0.930291, -1.2e-05, 0.0, 0.0, 0.0, 1.0],
                [0.938636, 0.10449, 0.3287, 0.124994, 0.056713, -0.98679, 0.151742, -0.002831, 0.340213, -0.123789, -0.932165, -1.2e-05, 0.0, 0.0, 0.0, 1.0],
                [0.939792, 0.104325, 0.325433, 0.124994, 0.058266, -0.987234, 0.148223, -0.002831, 0.336743, -0.120337, -0.933876, -1.2e-05, 0.0, 0.0, 0.0, 1.0],
                [0.940835, 0.104221, 0.32244, 0.124994, 0.059712, -0.987627, 0.144999, -0.002831, 0.333562, -0.117166, -0.935419, -1.2e-05, 0.0, 0.0, 0.0, 1.0],
                [0.941763, 0.10417, 0.319736, 0.124994, 0.061037, -0.987967, 0.1421, -0.002831, 0.330691, -0.114309, -0.936791, -1.2e-05, 0.0, 0.0, 0.0, 1.0],
                [0.942574, 0.104162, 0.317337, 0.124994, 0.062228, -0.988256, 0.139551, -0.002831, 0.328146, -0.11179, -0.937989, -1.2e-05, 0.0, 0.0, 0.0, 1.0],
                [0.943268, 0.104189, 0.31526, 0.124994, 0.063271, -0.988495, 0.137377, -0.002831, 0.325946, -0.109636, -0.939011, -1.2e-05, 0.0, 0.0, 0.0, 1.0],
                [0.943842, 0.10424, 0.31352, 0.124994, 0.064152, -0.988684, 0.135591, -0.002831, 0.324107, -0.107864, -0.939851, -1.2e-05, 0.0, 0.0, 0.0, 1.0],
                [0.944294, 0.104302, 0.312136, 0.124994, 0.064859, -0.988826, 0.134209, -0.002831, 0.322647, -0.106487, -0.94051, -1.2e-05, 0.0, 0.0, 0.0, 1.0],
                [0.944621, 0.104365, 0.311124, 0.124994, 0.065378, -0.988924, 0.133234, -0.002831, 0.321583, -0.105515, -0.940983, -1.2e-05, 0.0, 0.0, 0.0, 1.0],
                [0.944821, 0.104414, 0.310502, 0.124994, 0.065698, -0.98898, 0.132661, -0.002831, 0.320932, -0.104942, -0.941271, -1.2e-05, 0.0, 0.0, 0.0, 1.0]
            ]
        },
        {
            "name": "Leg_R",
            "time": [0.0, 0.0104, 0.0208, 0.0312, 0.0417, 0.0521, 0.0625, 0.0729, 0.0833, 0.0938, 0.1042, 0.1146, 0.125, 0.1354, 0.1458, 0.1562, 0.1667, 0.1771, 0.1875, 0.1979, 0.2083, 0.2188, 0.2292, 0.2396, 0.25, 0.2604, 0.2708, 0.2812, 0.2917, 0.3021, 0.3125, 0.3229, 0.3333, 0.3438, 0.3542, 0.3646, 0.375, 0.3854, 0.3958, 0.4062, 0.4167, 0.4271, 0.4375, 0.4479, 0.4583, 0.4688, 0.4792, 0.4896, 0.5, 0.5104, 0.5208, 0.5312, 0.5417, 0.5521, 0.5625, 0.5729, 0.5833, 0.5938, 0.6042, 0.6146, 0.625, 0.6354, 0.6458, 0.6562, 0.6667, 0.6771, 0.6875, 0.6979, 0.7083, 0.7188, 0.7292, 0.7396, 0.75, 0.7604, 0.7708, 0.7812, 0.7917, 0.8021, 0.8125, 0.8229, 0.8333, 0.8438, 0.8542, 0.8646, 0.875, 0.8854, 0.8958, 0.9062, 0.9167, 0.9271, 0.9375, 0.9479, 0.9583, 0.9688, 0.9792, 0.9896, 1.0, 1.0104, 1.0208, 1.0312, 1.0417],
            "transform": [
                [1.0, -0.0, 1e-06, 0.0, -0.0, 0.812887, 0.582423, 0.374726, -1e-06, -0.582426, 0.812882, -0.0, 0.0, 0.0, 0.0, 1.0],
                [1.0, -0.0, 1e-06, 0.0, -0.0, 0.808694, 0.588234, 0.374726, -1e-06, -0.588237, 0.808685, 0.0, 0.0, 0.0, 0.0, 1.0],
                [1.0, -0.0, 1e-06, 0.0, -0.0, 0.79661, 0.604496, 0.374726, -1e-06, -0.6045, 0.796603, 0.0, 0.0, 0.0, 0.0, 1.0],
                [1.000001, -0.0, 1e-06, 0.0, -0.0, 0.777446, 0.628952, 0.374726, -1e-06, -0.628955, 0.777441, 0.0, 0.0, 0.0, 0.0, 1.0],
                [1.000001, -0.0, 1e-06, -0.0, -0.0, 0.752079, 0.659075, 0.374726, -1e-06, -0.659079, 0.752072, 0.0, 0.0, 0.0, 0.0, 1.0],
                [1.0, -1e-06, 1e-06, -0.0, -0.0, 0.721439, 0.692479, 0.374726, -1e-06, -0.692482, 0.721433, 0.0, 0.0, 0.0, 0.0, 1.0],
                [1.0, -1e-06, 1e-06, 0.0, -0.0, 0.68649, 0.72714, 0.374726, -1e-06, -0.727143, 0.686485, -0.0, 0.0, 0.0, 0.0, 1.0],
                [1.000001, -1e-06, 1e-06, -0.0, -0.0, 0.648232, 0.761444, 0.374726, -1e-06, -0.761446, 0.648227, -0.0, 0.0, 0.0, 0.0, 1.0],
                [1.000001, -1e-06, 1e-06, 0.0, -0.0, 0.607672, 0.794189, 0.374726, -1e-06, -0.794191, 0.607668, -0.0, 0.0, 0.0, 0.0, 1.0],
                [1.0, -1e-06, 1e-06, -0.0, -0.0, 0.565839, 0.824515, 0.374726, -1e-06, -0.824518, 0.565835, -0.0, 0.0, 0.0, 0.0, 1.0],
                [1.0, -1e-06, 1e-06, -0.0, -0.0, 0.523746, 0.851874, 0.374726, -1e-06, -0.851877, 0.523743, 0.0, 0.0, 0.0, 0.0, 1.0],
                [1.0, -1e-06, 1e-06, -0.0, -0.0, 0.482416, 0.875942, 0.374726, -1e-06, -0.875944, 0.482413, 0.0, 0.0, 0.0, 0.0, 1.0],
                [1.0, -1e-06, 1e-06, -0.0, -0.0, 0.442849, 0.896596, 0.374726, -1e-06, -0.896598, 0.442846, -0.0, 0.0, 0.0, 0.0, 1.0],
                [1.0, -1e-06, 1e-06, -0.0, -0.0, 0.406035, 0.913858, 0.374726, -1e-06, -0.91386, 0.406032, -0.0, 0.0, 0.0, 0.0, 1.0],
                [1.0, -1e-06, 1e-06, 0.0, -0.0, 0.372947, 0.927852, 0.374726, -1e-06, -0.927853, 0.372945, 0.0, 0.0, 0.0, 0.0, 1.0],
                [1.0, -1e-06, 0.0, -0.0, -0.0, 0.344535, 0.938773, 0.374726, -1e-06, -0.938775, 0.344533, -0.0, 0.0, 0.0, 0.0, 1.0],
                [1.000001, -1e-06, 0.0, 0.0, -0.0, 0.321735, 0.946829, 0.374726, -1e-06, -0.946831, 0.321733, 0.0, 0.0, 0.0, 0.0, 1.0],
                [1.0, -1e-06, 0.0, 0.0, -0.0, 0.305463, 0.952203, 0.374726, -1e-06, -0.952205, 0.305461, -0.0, 0.0, 0.0, 0.0, 1.0],
                [1.000001, -1e-06, 0.0, -0.0, -0.0, 0.296621, 0.954995, 0.374726, -1e-06, -0.954996, 0.29662, 0.0, 0.0, 0.0, 0.0, 1.0],
                [1.000001, -1e-06, 0.0, -0.0, -0.0, 0.2961, 0.955156, 0.374726, -1e-06, -0.955158, 0.296098, 0.0, 0.0, 0.0, 0.0, 1.0],
                [1.000001, -1e-06, 0.0, 0.0, -0.0, 0.304782, 0.952422, 0.374726, -1e-06, -0.952424, 0.304779, -0.0, 0.0, 0.0, 0.0, 1.0],
                [1.000001, -1e-06, 0.0, 0.0, -0.0, 0.32021, 0.947346, 0.374726, -1e-06, -0.947348, 0.320208, -0.0, 0.0, 0.0, 0.0, 1.0],
                [1.0, -1e-06, 0.0, 0.0, -0.0, 0.339439, 0.940627, 0.374726, -1e-06, -0.94063, 0.339437, 0.0, 0.0, 0.0, 0.0, 1.0],
                [1.0, -1e-06, 1e-06, 0.0, -0.0, 0.362425, 0.932012, 0.374726, -1e-06, -0.932014, 0.362423, 0.0, 0.0, 0.0, 0.0, 1.0],
                [1.0, -1e-06, 1e-06, 0.0, -0.0, 0.38884, 0.921305, 0.374726, -1e-06, -0.921307, 0.388837, -0.0, 0.0, 0.0, 0.0, 1.0],
                [1.0, -1e-06, 1e-06, 0.0, -0.0, 0.418079, 0.90841, 0.374726, -1e-06, -0.908413, 0.418076, 0.0, 0.0, 0.0, 0.0, 1.0],
                [1.0, -1e-06, 1e-06, 0.0, -0.0, 0.449275, 0.893393, 0.374726, -1e-06, -0.893396, 0.449272, 0.0, 0.0, 0.0, 0.0, 1.0],
                [1.0, -1e-06, 1e-06, 0.0, -0.0, 0.481337, 0.876536, 0.374726, -1e-06, -0.876538, 0.481334, 0.0, 0.0, 0.0, 0.0, 1.0],
                [1.0, -1e-06, 1e-06, -0.0, -0.0, 0.512979, 0.858401, 0.374726, -1e-06, -0.858403, 0.512976, 0.0, 0.0, 0.0, 0.0, 1.0],
                [1.0, -1e-06, 1e-06, 0.0, -0.0, 0.542781, 0.839874, 0.374726, -1e-06, -0.839877, 0.542778, -0.0, 0.0, 0.0, 0.0, 1.0],
                [1.0, -1e-06, 1e-06, 0.0, -0.0, 0.571833, 0.82037, 0.374726, -1e-06, -0.820373, 0.571829, -0.0, 0.0, 0.0, 0.0, 1.0],
                [1.0, -1e-06, 1e-06, -0.0, -0.0, 0.601825, 0.798629, 0.374726, -1e-06, -0.798631, 0.60182, -0.0, 0.0, 0.0, 0.0, 1.0],
                [1.0, -1e-06, 1e-06, -0.0, -0.0, 0.632378, 0.774661, 0.374726, -1e-06, -0.774663, 0.632373, -0.0, 0.0, 0.0, 0.0, 1.0],
                [1.0, -1e-06, 1e-06, 0.0, -0.0, 0.66332, 0.748337, 0.374726, -1e-06, -0.74834, 0.663316, 0.0, 0.0, 0.0, 0.0, 1.0],
                [1.0, -1e-06, 1e-06, -0.0, -0.0, 0.694648, 0.719351, 0.374726, -1e-06, -0.719354, 0.694642, 0.0, 0.0, 0.0, 0.0, 1.0],
                [1.000001, -1e-06, 1e-06, 0.0, -0.0, 0.726481, 0.687188, 0.374726, -1e-06, -0.68719, 0.726476, -0.0, 0.0, 0.0, 0.0, 1.0],
                [1.0, -0.0, 1e-06, 0.0, -0.0, 0.759029, 0.651058, 0.374726, -1e-06, -0.651061, 0.759023, -0.0, 0.0, 0.0, 0.0, 1.0],
                [1.000001, -0.0, 1e-06, 0.0, -0.0, 0.792562, 0.609795, 0.374726, -1e-06, -0.609798, 0.792556, 0.0, 0.0, 0.0, 0.0, 1.0],
