{
    "animation": [
        {
            "name": "Root",
            "time": [0.0, 0.0111, 0.0222, 0.0333, 0.0444, 0.0556, 0.0667, 0.0778, 0.0889, 0.1, 0.1111, 0.1222, 0.1333, 0.1444, 0.1556, 0.1667, 0.1778, 0.1889, 0.2, 0.2111, 0.2222, 0.2333, 0.2444, 0.2556, 0.2667, 0.2778, 0.2889, 0.3, 0.3111, 0.3222, 0.3333, 0.3444, 0.3556, 0.3667, 0.3778, 0.3889, 0.4, 0.4111, 0.4222, 0.4333, 0.4444, 0.4556, 0.4667, 0.4778, 0.4889, 0.5, 0.5111, 0.5222, 0.5333, 0.5444, 0.5556, 0.5667, 0.5778, 0.5889, 0.6, 0.6111, 0.6222, 0.6333, 0.6444, 0.6556, 0.6667, 0.6778, 0.6889, 0.7, 0.7111, 0.7222, 0.7333, 0.7444, 0.7556, 0.7667, 0.7778, 0.7889, 0.8, 0.8111, 0.8222, 0.8333, 0.8444, 0.8556, 0.8667, 0.8778, 0.8889, 0.9, 0.9111, 0.9222, 0.9333, 0.9444, 0.9556, 0.9667, 0.9778, 0.9889, 1.0, 1.0111, 1.0222, 1.0333, 1.0444, 1.0556, 1.0667, 1.0778, 1.0889, 1.1, 1.1111],
            "transform": [
                [0.917536, 0.030692, 0.396466, -5e-06, 0.390744, 0.115453, -0.91323, -0.081316, -0.073802, 0.992839, 0.09394, 0.728846, 0.0, 0.0, 0.0, 1.0],
                [0.917416, 0.030656, 0.396747, -5e-06, 0.391025, 0.115462, -0.913109, -0.081316, -0.073802, 0.992839, 0.09394, 0.729145, 0.0, 0.0, 0.0, 1.0],
                [0.917062, 0.030552, 0.397572, -5e-06, 0.391854, 0.11549, -0.91275, -0.081316, -0.073802, 0.992839, 0.09394, 0.730002, 0.0, 0.0, 0.0, 1.0],
                [0.916483, 0.030382, 0.398918, -5e-06, 0.393208, 0.115535, -0.912162, -0.081316, -0.073802, 0.992839, 0.09394, 0.731355, 0.0, 0.0, 0.0, 1.0],
                [0.915685, 0.030148, 0.400763, -5e-06, 0.395061, 0.115596, -0.911353, -0.081316, -0.073802, 0.992839, 0.09394, 0.733141, 0.0, 0.0, 0.0, 1.0],
                [0.914676, 0.029853, 0.403083, -5e-06, 0.397392, 0.115673, -0.910329, -0.081316, -0.073802, 0.992839, 0.09394, 0.7353, 0.0, 0.0, 0.0, 1.0],
                [0.913462, 0.029501, 0.405852, -5e-06, 0.400175, 0.115763, -0.909098, -0.081316, -0.073802, 0.992839, 0.09394, 0.737768, 0.0, 0.0, 0.0, 1.0],
                [0.912049, 0.029094, 0.409048, -5e-06, 0.403386, 0.115866, -0.907665, -0.081316, -0.073802, 0.992839, 0.09394, 0.740484, 0.0, 0.0, 0.0, 1.0],
                [0.910441, 0.028634, 0.412646, -5e-06, 0.407001, 0.115981, -0.906035, -0.081316, -0.073802, 0.992839, 0.09394, 0.743385, 0.0, 0.0, 0.0, 1.0],
                [0.908645, 0.028124, 0.41662, -5e-06, 0.410995, 0.116105, -0.904214, -0.081316, -0.073802, 0.992839, 0.09394, 0.746411, 0.0, 0.0, 0.0, 1.0],
                [0.906666, 0.027568, 0.420948, -5e-06, 0.415343, 0.116239, -0.902208, -0.081316, -0.073802, 0.992839, 0.09394, 0.749499, 0.0, 0.0, 0.0, 1.0],
                [0.904508, 0.026967, 0.425603, -5e-06, 0.420022, 0.11638, -0.900021, -0.081316, -0.073802, 0.992839, 0.09394, 0.752586, 0.0, 0.0, 0.0, 1.0],
                [0.902178, 0.026324, 0.430561, -5e-06, 0.425005, 0.116526, -0.89766, -0.081316, -0.073802, 0.992839, 0.09394, 0.755612, 0.0, 0.0, 0.0, 1.0],
                [0.899679, 0.025643, 0.435797, -5e-06, 0.430268, 0.116678, -0.895129, -0.081316, -0.073802, 0.992839, 0.09394, 0.758514, 0.0, 0.0, 0.0, 1.0],
                [0.89702, 0.024926, 0.441287, -5e-06, 0.435786, 0.116834, -0.892435, -0.081316, -0.073802, 0.992839, 0.09394, 0.761229, 0.0, 0.0, 0.0, 1.0],
                [0.894204, 0.024176, 0.447006, -5e-06, 0.441534, 0.116991, -0.889585, -0.081316, -0.073802, 0.992839, 0.09394, 0.763697, 0.0, 0.0, 0.0, 1.0],
                [0.89124, 0.023395, 0.452929, -5e-06, 0.447488, 0.11715, -0.886584, -0.081316, -0.073802, 0.992839, 0.09394, 0.765856, 0.0, 0.0, 0.0, 1.0],
                [0.888133, 0.022586, 0.459032, -5e-06, 0.453623, 0.117308, -0.883439, -0.081316, -0.073802, 0.992839, 0.09394, 0.767642, 0.0, 0.0, 0.0, 1.0],
                [0.884891, 0.021753, 0.465289, -5e-06, 0.459914, 0.117466, -0.88016, -0.081316, -0.073802, 0.992839, 0.09394, 0.768995, 0.0, 0.0, 0.0, 1.0],
                [0.881523, 0.020899, 0.471678, -5e-06, 0.466337, 0.117621, -0.876753, -0.081316, -0.073802, 0.992839, 0.09394, 0.769852, 0.0, 0.0, 0.0, 1.0],
                [0.878037, 0.020025, 0.478174, -5e-06, 0.472868, 0.117773, -0.873227, -0.081316, -0.073802, 0.992839, 0.09394, 0.770151, 0.0, 0.0, 0.0, 1.0],
                [0.874442, 0.019135, 0.484753, -5e-06, 0.479484, 0.11792, -0.869592, -0.081316, -0.073802, 0.992839, 0.09394, 0.770017, 0.0, 0.0, 0.0, 1.0],
                [0.870748, 0.018232, 0.491391, -5e-06, 0.486159, 0.118063, -0.865858, -0.081316, -0.073802, 0.992839, 0.09394, 0.769625, 0.0, 0.0, 0.0, 1.0],
                [0.866966, 0.01732, 0.498066, -5e-06, 0.492872, 0.118201, -0.862036, -0.081316, -0.073802, 0.992839, 0.09394, 0.768995, 0.0, 0.0, 0.0, 1.0],
                [0.863107, 0.0164, 0.504755, -5e-06, 0.499599, 0.118332, -0.858136, -0.081316, -0.073802, 0.992839, 0.09394, 0.768144, 0.0, 0.0, 0.0, 1.0],
                [0.859183, 0.015476, 0.511434, -5e-06, 0.506318, 0.118456, -0.854173, -0.081316, -0.073802, 0.992839, 0.09394, 0.767092, 0.0, 0.0, 0.0, 1.0],
                [0.855207, 0.014552, 0.518082, -5e-06, 0.513005, 0.118573, -0.850157, -0.081316, -0.073802, 0.992839, 0.09394, 0.765856, 0.0, 0.0, 0.0, 1.0],
                [0.851192, 0.013629, 0.524678, -5e-06, 0.51964, 0.118683, -0.846102, -0.081316, -0.073802, 0.992839, 0.09394, 0.764454, 0.0, 0.0, 0.0, 1.0],
                [0.847152, 0.012712, 0.531199, -5e-06, 0.526201, 0.118785, -0.842023, -0.081316, -0.073802, 0.992839, 0.09394, 0.762906, 0.0, 0.0, 0.0, 1.0],
                [0.843101, 0.011803, 0.537625, -5e-06, 0.532667, 0.118879, -0.837934, -0.081316, -0.073802, 0.992839, 0.09394, 0.761229, 0.0, 0.0, 0.0, 1.0],
                [0.839056, 0.010905, 0.543936, -5e-06, 0.539016, 0.118964, -0.833852, -0.081316, -0.073802, 0.992839, 0.09394, 0.759443, 0.0, 0.0, 0.0, 1.0],
                [0.835031, 0.010022, 0.550111, -5e-06, 0.54523, 0.119042, -0.829791, -0.081316, -0.073802, 0.992839, 0.09394, 0.757564, 0.0, 0.0, 0.0, 1.0],
                [0.831044, 0.009156, 0.556131, -5e-06, 0.551289, 0.119112, -0.825768, -0.081316, -0.073802, 0.992839, 0.09394, 0.755612, 0.0, 0.0, 0.0, 1.0],
                [0.827111, 0.00831, 0.561978, -5e-06, 0.557172, 0.119174, -0.821801, -0.081316, -0.073802, 0.992839, 0.09394, 0.753605, 0.0, 0.0, 0.0, 1.0],
                [0.823249, 0.007488, 0.567631, -5e-06, 0.562862, 0.119228, -0.817906, -0.081316, -0.073802, 0.992839, 0.09394, 0.751561, 0.0, 0.0, 0.0, 1.0],
                [0.819477, 0.006693, 0.573073, -5e-06, 0.56834, 0.119275, -0.814102, -0.081316, -0.073802, 0.992839, 0.09394, 0.749499, 0.0, 0.0, 0.0, 1.0],
                [0.815812, 0.005927, 0.578286, -5e-06, 0.573588, 0.119316, -0.810408, -0.081316, -0.073802, 0.992839, 0.09394, 0.747436, 0.0, 0.0, 0.0, 1.0],
                [0.812274, 0.005194, 0.583253, -5e-06, 0.578589, 0.11935, -0.80684, -0.081316, -0.073802, 0.992839, 0.09394, 0.745392, 0.0, 0.0, 0.0, 1.0],
                [0.80888, 0.004497, 0.587956, -5e-06, 0.583323, 0.119378, -0.803419, -0.081316, -0.073802, 0.992839, 0.09394, 0.743385, 0.0, 0.0, 0.0, 1.0],
                [0.80565, 0.003838, 0.592379, -5e-06, 0.587777, 0.119401, -0.800164, -0.081316, -0.073802, 0.992839, 0.09394, 0.741433, 0.0, 0.0, 0.0, 1.0],
                [0.802603, 0.003221, 0.596505, -5e-06, 0.591931, 0.119419, -0.797093, -0.081316, -0.073802, 0.992839, 0.09394, 0.739555, 0.0, 0.0, 0.0, 1.0],
                [0.799758, 0.002649, 0.600317, -5e-06, 0.595769, 0.119434, -0.794226, -0.081316, -0.073802, 0.992839, 0.09394, 0.737768, 0.0, 0.0, 0.0, 1.0],
                [0.797134, 0.002125, 0.603799, -5e-06, 0.599275, 0.119444, -0.791582, -0.081316, -0.073802, 0.992839, 0.09394, 0.736091, 0.0, 0.0, 0.0, 1.0],
                [0.79475, 0.001651, 0.606934, -5e-06, 0.602433, 0.119452, -0.789181, -0.081316, -0.073802, 0.992839, 0.09394, 0.734543, 0.0, 0.0, 0.0, 1.0],
                [0.792626, 0.001231, 0.609707, -5e-06, 0.605225, 0.119457, -0.78704, -0.081316, -0.073802, 0.992839, 0.09394, 0.733141, 0.0, 0.0, 0.0, 1.0],
                [0.79078, 0.000867, 0.6121, -5e-06, 0.607635, 0.11946, -0.785181, -0.081316, -0.073802, 0.992839, 0.09394, 0.731905, 0.0, 0.0, 0.0, 1.0],
                [0.78923, 0.000563, 0.614098, -5e-06, 0.609647, 0.119462, -0.783619, -0.081316, -0.073802, 0.992839, 0.09394, 0.730853, 0.0, 0.0, 0.0, 1.0],
                [0.787995, 0.000321, 0.615682, -5e-06, 0.611243, 0.119463, -0.782375, -0.081316, -0.073802, 0.992839, 0.09394, 0.730002, 0.0, 0.0, 0.0, 1.0],
                [0.787092, 0.000145, 0.616836, -5e-06, 0.612405, 0.119463, -0.781466, -0.081316, -0.073802, 0.992839, 0.09394, 0.729372, 0.0, 0.0, 0.0, 1.0],
                [0.786538, 3.7e-05, 0.617542, -5e-06, 0.613117, 0.119463, -0.780908, -0.081316, -0.073802, 0.992839, 0.09394, 0.72898, 0.0, 0.0, 0.0, 1.0],
                [0.78635, 0.0, 0.617782, -5e-06, 0.613357, 0.119463, -0.780718, -0.081316, -0.073802, 0.992839, 0.09394, 0.728846, 0.0, 0.0, 0.0, 1.0],
                [0.786538, 3.7e-05, 0.617542, -5e-06, 0.613116, 0.119463, -0.780908, -0.081316, -0.073802, 0.992839, 0.09394, 0.729219, 0.0, 0.0, 0.0, 1.0],
                [0.787092, 0.000145, 0.616836, -5e-06, 0.612405, 0.119463, -0.781466, -0.081316, -0.073802, 0.992839, 0.09394, 0.730289, 0.0, 0.0, 0.0, 1.0],
                [0.787995, 0.000321, 0.615682, -5e-06, 0.611243, 0.119463, -0.782375, -0.081316, -0.073802, 0.992839, 0.09394, 0.731978, 0.0, 0.0, 0.0, 1.0],
                [0.78923, 0.000563, 0.614098, -5e-06, 0.609647, 0.119462, -0.783619, -0.081316, -0.073802, 0.992839, 0.09394, 0.734208, 0.0, 0.0, 0.0, 1.0],
                [0.79078, 0.000867, 0.6121, -5e-06, 0.607635, 0.11946, -0.785181, -0.081316, -0.073802, 0.992839, 0.09394, 0.736902, 0.0, 0.0, 0.0, 1.0],
                [0.792626, 0.001231, 0.609707, -5e-06, 0.605225, 0.119457, -0.787041, -0.081316, -0.073802, 0.992839, 0.09394, 0.739983, 0.0, 0.0, 0.0, 1.0],
                [0.79475, 0.001651, 0.606935, -5e-06, 0.602433, 0.119452, -0.78918, -0.081316, -0.073802, 0.992839, 0.09394, 0.743373, 0.0, 0.0, 0.0, 1.0],
                [0.797134, 0.002125, 0.603799, -5e-06, 0.599275, 0.119444, -0.791582, -0.081316, -0.073802, 0.992839, 0.09394, 0.746995, 0.0, 0.0, 0.0, 1.0],
                [0.799758, 0.002649, 0.600317, -5e-06, 0.595769, 0.119434, -0.794226, -0.081316, -0.073802, 0.992839, 0.09394, 0.750772, 0.0, 0.0, 0.0, 1.0],
                [0.802603, 0.003221, 0.596505, -5e-06, 0.591931, 0.11942, -0.797093, -0.081316, -0.073802, 0.992839, 0.09394, 0.754626, 0.0, 0.0, 0.0, 1.0],
                [0.80565, 0.003838, 0.592379, -5e-06, 0.587777, 0.119401, -0.800164, -0.081316, -0.073802, 0.992839, 0.09394, 0.75848, 0.0, 0.0, 0.0, 1.0],
                [0.80888, 0.004497, 0.587957, -5e-06, 0.583324, 0.119378, -0.803419, -0.081316, -0.073802, 0.992839, 0.09394, 0.762257, 0.0, 0.0, 0.0, 1.0],
                [0.812274, 0.005194, 0.583253, -5e-06, 0.578589, 0.11935, -0.80684, -0.081316, -0.073802, 0.992839, 0.09394, 0.76588, 0.0, 0.0, 0.0, 1.0],
                [0.815812, 0.005927, 0.578286, -5e-06, 0.573588, 0.119316, -0.810407, -0.081316, -0.073802, 0.992839, 0.09394, 0.76927, 0.0, 0.0, 0.0, 1.0],
                [0.819477, 0.006693, 0.573073, -5e-06, 0.56834, 0.119275, -0.814102, -0.081316, -0.073802, 0.992839, 0.09394, 0.77235, 0.0, 0.0, 0.0, 1.0],
                [0.823249, 0.007488, 0.567631, -5e-06, 0.562862, 0.119228, -0.817906, -0.081316, -0.073802, 0.992839, 0.09394, 0.775045, 0.0, 0.0, 0.0, 1.0],
                [0.827111, 0.00831, 0.561977, -5e-06, 0.557172, 0.119174, -0.821801, -0.081316, -0.073802, 0.992839, 0.09394, 0.777275, 0.0, 0.0, 0.0, 1.0],
                [0.831044, 0.009156, 0.556131, -5e-06, 0.551289, 0.119112, -0.825768, -0.081316, -0.073802, 0.992839, 0.09394, 0.778963, 0.0, 0.0, 0.0, 1.0],
                [0.835031, 0.010022, 0.550111, -5e-06, 0.54523, 0.119042, -0.829791, -0.081316, -0.073802, 0.992839, 0.09394, 0.780033, 0.0, 0.0, 0.0, 1.0],
                [0.839056, 0.010905, 0.543936, -5e-06, 0.539016, 0.118964, -0.833852, -0.081316, -0.073802, 0.992839, 0.09394, 0.780407, 0.0, 0.0, 0.0, 1.0],
                [0.843101, 0.011803, 0.537625, -5e-06, 0.532667, 0.118879, -0.837934, -0.081316, -0.073802, 0.992839, 0.09394, 0.780239, 0.0, 0.0, 0.0, 1.0],
                [0.847152, 0.012712, 0.531199, -5e-06, 0.526201, 0.118785, -0.842023, -0.081316, -0.073802, 0.992839, 0.09394, 0.77975, 0.0, 0.0, 0.0, 1.0],
                [0.851192, 0.013629, 0.524678, -5e-06, 0.51964, 0.118683, -0.846102, -0.081316, -0.073802, 0.992839, 0.09394, 0.778963, 0.0, 0.0, 0.0, 1.0],
                [0.855207, 0.014552, 0.518082, -5e-06, 0.513005, 0.118573, -0.850157, -0.081316, -0.073802, 0.992839, 0.09394, 0.777901, 0.0, 0.0, 0.0, 1.0],
                [0.859183, 0.015476, 0.511434, -5e-06, 0.506318, 0.118456, -0.854172, -0.081316, -0.073802, 0.992839, 0.09394, 0.776588, 0.0, 0.0, 0.0, 1.0],
                [0.863107, 0.0164, 0.504755, -5e-06, 0.499599, 0.118332, -0.858136, -0.081316, -0.073802, 0.992839, 0.09394, 0.775045, 0.0, 0.0, 0.0, 1.0],
                [0.866966, 0.01732, 0.498066, -5e-06, 0.492872, 0.118201, -0.862036, -0.081316, -0.073802, 0.992839, 0.09394, 0.773295, 0.0, 0.0, 0.0, 1.0],
                [0.870748, 0.018232, 0.491391, -5e-06, 0.486159, 0.118063, -0.865858, -0.081316, -0.073802, 0.992839, 0.09394, 0.771363, 0.0, 0.0, 0.0, 1.0],
                [0.874442, 0.019135, 0.484753, -5e-06, 0.479484, 0.11792, -0.869592, -0.081316, -0.073802, 0.992839, 0.09394, 0.76927, 0.0, 0.0, 0.0, 1.0],
                [0.878037, 0.020025, 0.478174, -5e-06, 0.472868, 0.117773, -0.873227, -0.081316, -0.073802, 0.992839, 0.09394, 0.767039, 0.0, 0.0, 0.0, 1.0],
                [0.881523, 0.020899, 0.471678, -5e-06, 0.466337, 0.117621, -0.876753, -0.081316, -0.073802, 0.992839, 0.09394, 0.764694, 0.0, 0.0, 0.0, 1.0],
                [0.884891, 0.021753, 0.46529, -5e-06, 0.459914, 0.117466, -0.88016, -0.081316, -0.073802, 0.992839, 0.09394, 0.762257, 0.0, 0.0, 0.0, 1.0],
                [0.888133, 0.022586, 0.459032, -5e-06, 0.453623, 0.117308, -0.883439, -0.081316, -0.073802, 0.992839, 0.09394, 0.759752, 0.0, 0.0, 0.0, 1.0],
                [0.89124, 0.023395, 0.452929, -5e-06, 0.447488, 0.11715, -0.886584, -0.081316, -0.073802, 0.992839, 0.09394, 0.7572, 0.0, 0.0, 0.0, 1.0],
                [0.894204, 0.024176, 0.447006, -5e-06, 0.441534, 0.116991, -0.889585, -0.081316, -0.073802, 0.992839, 0.09394, 0.754626, 0.0, 0.0, 0.0, 1.0],
                [0.89702, 0.024926, 0.441287, -5e-06, 0.435786, 0.116834, -0.892435, -0.081316, -0.073802, 0.992839, 0.09394, 0.752052, 0.0, 0.0, 0.0, 1.0],
                [0.899679, 0.025643, 0.435797, -5e-06, 0.430268, 0.116678, -0.895129, -0.081316, -0.073802, 0.992839, 0.09394, 0.749501, 0.0, 0.0, 0.0, 1.0],
                [0.902178, 0.026324, 0.430561, -5e-06, 0.425005, 0.116527, -0.89766, -0.081316, -0.073802, 0.992839, 0.09394, 0.746995, 0.0, 0.0, 0.0, 1.0],
                [0.904508, 0.026967, 0.425603, -5e-06, 0.420022, 0.11638, -0.900021, -0.081316, -0.073802, 0.992839, 0.09394, 0.744558, 0.0, 0.0, 0.0, 1.0],
                [0.906666, 0.027568, 0.420948, -5e-06, 0.415343, 0.116239, -0.902208, -0.081316, -0.073802, 0.992839, 0.09394, 0.742213, 0.0, 0.0, 0.0, 1.0],
                [0.908645, 0.028124, 0.41662, -5e-06, 0.410995, 0.116105, -0.904214, -0.081316, -0.073802, 0.992839, 0.09394, 0.739983, 0.0, 0.0, 0.0, 1.0],
                [0.910442, 0.028634, 0.412646, -5e-06, 0.407001, 0.115981, -0.906035, -0.081316, -0.073802, 0.992839, 0.09394, 0.73789, 0.0, 0.0, 0.0, 1.0],
                [0.912049, 0.029094, 0.409048, -5e-06, 0.403386, 0.115866, -0.907665, -0.081316, -0.073802, 0.992839, 0.09394, 0.735957, 0.0, 0.0, 0.0, 1.0],
                [0.913462, 0.029501, 0.405852, -5e-06, 0.400175, 0.115763, -0.909098, -0.081316, -0.073802, 0.992839, 0.09394, 0.734208, 0.0, 0.0, 0.0, 1.0],
                [0.914676, 0.029853, 0.403083, -5e-06, 0.397392, 0.115673, -0.910329, -0.081316, -0.073802, 0.992839, 0.09394, 0.732665, 0.0, 0.0, 0.0, 1.0],
                [0.915685, 0.030148, 0.400763, -5e-06, 0.395061, 0.115596, -0.911353, -0.081316, -0.073802, 0.992839, 0.09394, 0.731351, 0.0, 0.0, 0.0, 1.0],
                [0.916483, 0.030382, 0.398919, -5e-06, 0.393208, 0.115535, -0.912162, -0.081316, -0.073802, 0.992839, 0.09394, 0.730289, 0.0, 0.0, 0.0, 1.0],
                [0.917062, 0.030552, 0.397572, -5e-06, 0.391855, 0.11549, -0.91275, -0.081316, -0.073802, 0.992839, 0.09394, 0.729502, 0.0, 0.0, 0.0, 1.0],
                [0.917416, 0.030656, 0.396747, -5e-06, 0.391025, 0.115462, -0.913109, -0.081316, -0.073802, 0.992839, 0.09394, 0.729014, 0.0, 0.0, 0.0, 1.0],
                [0.917536, 0.030692, 0.396466, -5e-06, 0.390744, 0.115453, -0.91323, -0.081316, -0.073802, 0.992839, 0.09394, 0.728846, 0.0, 0.0, 0.0, 1.0]
            ]
        },
        {
            "name": "Thigh_R",
            "time": [0.0, 0.0111, 0.0222, 0.0333, 0.0444, 0.0556, 0.0667, 0.0778, 0.0889, 0.1, 0.1111, 0.1222, 0.1333, 0.1444, 0.1556, 0.1667, 0.1778, 0.1889, 0.2, 0.2111, 0.2222, 0.2333, 0.2444, 0.2556, 0.2667, 0.2778, 0.2889, 0.3, 0.3111, 0.3222, 0.3333, 0.3444, 0.3556, 0.3667, 0.3778, 0.3889, 0.4, 0.4111, 0.4222, 0.4333, 0.4444, 0.4556, 0.4667, 0.4778, 0.4889, 0.5, 0.5111, 0.5222, 0.5333, 0.5444, 0.5556, 0.5667, 0.5778, 0.5889, 0.6, 0.6111, 0.6222, 0.6333, 0.6444, 0.6556, 0.6667, 0.6778, 0.6889, 0.7, 0.7111, 0.7222, 0.7333, 0.7444, 0.7556, 0.7667, 0.7778, 0.7889, 0.8, 0.8111, 0.8222, 0.8333, 0.8444, 0.8556, 0.8667, 0.8778, 0.8889, 0.9, 0.9111, 0.9222, 0.9333, 0.9444, 0.9556, 0.9667, 0.9778, 0.9889, 1.0, 1.0111, 1.0222, 1.0333, 1.0444, 1.0556, 1.0667, 1.0778, 1.0889, 1.1, 1.1111],
            "transform": [
                [0.944888, 0.104434, 0.31029, 0.124994, 0.065807, -0.988998, 0.132475, -0.002831, 0.320711, -0.104755, -0.941366, -1.2e-05, 0.0, 0.0, 0.0, 1.0],
                [0.944815, 0.10575, 0.310066, 0.124994, 0.065687, -0.988396, 0.136941, -0.002831, 0.32095, -0.109017, -0.940801, -1.2e-05, 0.0, 0.0, 0.0, 1.0],
                [0.9446, 0.109513, 0.309413, 0.124994, 0.06534, -0.986567, 0.149708, -0.002831, 0.321652, -0.121197, -0.939069, -1.2e-05, 0.0, 0.0, 0.0, 1.0],
                [0.944248, 0.115392, 0.308351, 0.124994, 0.064783, -0.983377, 0.169619, -0.002831, 0.322798, -0.140187, -0.936028, -1.2e-05, 0.0, 0.0, 0.0, 1.0],
                [0.943761, 0.12303, 0.306886, 0.124994, 0.064033, -0.978627, 0.19541, -0.002831, 0.324369, -0.164769, -0.93147, -1.2e-05, 0.0, 0.0, 0.0, 1.0],
                [0.943142, 0.132099, 0.305013, 0.124994, 0.063109, -0.972108, 0.225874, -0.002831, 0.326343, -0.193782, -0.925175, -1.2e-05, 0.0, 0.0, 0.0, 1.0],
                [0.942394, 0.142327, 0.302715, 0.124994, 0.062029, -0.963624, 0.259961, -0.002831, 0.328704, -0.226208, -0.916943, -1.2e-05, 0.0, 0.0, 0.0, 1.0],
                [0.941518, 0.153494, 0.29997, 0.124994, 0.060815, -0.953008, 0.296774, -0.002831, 0.331427, -0.261175, -0.906611, -1.2e-05, 0.0, 0.0, 0.0, 1.0],
                [0.940519, 0.165429, 0.296746, 0.124994, 0.059486, -0.940135, 0.335568, -0.002831, 0.334494, -0.297955, -0.894056, -1.2e-05, 0.0, 0.0, 0.0, 1.0],
                [0.939396, 0.177995, 0.293006, 0.124994, 0.058068, -0.924918, 0.375703, -0.002831, 0.33788, -0.335919, -0.879202, -1.2e-05, 0.0, 0.0, 0.0, 1.0],
                [0.938154, 0.19108, 0.288713, 0.124994, 0.056585, -0.907315, 0.416625, -0.002831, 0.341562, -0.374521, -0.862015, -1.2e-05, 0.0, 0.0, 0.0, 1.0],
                [0.936795, 0.204579, 0.283832, 0.124994, 0.055065, -0.887333, 0.457826, -0.002831, 0.345515, -0.41326, -0.842517, -1.2e-05, 0.0, 0.0, 0.0, 1.0],
                [0.935325, 0.218392, 0.278334, 0.124994, 0.053539, -0.86504, 0.498835, -0.002831, 0.349712, -0.45167, -0.820789, -1.2e-05, 0.0, 0.0, 0.0, 1.0],
                [0.933749, 0.232415, 0.272203, 0.124994, 0.05204, -0.840572, 0.539193, -0.002831, 0.354123, -0.489304, -0.79698, -1.2e-05, 0.0, 0.0, 0.0, 1.0],
                [0.932073, 0.246531, 0.265447, 0.124994, 0.050606, -0.814151, 0.578442, -0.002831, 0.358719, -0.525716, -0.771325, -1.2e-05, 0.0, 0.0, 0.0, 1.0],
                [0.930303, 0.260612, 0.258102, 0.124994, 0.049276, -0.786097, 0.616134, -0.002831, 0.363465, -0.560473, -0.744152, -1.2e-05, 0.0, 0.0, 0.0, 1.0],
                [0.92845, 0.274515, 0.250242, 0.124994, 0.048096, -0.756848, 0.651818, -0.002831, 0.36833, -0.593144, -0.7159, -1.2e-05, 0.0, 0.0, 0.0, 1.0],
                [0.926523, 0.288084, 0.241993, 0.124994, 0.047112, -0.726968, 0.685053, -0.002831, 0.373275, -0.623315, -0.687127, -1.2e-05, 0.0, 0.0, 0.0, 1.0],
                [0.924535, 0.301155, 0.233538, 0.124994, 0.046378, -0.69716, 0.715413, -0.002831, 0.378264, -0.650593, -0.658517, -1.2e-05, 0.0, 0.0, 0.0, 1.0],
                [0.922497, 0.313558, 0.225122, 0.124994, 0.045947, -0.668263, 0.742504, -0.002831, 0.383259, -0.674613, -0.630879, -1.2e-05, 0.0, 0.0, 0.0, 1.0],
                [0.920422, 0.325125, 0.217064, 0.124994, 0.045876, -0.641251, 0.765959, -0.002831, 0.388224, -0.695045, -0.605139, -1.2e-05, 0.0, 0.0, 0.0, 1.0],
                [0.918326, 0.33608, 0.209109, 0.124994, 0.046231, -0.61574, 0.786592, -0.002831, 0.393115, -0.712679, -0.580988, -1.2e-05, 0.0, 0.0, 0.0, 1.0],
                [0.916219, 0.346621, 0.200983, 0.124994, 0.047031, -0.591178, 0.805168, -0.002831, 0.397905, -0.728257, -0.557952, -1.2e-05, 0.0, 0.0, 0.0, 1.0],
                [0.914108, 0.356577, 0.193024, 0.124994, 0.048256, -0.568337, 0.821379, -0.002831, 0.402588, -0.741513, -0.53673, -1.2e-05, 0.0, 0.0, 0.0, 1.0],
                [0.911994, 0.365838, 0.185549, 0.124994, 0.049871, -0.547866, 0.835079, -0.002831, 0.40716, -0.752332, -0.517896, -1.2e-05, 0.0, 0.0, 0.0, 1.0],
                [0.909879, 0.374348, 0.17884, 0.124994, 0.051826, -0.530251, 0.846255, -0.002831, 0.411624, -0.760719, -0.501866, -1.2e-05, 0.0, 0.0, 0.0, 1.0],
                [0.90776, 0.382098, 0.173123, 0.124994, 0.054049, -0.515793, 0.855007, -0.002831, 0.415992, -0.766782, -0.488869, -1.2e-05, 0.0, 0.0, 0.0, 1.0],
                [0.905635, 0.389113, 0.16857, 0.124994, 0.056443, -0.504586, 0.861514, -0.002831, 0.420285, -0.770701, -0.478934, -1.2e-05, 0.0, 0.0, 0.0, 1.0],
                [0.903496, 0.395443, 0.165285, 0.124994, 0.058888, -0.496518, 0.866027, -0.002831, 0.424532, -0.772717, -0.47189, -1.2e-05, 0.0, 0.0, 0.0, 1.0],
                [0.901336, 0.401152, 0.163308, 0.124994, 0.061235, -0.491287, 0.868842, -0.002831, 0.42877, -0.773117, -0.46738, -1.2e-05, 0.0, 0.0, 0.0, 1.0],
                [0.899143, 0.406015, 0.163377, 0.124994, 0.063289, -0.490004, 0.86942, -0.002831, 0.433054, -0.771391, -0.466281, -1.2e-05, 0.0, 0.0, 0.0, 1.0],
                [0.896915, 0.409822, 0.166098, 0.124994, 0.064936, -0.493607, 0.867257, -0.002831, 0.437409, -0.767069, -0.469337, -1.2e-05, 0.0, 0.0, 0.0, 1.0],
                [0.894658, 0.412613, 0.171278, 0.124994, 0.066148, -0.501504, 0.862622, -0.002831, 0.441826, -0.760421, -0.47597, -1.2e-05, 0.0, 0.0, 0.0, 1.0],
                [0.892384, 0.414372, 0.178736, 0.124994, 0.066922, -0.513201, 0.855655, -0.002831, 0.446287, -0.75161, -0.485703, -1.2e-05, 0.0, 0.0, 0.0, 1.0],
                [0.890103, 0.415035, 0.188312, 0.124994, 0.067276, -0.528306, 0.846384, -0.002831, 0.450766, -0.740699, -0.49817, -1.2e-05, 0.0, 0.0, 0.0, 1.0],
                [0.88783, 0.414499, 0.199868, 0.124994, 0.067245, -0.546533, 0.834733, -0.002831, 0.455231, -0.72766, -0.513102, -1.2e-05, 0.0, 0.0, 0.0, 1.0],
                [0.885581, 0.412613, 0.213298, 0.124994, 0.066879, -0.5677, 0.820514, -0.002831, 0.459644, -0.712366, -0.530341, -1.2e-05, 0.0, 0.0, 0.0, 1.0],
                [0.883373, 0.409167, 0.228546, 0.124994, 0.066238, -0.591751, 0.803394, -0.002831, 0.463966, -0.694557, -0.54984, -1.2e-05, 0.0, 0.0, 0.0, 1.0],
                [0.881224, 0.403864, 0.245637, 0.124994, 0.065387, -0.618799, 0.782823, -0.002831, 0.468154, -0.67378, -0.571708, -1.2e-05, 0.0, 0.0, 0.0, 1.0],
                [0.879153, 0.396234, 0.264741, 0.124994, 0.064393, -0.649231, 0.757861, -0.002831, 0.472169, -0.649226, -0.596289, -1.2e-05, 0.0, 0.0, 0.0, 1.0],
                [0.877179, 0.385436, 0.286349, 0.124994, 0.063322, -0.684005, 0.726723, -0.002831, 0.47597, -0.619332, -0.624403, -1.2e-05, 0.0, 0.0, 0.0, 1.0],
                [0.87521, 0.371498, 0.30983, 0.124994, 0.061262, -0.720449, 0.690795, -0.002831, 0.479846, -0.585609, -0.653305, -1.2e-05, 0.0, 0.0, 0.0, 1.0],
                [0.873198, 0.356326, 0.332499, 0.124994, 0.057727, -0.753053, 0.655421, -0.002831, 0.483934, -0.553117, -0.678136, -1.2e-05, 0.0, 0.0, 0.0, 1.0],
                [0.87122, 0.341611, 0.352528, 0.124994, 0.053389, -0.779816, 0.623726, -0.002831, 0.487979, -0.524581, -0.697631, -1.2e-05, 0.0, 0.0, 0.0, 1.0],
                [0.869355, 0.329193, 0.368583, 0.124994, 0.048845, -0.79942, 0.598782, -0.002831, 0.491767, -0.50255, -0.71106, -1.2e-05, 0.0, 0.0, 0.0, 1.0],
                [0.867679, 0.320542, 0.379982, 0.124994, 0.044606, -0.811474, 0.582682, -0.002831, 0.49512, -0.488631, -0.718398, -1.2e-05, 0.0, 0.0, 0.0, 1.0],
                [0.866251, 0.316322, 0.386714, 0.124994, 0.041008, -0.81644, 0.575971, -0.002831, 0.497922, -0.483077, -0.720215, -1.2e-05, 0.0, 0.0, 0.0, 1.0],
                [0.86508, 0.315693, 0.389837, 0.124994, 0.03796, -0.816105, 0.576654, -0.002831, 0.500194, -0.484053, -0.717982, -1.2e-05, 0.0, 0.0, 0.0, 1.0],
                [0.864159, 0.317205, 0.390655, 0.124994, 0.035295, -0.812603, 0.581748, -0.002831, 0.50198, -0.488933, -0.713414, -1.2e-05, 0.0, 0.0, 0.0, 1.0],
                [0.863477, 0.31954, 0.390256, 0.124994, 0.032868, -0.807725, 0.588641, -0.002831, 0.503315, -0.495451, -0.707956, -1.2e-05, 0.0, 0.0, 0.0, 1.0],
                [0.863033, 0.321737, 0.389434, 0.124994, 0.030551, -0.802764, 0.595513, -0.002831, 0.504223, -0.502049, -0.702641, -1.2e-05, 0.0, 0.0, 0.0, 1.0],
                [0.862831, 0.322173, 0.38952, 0.124994, 0.028339, -0.800194, 0.59907, -0.002831, 0.504696, -0.505856, -0.699563, -1.2e-05, 0.0, 0.0, 0.0, 1.0],
                [0.86288, 0.320216, 0.391024, 0.124994, 0.02631, -0.801088, 0.597967, -0.002831, 0.504723, -0.505685, -0.699669, -1.2e-05, 0.0, 0.0, 0.0, 1.0],
                [0.863167, 0.316287, 0.393579, 0.124994, 0.024468, -0.804777, 0.593072, -0.002831, 0.504325, -0.502289, -0.702397, -1.2e-05, 0.0, 0.0, 0.0, 1.0],
                [0.863683, 0.310662, 0.396914, 0.124994, 0.022819, -0.810763, 0.584929, -0.002831, 0.503518, -0.496135, -0.707332, -1.2e-05, 0.0, 0.0, 0.0, 1.0],
                [0.864416, 0.303547, 0.400803, 0.124994, 0.021363, -0.818633, 0.573918, -0.002831, 0.502322, -0.487541, -0.714125, -1.2e-05, 0.0, 0.0, 0.0, 1.0],
                [0.865357, 0.295105, 0.405057, 0.124994, 0.020104, -0.828033, 0.560318, -0.002831, 0.500753, -0.476731, -0.722478, -1.2e-05, 0.0, 0.0, 0.0, 1.0],
                [0.866492, 0.285474, 0.409507, 0.124994, 0.019041, -0.838644, 0.544344, -0.002831, 0.498827, -0.463872, -0.732116, -1.2e-05, 0.0, 0.0, 0.0, 1.0],
                [0.867813, 0.274781, 0.413999, 0.124994, 0.018174, -0.850174, 0.526187, -0.002831, 0.496558, -0.449107, -0.742787, -1.2e-05, 0.0, 0.0, 0.0, 1.0],
                [0.869307, 0.263147, 0.418399, 0.124994, 0.0175, -0.86235, 0.506008, -0.002831, 0.493961, -0.432554, -0.754254, -1.2e-05, 0.0, 0.0, 0.0, 1.0],
                [0.870964, 0.250703, 0.422573, 0.124994, 0.017015, -0.874904, 0.483993, -0.002831, 0.491051, -0.41435, -0.766278, -1.2e-05, 0.0, 0.0, 0.0, 1.0],
                [0.872772, 0.237586, 0.426406, 0.124994, 0.016717, -0.887587, 0.460334, -0.002831, 0.487842, -0.394638, -0.778634, -1.2e-05, 0.0, 0.0, 0.0, 1.0],
                [0.874718, 0.223945, 0.429787, 0.124994, 0.016599, -0.900153, 0.435254, -0.002831, 0.484348, -0.37359, -0.791099, -1.2e-05, 0.0, 0.0, 0.0, 1.0],
                [0.876791, 0.209967, 0.43261, 0.124994, 0.016656, -0.912355, 0.409057, -0.002831, 0.480583, -0.351451, -0.803443, -1.2e-05, 0.0, 0.0, 0.0, 1.0],
                [0.878978, 0.195872, 0.434777, 0.124994, 0.016881, -0.923954, 0.382127, -0.002831, 0.476562, -0.328541, -0.815445, -1.2e-05, 0.0, 0.0, 0.0, 1.0],
                [0.881269, 0.181895, 0.43621, 0.124994, 0.017267, -0.934745, 0.354895, -0.002831, 0.4723, -0.305225, -0.826904, -1.2e-05, 0.0, 0.0, 0.0, 1.0],
                [0.883648, 0.168489, 0.436779, 0.124994, 0.017808, -0.944409, 0.328282, -0.002831, 0.467811, -0.282308, -0.837528, -1.2e-05, 0.0, 0.0, 0.0, 1.0],
                [0.886105, 0.156075, 0.436414, 0.124994, 0.018495, -0.952752, 0.303181, -0.002831, 0.463113, -0.260578, -0.847127, -1.2e-05, 0.0, 0.0, 0.0, 1.0],
                [0.888627, 0.145329, 0.434995, 0.124994, 0.019322, -0.959486, 0.281088, -0.002831, 0.458223, -0.241377, -0.855435, -1.2e-05, 0.0, 0.0, 0.0, 1.0],
                [0.8912, 0.136861, 0.432471, 0.124994, 0.02028, -0.964464, 0.263428, -0.002831, 0.453156, -0.225996, -0.862308, -1.2e-05, 0.0, 0.0, 0.0, 1.0],
                [0.893812, 0.131153, 0.428833, 0.124994, 0.021362, -0.967641, 0.251417, -0.002831, 0.447931, -0.215559, -0.867693, -1.2e-05, 0.0, 0.0, 0.0, 1.0],
                [0.896451, 0.127344, 0.424452, 0.124994, 0.022562, -0.969693, 0.243276, -0.002831, 0.442568, -0.208508, -0.872157, -1.2e-05, 0.0, 0.0, 0.0, 1.0],
                [0.899102, 0.124158, 0.419761, 0.124994, 0.023874, -0.971412, 0.236191, -0.002831, 0.437086, -0.202338, -0.876365, -1.2e-05, 0.0, 0.0, 0.0, 1.0],
                [0.901756, 0.121497, 0.414818, 0.124994, 0.025289, -0.972867, 0.229971, -0.002831, 0.431504, -0.196888, -0.880364, -1.2e-05, 0.0, 0.0, 0.0, 1.0],
                [0.904399, 0.119271, 0.409677, 0.124994, 0.0268, -0.974118, 0.224437, -0.002831, 0.425843, -0.192002, -0.884191, -1.2e-05, 0.0, 0.0, 0.0, 1.0],
                [0.907022, 0.117304, 0.404413, 0.124994, 0.028399, -0.975267, 0.219193, -0.002831, 0.420123, -0.187328, -0.887922, -1.2e-05, 0.0, 0.0, 0.0, 1.0],
                [0.909614, 0.115574, 0.399056, 0.124994, 0.030078, -0.976325, 0.214203, -0.002831, 0.414365, -0.18284, -0.891556, -1.2e-05, 0.0, 0.0, 0.0, 1.0],
                [0.912163, 0.114034, 0.393643, 0.124994, 0.031827, -0.977317, 0.20937, -0.002831, 0.40859, -0.17845, -0.895104, -1.2e-05, 0.0, 0.0, 0.0, 1.0],
                [0.914661, 0.112656, 0.388205, 0.124994, 0.033638, -0.978259, 0.204632, -0.002831, 0.402818, -0.174111, -0.898567, -1.2e-05, 0.0, 0.0, 0.0, 1.0],
                [0.9171, 0.111412, 0.382773, 0.124994, 0.035502, -0.979163, 0.199943, -0.002831, 0.397073, -0.169778, -0.901947, -1.2e-05, 0.0, 0.0, 0.0, 1.0],
                [0.91947, 0.110287, 0.377374, 0.124994, 0.037408, -0.980034, 0.19527, -0.002831, 0.391375, -0.165428, -0.90524, -1.2e-05, 0.0, 0.0, 0.0, 1.0],
                [0.921765, 0.10927, 0.372033, 0.124994, 0.039348, -0.980876, 0.190606, -0.002831, 0.385746, -0.161055, -0.908439, -1.2e-05, 0.0, 0.0, 0.0, 1.0],
                [0.923977, 0.108356, 0.366776, 0.124994, 0.041309, -0.981688, 0.185956, -0.002831, 0.380209, -0.156668, -0.911536, -1.2e-05, 0.0, 0.0, 0.0, 1.0],
                [0.926101, 0.107538, 0.361624, 0.124994, 0.043281, -0.982469, 0.181322, -0.002831, 0.374784, -0.152271, -0.914522, -1.2e-05, 0.0, 0.0, 0.0, 1.0],
                [0.92813, 0.106815, 0.356601, 0.124994, 0.045252, -0.983216, 0.176733, -0.002831, 0.369494, -0.147894, -0.917388, -1.2e-05, 0.0, 0.0, 0.0, 1.0],
                [0.93006, 0.106184, 0.351729, 0.124994, 0.047211, -0.983928, 0.172203, -0.002831, 0.364361, -0.143554, -0.920126, -1.2e-05, 0.0, 0.0, 0.0, 1.0],
                [0.931885, 0.105644, 0.347028, 0.124994, 0.049144, -0.984599, 0.167768, -0.002831, 0.359408, -0.139286, -0.922727, -1.2e-05, 0.0, 0.0, 0.0, 1.0],
                [0.933603, 0.105192, 0.34252, 0.124994, 0.05104, -0.985228, 0.163456, -0.002831, 0.354654, -0.135121, -0.925183, -1.2e-05, 0.0, 0.0, 0.0, 1.0],
                [0.935209, 0.104822, 0.338223, 0.124994, 0.052884, -0.985812, 0.159295, -0.002831, 0.350122, -0.131087, -0.927486, -1.2e-05, 0.0, 0.0, 0.0, 1.0],
                [0.936701, 0.104533, 0.33416, 0.124994, 0.054664, -0.986349, 0.155323, -0.002831, 0.345835, -0.127225, -0.92963, -1.2e-05, 0.0, 0.0, 0.0, 1.0],
                [0.938076, 0.10432, 0.330348, 0.124994, 0.056364, -0.986836, 0.151578, -0.002831, 0.341812, -0.123572, -0.931609, -1.2e-05, 0.0, 0.0, 0.0, 1.0],
                [0.939332, 0.104174, 0.326807, 0.124994, 0.05797, -0.987272, 0.148088, -0.002831, 0.338075, -0.120158, -0.933418, -1.2e-05, 0.0, 0.0, 0.0, 1.0],
                [0.940466, 0.104091, 0.323557, 0.124994, 0.059468, -0.987658, 0.144887, -0.002831, 0.334645, -0.11702, -0.93505, -1.2e-05, 0.0, 0.0, 0.0, 1.0],
                [0.941476, 0.10406, 0.320615, 0.124994, 0.060843, -0.987993, 0.142006, -0.002831, 0.331543, -0.114188, -0.936504, -1.2e-05, 0.0, 0.0, 0.0, 1.0],
                [0.942361, 0.104075, 0.318, 0.124994, 0.06208, -0.988276, 0.139477, -0.002831, 0.328789, -0.111696, -0.937775, -1.2e-05, 0.0, 0.0, 0.0, 1.0],
                [0.943117, 0.104123, 0.315733, 0.124994, 0.063164, -0.98851, 0.137318, -0.002831, 0.326403, -0.109564, -0.938859, -1.2e-05, 0.0, 0.0, 0.0, 1.0],
                [0.943744, 0.104194, 0.313831, 0.124994, 0.064082, -0.988694, 0.135549, -0.002831, 0.324407, -0.107813, -0.939753, -1.2e-05, 0.0, 0.0, 0.0, 1.0],
                [0.944238, 0.104275, 0.312315, 0.124994, 0.064818, -0.988833, 0.134182, -0.002831, 0.32282, -0.106456, -0.940454, -1.2e-05, 0.0, 0.0, 0.0, 1.0],
                [0.944596, 0.104352, 0.311206, 0.124994, 0.065359, -0.988927, 0.13322, -0.002831, 0.321662, -0.105499, -0.940959, -1.2e-05, 0.0, 0.0, 0.0, 1.0],
                [0.944814, 0.104411, 0.310523, 0.124994, 0.065693, -0.988981, 0.132658, -0.002831, 0.320952, -0.104938, -0.941264, -1.2e-05, 0.0, 0.0, 0.0, 1.0],
                [0.944888, 0.104434, 0.31029, 0.124994, 0.065807, -0.988998, 0.132476, -0.002831, 0.320711, -0.104756, -0.941366, -1.2e-05, 0.0, 0.0, 0.0, 1.0]
            ]
        },
        {
            "name": "Leg_R",
            "time": [0.0, 0.0111, 0.0222, 0.0333, 0.0444, 0.0556, 0.0667, 0.0778, 0.0889, 0.1, 0.1111, 0.1222, 0.1333, 0.1444, 0.1556, 0.1667, 0.1778, 0.1889, 0.2, 0.2111, 0.2222, 0.2333, 0.2444, 0.2556, 0.2667, 0.2778, 0.2889, 0.3, 0.3111, 0.3222, 0.3333, 0.3444, 0.3556, 0.3667, 0.3778, 0.3889, 0.4, 0.4111, 0.4222, 0.4333, 0.4444, 0.4556, 0.4667, 0.4778, 0.4889, 0.5, 0.5111, 0.5222, 0.5333, 0.5444, 0.5556, 0.5667, 0.5778, 0.5889, 0.6, 0.6111, 0.6222, 0.6333, 0.6444, 0.6556, 0.6667, 0.6778, 0.6889, 0.7, 0.7111, 0.7222, 0.7333, 0.7444, 0.7556, 0.7667, 0.7778, 0.7889, 0.8, 0.8111, 0.8222, 0.8333, 0.8444, 0.8556, 0.8667, 0.8778, 0.8889, 0.9, 0.9111, 0.9222, 0.9333, 0.9444, 0.9556, 0.9667, 0.9778, 0.9889, 1.0, 1.0111, 1.0222, 1.0333, 1.0444, 1.0556, 1.0667, 1.0778, 1.0889, 1.1, 1.1111],
            "transform": [
                [1.0, -0.0, 1e-06, 0.0, -0.0, 0.812887, 0.582423, 0.374726, -1e-06, -0.582426, 0.812882, -0.0, 0.0, 0.0, 0.0, 1.0],
                [1.0, -0.0, 1e-06, 0.0, -0.0, 0.808694, 0.588234, 0.374726, -1e-06, -0.588237, 0.808685, 0.0, 0.0, 0.0, 0.0, 1.0],
                [1.0, -0.0, 1e-06, 0.0, -0.0, 0.79661, 0.604496, 0.374726, -1e-06, -0.6045, 0.796603, 0.0, 0.0, 0.0, 0.0, 1.0],
                [1.000001, -0.0, 1e-06, 0.0, -0.0, 0.777446, 0.628952, 0.374726, -1e-06, -0.628955, 0.777441, 0.0, 0.0, 0.0, 0.0, 1.0],
                [1.000001, -0.0, 1e-06, -0.0, -0.0, 0.752079, 0.659075, 0.374726, -1e-06, -0.659079, 0.752072, 0.0, 0.0, 0.0, 0.0, 1.0],
                [1.0, -1e-06, 1e-06, -0.0, -0.0, 0.721439, 0.692479, 0.374726, -1e-06, -0.692482, 0.721433, 0.0, 0.0, 0.0, 0.0, 1.0],
                [1.0, -1e-06, 1e-06, 0.0, -0.0, 0.68649, 0.72714, 0.374726, -1e-06, -0.727143, 0.686485, -0.0, 0.0, 0.0, 0.0, 1.0],
                [1.000001, -1e-06, 1e-06, -0.0, -0.0, 0.648232, 0.761444, 0.374726, -1e-06, -0.761446, 0.648227, -0.0, 0.0, 0.0, 0.0, 1.0],
                [1.000001, -1e-06, 1e-06, 0.0, -0.0, 0.607672, 0.794189, 0.374726, -1e-06, -0.794191, 0.607668, -0.0, 0.0, 0.0, 0.0, 1.0],
                [1.0, -1e-06, 1e-06, -0.0, -0.0, 0.565839, 0.824515, 0.374726, -1e-06, -0.824518, 0.565835, -0.0, 0.0, 0.0, 0.0, 1.0],
                [1.0, -1e-06, 1e-06, -0.0, -0.0, 0.523746, 0.851874, 0.374726, -1e-06, -0.851877, 0.523743, 0.0, 0.0, 0.0, 0.0, 1.0],
                [1.0, -1e-06, 1e-06, -0.0, -0.0, 0.482416, 0.875942, 0.374726, -1e-06, -0.875944, 0.482413, 0.0, 0.0, 0.0, 0.0, 1.0],
                [1.0, -1e-06, 1e-06, -0.0, -0.0, 0.442849, 0.896596, 0.374726, -1e-06, -0.896598, 0.442846, -0.0, 0.0, 0.0, 0.0, 1.0],
                [1.0, -1e-06, 1e-06, -0.0, -0.0, 0.406035, 0.913858, 0.374726, -1e-06, -0.91386, 0.406032, -0.0, 0.0, 0.0, 0.0, 1.0],
                [1.0, -1e-06, 1e-06, 0.0, -0.0, 0.372947, 0.927852, 0.374726, -1e-06, -0.927853, 0.372945, 0.0, 0.0, 0.0, 0.0, 1.0],
                [1.0, -1e-06, 0.0, -0.0, -0.0, 0.344535, 0.938773, 0.374726, -1e-06, -0.938775, 0.344533, -0.0, 0.0, 0.0, 0.0, 1.0],
                [1.000001, -1e-06, 0.0, 0.0, -0.0, 0.321735, 0.946829, 0.374726, -1e-06, -0.946831, 0.321733, 0.0, 0.0, 0.0, 0.0, 1.0],
                [1.0, -1e-06, 0.0, 0.0, -0.0, 0.305463, 0.952203, 0.374726, -1e-06, -0.952205, 0.305461, -0.0, 0.0, 0.0, 0.0, 1.0],
                [1.000001, -1e-06, 0.0, -0.0, -0.0, 0.296621, 0.954995, 0.374726, -1e-06, -0.954996, 0.29662, 0.0, 0.0, 0.0, 0.0, 1.0],
                [1.000001, -1e-06, 0.0, -0.0, -0.0, 0.2961, 0.955156, 0.374726, -1e-06, -0.955158, 0.296098, 0.0, 0.0, 0.0, 0.0, 1.0],
                [1.000001, -1e-06, 0.0, 0.0, -0.0, 0.304782, 0.952422, 0.374726, -1e-06, -0.952424, 0.304779, -0.0, 0.0, 0.0, 0.0, 1.0],
                [1.000001, -1e-06, 0.0, 0.0, -0.0, 0.32021, 0.947346, 0.374726, -1e-06, -0.947348, 0.320208, -0.0, 0.0, 0.0, 0.0, 1.0],
                [1.0, -1e-06, 0.0, 0.0, -0.0, 0.339439, 0.940627, 0.374726, -1e-06, -0.94063, 0.339437, 0.0, 0.0, 0.0, 0.0, 1.0],
                [1.0, -1e-06, 1e-06, 0.0, -0.0, 0.362425, 0.932012, 0.374726, -1e-06, -0.932014, 0.362423, 0.0, 0.0, 0.0, 0.0, 1.0],
                [1.0, -1e-06, 1e-06, 0.0, -0.0, 0.38884, 0.921305, 0.374726, -1e-06, -0.921307, 0.388837, -0.0, 0.0, 0.0, 0.0, 1.0],
                [1.0, -1e-06, 1e-06, 0.0, -0.0, 0.418079, 0.90841, 0.374726, -1e-06, -0.908413, 0.418076, 0.0, 0.0, 0.0, 0.0, 1.0],
                [1.0, -1e-06, 1e-06, 0.0, -0.0, 0.449275, 0.893393, 0.374726, -1e-06, -0.893396, 0.449272, 0.0, 0.0, 0.0, 0.0, 1.0],
                [1.0, -1e-06, 1e-06, 0.0, -0.0, 0.481337, 0.876536, 0.374726, -1e-06, -0.876538, 0.481334, 0.0, 0.0, 0.0, 0.0, 1.0],
                [1.0, -1e-06, 1e-06, -0.0, -0.0, 0.512979, 0.858401, 0.374726, -1e-06, -0.858403, 0.512976, 0.0, 0.0, 0.0, 0.0, 1.0],
                [1.0, -1e-06, 1e-06, 0.0, -0.0, 0.542781, 0.839874, 0.374726, -1e-06, -0.839877, 0.542778, -0.0, 0.0, 0.0, 0.0, 1.0],
                [1.0, -1e-06, 1e-06, 0.0, -0.0, 0.571833, 0.82037, 0.374726, -1e-06, -0.820373, 0.571829, -0.0, 0.0, 0.0, 0.0, 1.0],
                [1.0, -1e-06, 1e-06, -0.0, -0.0, 0.601825, 0.798629, 0.374726, -1e-06, -0.798631, 0.60182, -0.0, 0.0, 0.0, 0.0, 1.0],
                [1.0, -1e-06, 1e-06, -0.0, -0.0, 0.632378, 0.774661, 0.374726, -1e-06, -0.774663, 0.632373, -0.0, 0.0, 0.0, 0.0, 1.0],
                [1.0, -1e-06, 1e-06, 0.0, -0.0, 0.66332, 0.748337, 0.374726, -1e-06, -0.74834, 0.663316, 0.0, 0.0, 0.0, 0.0, 1.0],
                [1.0, -1e-06, 1e-06, -0.0, -0.0, 0.694648, 0.719351, 0.374726, -1e-06, -0.719354, 0.694642, 0.0, 0.0, 0.0, 0.0, 1.0],
                [1.000001, -1e-06, 1e-06, 0.0, -0.0, 0.726481, 0.687188, 0.374726, -1e-06, -0.68719, 0.726476, -0.0, 0.0, 0.0, 0.0, 1.0],
                [1.0, -0.0, 1e-06, 0.0, -0.0, 0.759029, 0.651058, 0.374726, -1e-06, -0.651061, 0.759023, -0.0, 0.0, 0.0, 0.0, 1.0],
                [1.000001, -0.0, 1e-06, 0.0, -0.0, 0.792562, 0.609795, 0.374726, -1e-06, -0.609798, 0.792556, 0.0, 0.0, 0.0, 0.0, 1.0],
