{
    "animation": [
        {
            "name": "Root",
            "time": [0.0, 0.0074, 0.0148, 0.0222, 0.0296, 0.037, 0.0444, 0.0519, 0.0593, 0.0667, 0.0741, 0.0815, 0.0889, 0.0963, 0.1037, 0.1111, 0.1185, 0.1259, 0.1333, 0.1407, 0.1481, 0.1556, 0.163, 0.1704, 0.1778, 0.1852, 0.1926, 0.2, 0.2074, 0.2148, 0.2222, 0.2296, 0.237, 0.2444, 0.2519, 0.2593, 0.2667, 0.2741, 0.2815, 0.2889, 0.2963, 0.3037, 0.3111, 0.3185, 0.3259, 0.3333, 0.3407, 0.3481, 0.3556, 0.363, 0.3704, 0.3778, 0.3852, 0.3926, 0.4, 0.4074, 0.4148, 0.4222, 0.4296, 0.437, 0.4444, 0.4519, 0.4593, 0.4667, 0.4741, 0.4815, 0.4889, 0.4963, 0.5037, 0.5111, 0.5185, 0.5259, 0.5333, 0.5407, 0.5481, 0.5556, 0.563, 0.5704, 0.5778, 0.5852, 0.5926, 0.6, 0.6074, 0.6148, 0.6222, 0.6296, 0.637, 0.6444, 0.6519, 0.6593, 0.6667, 0.6741, 0.6815, 0.6889, 0.6963, 0.7037, 0.7111, 0.7185, 0.7259, 0.7333, 0.7407],
            "transform": [
                [0.917536, 0.030692, 0.396466, -5e-06, 0.390744, 0.115453, -0.91323, -0.081316, -0.073802, 0.992839, 0.09394, 0.728846, 0.0, 0.0, 0.0, 1.0],
                [0.917416, 0.030656, 0.396747, -5e-06, 0.391025, 0.115462, -0.913109, -0.081316, -0.073802, 0.992839, 0.09394, 0.728846, 0.0, 0.0, 0.0, 1.0],
                [0.917062, 0.030552, 0.397572, -5e-06, 0.391854, 0.11549, -0.91275, -0.081316, -0.073802, 0.992839, 0.09394, 0.728846, 0.0, 0.0, 0.0, 1.0],
                [0.916483, 0.030382, 0.398918, -5e-06, 0.393208, 0.115535, -0.912162, -0.081316, -0.073802, 0.992839, 0.09394, 0.728846, 0.0, 0.0, 0.0, 1.0],
                [0.915685, 0.030148, 0.400763, -5e-06, 0.395061, 0.115596, -0.911353, -0.081316, -0.073802, 0.992839, 0.09394, 0.728846, 0.0, 0.0, 0.0, 1.0],
                [0.914676, 0.029853, 0.403083, -5e-06, 0.397392, 0.115673, -0.910329, -0.081316, -0.073802, 0.992839, 0.09394, 0.728846, 0.0, 0.0, 0.0, 1.0],
                [0.913462, 0.029501, 0.405852, -5e-06, 0.400175, 0.115763, -0.909098, -0.081316, -0.073802, 0.992839, 0.09394, 0.728846, 0.0, 0.0, 0.0, 1.0],
                [0.912049, 0.029094, 0.409048, -5e-06, 0.403386, 0.115866, -0.907665, -0.081316, -0.073802, 0.992839, 0.09394, 0.728846, 0.0, 0.0, 0.0, 1.0],
                [0.910441, 0.028634, 0.412646, -5e-06, 0.407001, 0.115981, -0.906035, -0.081316, -0.073802, 0.992839, 0.09394, 0.728846, 0.0, 0.0, 0.0, 1.0],
                [0.908645, 0.028124, 0.41662, -5e-06, 0.410995, 0.116105, -0.904214, -0.081316, -0.073802, 0.992839, 0.09394, 0.728846, 0.0, 0.0, 0.0, 1.0],
                [0.906666, 0.027568, 0.420948, -5e-06, 0.415343, 0.116239, -0.902208, -0.081316, -0.073802, 0.992839, 0.09394, 0.728846, 0.0, 0.0, 0.0, 1.0],
                [0.904508, 0.026967, 0.425603, -5e-06, 0.420022, 0.11638, -0.900021, -0.081316, -0.073802, 0.992839, 0.09394, 0.728846, 0.0, 0.0, 0.0, 1.0],
                [0.902178, 0.026324, 0.430561, -5e-06, 0.425005, 0.116526, -0.89766, -0.081316, -0.073802, 0.992839, 0.09394, 0.728846, 0.0, 0.0, 0.0, 1.0],
                [0.899679, 0.025643, 0.435797, -5e-06, 0.430268, 0.116678, -0.895129, -0.081316, -0.073802, 0.992839, 0.09394, 0.728846, 0.0, 0.0, 0.0, 1.0],
                [0.89702, 0.024926, 0.441287, -5e-06, 0.435786, 0.116834, -0.892435, -0.081316, -0.073802, 0.992839, 0.09394, 0.728846, 0.0, 0.0, 0.0, 1.0],
                [0.894204, 0.024176, 0.447006, -5e-06, 0.441534, 0.116991, -0.889585, -0.081316, -0.073802, 0.992839, 0.09394, 0.728846, 0.0, 0.0, 0.0, 1.0],
                [0.89124, 0.023395, 0.452929, -5e-06, 0.447488, 0.11715, -0.886584, -0.081316, -0.073802, 0.992839, 0.09394, 0.728846, 0.0, 0.0, 0.0, 1.0],
                [0.888133, 0.022586, 0.459032, -5e-06, 0.453623, 0.117308, -0.883439, -0.081316, -0.073802, 0.992839, 0.09394, 0.728846, 0.0, 0.0, 0.0, 1.0],
                [0.884891, 0.021753, 0.465289, -5e-06, 0.459914, 0.117466, -0.88016, -0.081316, -0.073802, 0.992839, 0.09394, 0.728846, 0.0, 0.0, 0.0, 1.0],
                [0.881523, 0.020899, 0.471678, -5e-06, 0.466337, 0.117621, -0.876753, -0.081316, -0.073802, 0.992839, 0.09394, 0.728846, 0.0, 0.0, 0.0, 1.0],
                [0.878037, 0.020025, 0.478174, -5e-06, 0.472868, 0.117773, -0.873227, -0.081316, -0.073802, 0.992839, 0.09394, 0.728846, 0.0, 0.0, 0.0, 1.0],
                [0.874442, 0.019135, 0.484753, -5e-06, 0.479484, 0.117921, -0.869592, -0.081316, -0.073802, 0.992839, 0.09394, 0.728846, 0.0, 0.0, 0.0, 1.0],
                [0.870748, 0.018232, 0.491391, -5e-06, 0.486159, 0.118063, -0.865858, -0.081316, -0.073802, 0.992839, 0.09394, 0.728846, 0.0, 0.0, 0.0, 1.0],
                [0.866966, 0.01732, 0.498066, -5e-06, 0.492872, 0.118201, -0.862036, -0.081316, -0.073802, 0.992839, 0.09394, 0.728846, 0.0, 0.0, 0.0, 1.0],
                [0.863107, 0.0164, 0.504754, -5e-06, 0.499599, 0.118332, -0.858137, -0.081316, -0.073802, 0.992839, 0.09394, 0.728846, 0.0, 0.0, 0.0, 1.0],
                [0.859183, 0.015476, 0.511434, -5e-06, 0.506318, 0.118456, -0.854173, -0.081316, -0.073802, 0.992839, 0.09394, 0.728846, 0.0, 0.0, 0.0, 1.0],
                [0.855207, 0.014552, 0.518082, -5e-06, 0.513005, 0.118573, -0.850157, -0.081316, -0.073802, 0.992839, 0.09394, 0.728846, 0.0, 0.0, 0.0, 1.0],
                [0.851192, 0.013629, 0.524678, -5e-06, 0.51964, 0.118683, -0.846102, -0.081316, -0.073802, 0.992839, 0.09394, 0.728846, 0.0, 0.0, 0.0, 1.0],
                [0.847152, 0.012712, 0.531199, -5e-06, 0.526201, 0.118785, -0.842023, -0.081316, -0.073802, 0.992839, 0.09394, 0.728846, 0.0, 0.0, 0.0, 1.0],
                [0.843101, 0.011803, 0.537625, -5e-06, 0.532667, 0.118879, -0.837934, -0.081316, -0.073802, 0.992839, 0.09394, 0.728846, 0.0, 0.0, 0.0, 1.0],
                [0.839056, 0.010905, 0.543936, -5e-06, 0.539016, 0.118964, -0.833852, -0.081316, -0.073802, 0.992839, 0.09394, 0.728846, 0.0, 0.0, 0.0, 1.0],
                [0.835031, 0.010022, 0.550111, -5e-06, 0.54523, 0.119042, -0.829791, -0.081316, -0.073802, 0.992839, 0.09394, 0.728846, 0.0, 0.0, 0.0, 1.0],
                [0.831044, 0.009156, 0.556131, -5e-06, 0.551289, 0.119112, -0.825768, -0.081316, -0.073802, 0.992839, 0.09394, 0.728846, 0.0, 0.0, 0.0, 1.0],
                [0.827111, 0.00831, 0.561978, -5e-06, 0.557172, 0.119174, -0.821801, -0.081316, -0.073802, 0.992839, 0.09394, 0.728846, 0.0, 0.0, 0.0, 1.0],
                [0.823249, 0.007488, 0.567631, -5e-06, 0.562862, 0.119228, -0.817906, -0.081316, -0.073802, 0.992839, 0.09394, 0.728846, 0.0, 0.0, 0.0, 1.0],
                [0.819477, 0.006693, 0.573073, -5e-06, 0.56834, 0.119275, -0.814102, -0.081316, -0.073802, 0.992839, 0.09394, 0.728846, 0.0, 0.0, 0.0, 1.0],
                [0.815812, 0.005927, 0.578286, -5e-06, 0.573588, 0.119316, -0.810408, -0.081316, -0.073802, 0.992839, 0.09394, 0.728846, 0.0, 0.0, 0.0, 1.0],
                [0.812274, 0.005194, 0.583253, -5e-06, 0.578588, 0.11935, -0.80684, -0.081316, -0.073802, 0.992839, 0.09394, 0.728846, 0.0, 0.0, 0.0, 1.0],
                [0.80888, 0.004497, 0.587957, -5e-06, 0.583324, 0.119378, -0.803419, -0.081316, -0.073802, 0.992839, 0.09394, 0.728846, 0.0, 0.0, 0.0, 1.0],
                [0.80565, 0.003838, 0.59238, -5e-06, 0.587777, 0.119401, -0.800164, -0.081316, -0.073802, 0.992839, 0.09394, 0.728846, 0.0, 0.0, 0.0, 1.0],
                [0.802603, 0.003221, 0.596505, -5e-06, 0.591931, 0.119419, -0.797093, -0.081316, -0.073802, 0.992839, 0.09394, 0.728846, 0.0, 0.0, 0.0, 1.0],
                [0.799758, 0.002649, 0.600317, -5e-06, 0.595769, 0.119434, -0.794226, -0.081316, -0.073802, 0.992839, 0.09394, 0.728846, 0.0, 0.0, 0.0, 1.0],
                [0.797134, 0.002125, 0.603799, -5e-06, 0.599275, 0.119444, -0.791582, -0.081316, -0.073802, 0.992839, 0.09394, 0.728846, 0.0, 0.0, 0.0, 1.0],
                [0.79475, 0.001651, 0.606934, -5e-06, 0.602433, 0.119452, -0.789181, -0.081316, -0.073802, 0.992839, 0.09394, 0.728846, 0.0, 0.0, 0.0, 1.0],
                [0.792626, 0.001231, 0.609707, -5e-06, 0.605225, 0.119457, -0.787041, -0.081316, -0.073802, 0.992839, 0.09394, 0.728846, 0.0, 0.0, 0.0, 1.0],
                [0.79078, 0.000867, 0.6121, -5e-06, 0.607635, 0.11946, -0.785181, -0.081316, -0.073802, 0.992839, 0.09394, 0.728846, 0.0, 0.0, 0.0, 1.0],
                [0.78923, 0.000563, 0.614098, -5e-06, 0.609647, 0.119462, -0.783619, -0.081316, -0.073802, 0.992839, 0.09394, 0.728846, 0.0, 0.0, 0.0, 1.0],
                [0.787995, 0.000321, 0.615682, -5e-06, 0.611243, 0.119463, -0.782375, -0.081316, -0.073802, 0.992839, 0.09394, 0.728846, 0.0, 0.0, 0.0, 1.0],
                [0.787092, 0.000145, 0.616836, -5e-06, 0.612405, 0.119463, -0.781466, -0.081316, -0.073802, 0.992839, 0.09394, 0.728846, 0.0, 0.0, 0.0, 1.0],
                [0.786538, 3.7e-05, 0.617542, -5e-06, 0.613116, 0.119463, -0.780908, -0.081316, -0.073802, 0.992839, 0.09394, 0.728846, 0.0, 0.0, 0.0, 1.0],
                [0.78635, 0.0, 0.617782, -5e-06, 0.613358, 0.119463, -0.780718, -0.081316, -0.073802, 0.992839, 0.09394, 0.728846, 0.0, 0.0, 0.0, 1.0],
                [0.786538, 3.7e-05, 0.617542, -5e-06, 0.613117, 0.119463, -0.780908, -0.081316, -0.073802, 0.992839, 0.09394, 0.728846, 0.0, 0.0, 0.0, 1.0],
                [0.787092, 0.000145, 0.616836, -5e-06, 0.612405, 0.119463, -0.781466, -0.081316, -0.073802, 0.992839, 0.09394, 0.728846, 0.0, 0.0, 0.0, 1.0],
                [0.787995, 0.000321, 0.615682, -5e-06, 0.611243, 0.119463, -0.782375, -0.081316, -0.073802, 0.992839, 0.09394, 0.728846, 0.0, 0.0, 0.0, 1.0],
                [0.78923, 0.000563, 0.614098, -5e-06, 0.609647, 0.119462, -0.783619, -0.081316, -0.073802, 0.992839, 0.09394, 0.728846, 0.0, 0.0, 0.0, 1.0],
                [0.79078, 0.000867, 0.6121, -5e-06, 0.607635, 0.11946, -0.785181, -0.081316, -0.073802, 0.992839, 0.09394, 0.728846, 0.0, 0.0, 0.0, 1.0],
                [0.792626, 0.001231, 0.609707, -5e-06, 0.605225, 0.119457, -0.787041, -0.081316, -0.073802, 0.992839, 0.09394, 0.728846, 0.0, 0.0, 0.0, 1.0],
                [0.79475, 0.001651, 0.606934, -5e-06, 0.602433, 0.119452, -0.789181, -0.081316, -0.073802, 0.992839, 0.09394, 0.728846, 0.0, 0.0, 0.0, 1.0],
                [0.797134, 0.002125, 0.603799, -5e-06, 0.599275, 0.119444, -0.791582, -0.081316, -0.073802, 0.992839, 0.09394, 0.728846, 0.0, 0.0, 0.0, 1.0],
                [0.799758, 0.002649, 0.600317, -5e-06, 0.595769, 0.119434, -0.794226, -0.081316, -0.073802, 0.992839, 0.09394, 0.728846, 0.0, 0.0, 0.0, 1.0],
                [0.802603, 0.003221, 0.596505, -5e-06, 0.591931, 0.11942, -0.797093, -0.081316, -0.073802, 0.992839, 0.09394, 0.728846, 0.0, 0.0, 0.0, 1.0],
                [0.80565, 0.003838, 0.592379, -5e-06, 0.587777, 0.119401, -0.800164, -0.081316, -0.073802, 0.992839, 0.09394, 0.728846, 0.0, 0.0, 0.0, 1.0],
                [0.80888, 0.004497, 0.587957, -5e-06, 0.583324, 0.119378, -0.803419, -0.081316, -0.073802, 0.992839, 0.09394, 0.728846, 0.0, 0.0, 0.0, 1.0],
                [0.812274, 0.005194, 0.583253, -5e-06, 0.578589, 0.11935, -0.80684, -0.081316, -0.073802, 0.992839, 0.09394, 0.728846, 0.0, 0.0, 0.0, 1.0],
                [0.815812, 0.005927, 0.578286, -5e-06, 0.573588, 0.119316, -0.810407, -0.081316, -0.073802, 0.992839, 0.09394, 0.728846, 0.0, 0.0, 0.0, 1.0],
                [0.819477, 0.006693, 0.573073, -5e-06, 0.56834, 0.119275, -0.814102, -0.081316, -0.073802, 0.992839, 0.09394, 0.728846, 0.0, 0.0, 0.0, 1.0],
                [0.823249, 0.007488, 0.567631, -5e-06, 0.562862, 0.119228, -0.817906, -0.081316, -0.073802, 0.992839, 0.09394, 0.728846, 0.0, 0.0, 0.0, 1.0],
                [0.827111, 0.00831, 0.561977, -5e-06, 0.557172, 0.119174, -0.821801, -0.081316, -0.073802, 0.992839, 0.09394, 0.728846, 0.0, 0.0, 0.0, 1.0],
                [0.831044, 0.009156, 0.556131, -5e-06, 0.551289, 0.119112, -0.825768, -0.081316, -0.073802, 0.992839, 0.09394, 0.728846, 0.0, 0.0, 0.0, 1.0],
                [0.835031, 0.010022, 0.550111, -5e-06, 0.54523, 0.119042, -0.829791, -0.081316, -0.073802, 0.992839, 0.09394, 0.728846, 0.0, 0.0, 0.0, 1.0],
                [0.839056, 0.010905, 0.543936, -5e-06, 0.539016, 0.118964, -0.833852, -0.081316, -0.073802, 0.992839, 0.09394, 0.728846, 0.0, 0.0, 0.0, 1.0],
                [0.843101, 0.011803, 0.537625, -5e-06, 0.532667, 0.118879, -0.837935, -0.081316, -0.073802, 0.992839, 0.09394, 0.728846, 0.0, 0.0, 0.0, 1.0],
                [0.847152, 0.012712, 0.531199, -5e-06, 0.526201, 0.118785, -0.842023, -0.081316, -0.073802, 0.992839, 0.09394, 0.728846, 0.0, 0.0, 0.0, 1.0],
                [0.851192, 0.013629, 0.524678, -5e-06, 0.51964, 0.118683, -0.846102, -0.081316, -0.073802, 0.992839, 0.09394, 0.728846, 0.0, 0.0, 0.0, 1.0],
                [0.855207, 0.014552, 0.518082, -5e-06, 0.513005, 0.118573, -0.850156, -0.081316, -0.073802, 0.992839, 0.09394, 0.728846, 0.0, 0.0, 0.0, 1.0],
                [0.859183, 0.015476, 0.511434, -5e-06, 0.506318, 0.118456, -0.854172, -0.081316, -0.073802, 0.992839, 0.09394, 0.728846, 0.0, 0.0, 0.0, 1.0],
                [0.863107, 0.0164, 0.504754, -5e-06, 0.499599, 0.118332, -0.858136, -0.081316, -0.073802, 0.992839, 0.09394, 0.728846, 0.0, 0.0, 0.0, 1.0],
                [0.866966, 0.01732, 0.498066, -5e-06, 0.492872, 0.118201, -0.862036, -0.081316, -0.073802, 0.992839, 0.09394, 0.728846, 0.0, 0.0, 0.0, 1.0],
                [0.870748, 0.018232, 0.491391, -5e-06, 0.486159, 0.118063, -0.865858, -0.081316, -0.073802, 0.992839, 0.09394, 0.728846, 0.0, 0.0, 0.0, 1.0],
                [0.874442, 0.019135, 0.484753, -5e-06, 0.479484, 0.11792, -0.869592, -0.081316, -0.073802, 0.992839, 0.09394, 0.728846, 0.0, 0.0, 0.0, 1.0],
                [0.878037, 0.020025, 0.478174, -5e-06, 0.472868, 0.117773, -0.873227, -0.081316, -0.073802, 0.992839, 0.09394, 0.728846, 0.0, 0.0, 0.0, 1.0],
                [0.881523, 0.020899, 0.471678, -5e-06, 0.466337, 0.117621, -0.876753, -0.081316, -0.073802, 0.992839, 0.09394, 0.728846, 0.0, 0.0, 0.0, 1.0],
                [0.884891, 0.021753, 0.46529, -5e-06, 0.459914, 0.117466, -0.88016, -0.081316, -0.073802, 0.992839, 0.09394, 0.728846, 0.0, 0.0, 0.0, 1.0],
                [0.888133, 0.022586, 0.459032, -5e-06, 0.453623, 0.117308, -0.883439, -0.081316, -0.073802, 0.992839, 0.09394, 0.728846, 0.0, 0.0, 0.0, 1.0],
                [0.89124, 0.023395, 0.452929, -5e-06, 0.447488, 0.11715, -0.886584, -0.081316, -0.073802, 0.992839, 0.09394, 0.728846, 0.0, 0.0, 0.0, 1.0],
                [0.894204, 0.024176, 0.447006, -5e-06, 0.441534, 0.116991, -0.889585, -0.081316, -0.073802, 0.992839, 0.09394, 0.728846, 0.0, 0.0, 0.0, 1.0],
                [0.89702, 0.024926, 0.441287, -5e-06, 0.435786, 0.116834, -0.892435, -0.081316, -0.073802, 0.992839, 0.09394, 0.728846, 0.0, 0.0, 0.0, 1.0],
                [0.899679, 0.025643, 0.435797, -5e-06, 0.430268, 0.116678, -0.895129, -0.081316, -0.073802, 0.992839, 0.09394, 0.728846, 0.0, 0.0, 0.0, 1.0],
                [0.902178, 0.026324, 0.430561, -5e-06, 0.425005, 0.116527, -0.89766, -0.081316, -0.073802, 0.992839, 0.09394, 0.728846, 0.0, 0.0, 0.0, 1.0],
                [0.904508, 0.026967, 0.425603, -5e-06, 0.420022, 0.11638, -0.900021, -0.081316, -0.073802, 0.992839, 0.09394, 0.728846, 0.0, 0.0, 0.0, 1.0],
                [0.906666, 0.027568, 0.420948, -5e-06, 0.415343, 0.116239, -0.902208, -0.081316, -0.073802, 0.992839, 0.09394, 0.728846, 0.0, 0.0, 0.0, 1.0],
                [0.908645, 0.028124, 0.41662, -5e-06, 0.410995, 0.116105, -0.904214, -0.081316, -0.073802, 0.992839, 0.09394, 0.728846, 0.0, 0.0, 0.0, 1.0],
                [0.910441, 0.028634, 0.412646, -5e-06, 0.407001, 0.115981, -0.906035, -0.081316, -0.073802, 0.992839, 0.09394, 0.728846, 0.0, 0.0, 0.0, 1.0],
                [0.912049, 0.029094, 0.409048, -5e-06, 0.403386, 0.115866, -0.907664, -0.081316, -0.073802, 0.992839, 0.09394, 0.728846, 0.0, 0.0, 0.0, 1.0],
                [0.913462, 0.029501, 0.405852, -5e-06, 0.400175, 0.115763, -0.909098, -0.081316, -0.073802, 0.992839, 0.09394, 0.728846, 0.0, 0.0, 0.0, 1.0],
                [0.914676, 0.029853, 0.403083, -5e-06, 0.397392, 0.115673, -0.910329, -0.081316, -0.073802, 0.992839, 0.09394, 0.728846, 0.0, 0.0, 0.0, 1.0],
                [0.915685, 0.030148, 0.400763, -5e-06, 0.395061, 0.115596, -0.911353, -0.081316, -0.073802, 0.992839, 0.09394, 0.728846, 0.0, 0.0, 0.0, 1.0],
                [0.916483, 0.030382, 0.398918, -5e-06, 0.393208, 0.115535, -0.912162, -0.081316, -0.073802, 0.992839, 0.09394, 0.728846, 0.0, 0.0, 0.0, 1.0],
                [0.917062, 0.030552, 0.397572, -5e-06, 0.391855, 0.11549, -0.91275, -0.081316, -0.073802, 0.992839, 0.09394, 0.728846, 0.0, 0.0, 0.0, 1.0],
                [0.917416, 0.030656, 0.396747, -5e-06, 0.391026, 0.115462, -0.913109, -0.081316, -0.073802, 0.992839, 0.09394, 0.728846, 0.0, 0.0, 0.0, 1.0],
                [0.917536, 0.030692, 0.396466, -5e-06, 0.390744, 0.115453, -0.91323, -0.081316, -0.073802, 0.992839, 0.09394, 0.728846, 0.0, 0.0, 0.0, 1.0]
            ]
        },
        {
            "name": "Thigh_R",
            "time": [0.0, 0.0074, 0.0148, 0.0222, 0.0296, 0.037, 0.0444, 0.0519, 0.0593, 0.0667, 0.0741, 0.0815, 0.0889, 0.0963, 0.1037, 0.1111, 0.1185, 0.1259, 0.1333, 0.1407, 0.1481, 0.1556, 0.163, 0.1704, 0.1778, 0.1852, 0.1926, 0.2, 0.2074, 0.2148, 0.2222, 0.2296, 0.237, 0.2444, 0.2519, 0.2593, 0.2667, 0.2741, 0.2815, 0.2889, 0.2963, 0.3037, 0.3111, 0.3185, 0.3259, 0.3333, 0.3407, 0.3481, 0.3556, 0.363, 0.3704, 0.3778, 0.3852, 0.3926, 0.4, 0.4074, 0.4148, 0.4222, 0.4296, 0.437, 0.4444, 0.4519, 0.4593, 0.4667, 0.4741, 0.4815, 0.4889, 0.4963, 0.5037, 0.5111, 0.5185, 0.5259, 0.5333, 0.5407, 0.5481, 0.5556, 0.563, 0.5704, 0.5778, 0.5852, 0.5926, 0.6, 0.6074, 0.6148, 0.6222, 0.6296, 0.637, 0.6444, 0.6519, 0.6593, 0.6667, 0.6741, 0.6815, 0.6889, 0.6963, 0.7037, 0.7111, 0.7185, 0.7259, 0.7333, 0.7407],
            "transform": [
                [0.944888, 0.104433, 0.31029, 0.124994, 0.065807, -0.988998, 0.132473, -0.002831, 0.320711, -0.104752, -0.941367, -1.2e-05, 0.0, 0.0, 0.0, 1.0],
                [0.944812, 0.106137, 0.309941, 0.124994, 0.065702, -0.988231, 0.138128, -0.002831, 0.320955, -0.110141, -0.940668, -1.2e-05, 0.0, 0.0, 0.0, 1.0],
                [0.94459, 0.110953, 0.30893, 0.124994, 0.065398, -0.985883, 0.154119, -0.002831, 0.32167, -0.125376, -0.938514, -1.2e-05, 0.0, 0.0, 0.0, 1.0],
                [0.944226, 0.118344, 0.307296, 0.124994, 0.064908, -0.981767, 0.178652, -0.002831, 0.322836, -0.148742, -0.934694, -1.2e-05, 0.0, 0.0, 0.0, 1.0],
                [0.943725, 0.127755, 0.305059, 0.124994, 0.064243, -0.975622, 0.209838, -0.002831, 0.324431, -0.178431, -0.928928, -1.2e-05, 0.0, 0.0, 0.0, 1.0],
                [0.94309, 0.138705, 0.302228, 0.124994, 0.063418, -0.967193, 0.245993, -0.002831, 0.326433, -0.212827, -0.920948, -1.2e-05, 0.0, 0.0, 0.0, 1.0],
                [0.942325, 0.150816, 0.298794, 0.124994, 0.062446, -0.95627, 0.285736, -0.002831, 0.328822, -0.250597, -0.910537, -1.2e-05, 0.0, 0.0, 0.0, 1.0],
                [0.941432, 0.163804, 0.294741, 0.124994, 0.061344, -0.942692, 0.327971, -0.002831, 0.331574, -0.290681, -0.897531, -1.2e-05, 0.0, 0.0, 0.0, 1.0],
                [0.940416, 0.177461, 0.290042, 0.124994, 0.060127, -0.926349, 0.371833, -0.002831, 0.334666, -0.332238, -0.881826, -1.2e-05, 0.0, 0.0, 0.0, 1.0],
                [0.939279, 0.191628, 0.284663, 0.124994, 0.058816, -0.907175, 0.41662, -0.002831, 0.338075, -0.374579, -0.863363, -1.2e-05, 0.0, 0.0, 0.0, 1.0],
                [0.938025, 0.206176, 0.278568, 0.124994, 0.057431, -0.885153, 0.461741, -0.002831, 0.341776, -0.417125, -0.842138, -1.2e-05, 0.0, 0.0, 0.0, 1.0],
                [0.936656, 0.220995, 0.271727, 0.124994, 0.055998, -0.860319, 0.506669, -0.002831, 0.345743, -0.459358, -0.8182, -1.2e-05, 0.0, 0.0, 0.0, 1.0],
                [0.935178, 0.235974, 0.264115, 0.124994, 0.054544, -0.832774, 0.550917, -0.002831, 0.34995, -0.500799, -0.791665, -1.2e-05, 0.0, 0.0, 0.0, 1.0],
                [0.933596, 0.251001, 0.255727, 0.124994, 0.053101, -0.802701, 0.594011, -0.002831, 0.35437, -0.540986, -0.762729, -1.2e-05, 0.0, 0.0, 0.0, 1.0],
                [0.931915, 0.265949, 0.246587, 0.124994, 0.051705, -0.770386, 0.635476, -0.002831, 0.358972, -0.579459, -0.731687, -1.2e-05, 0.0, 0.0, 0.0, 1.0],
                [0.930141, 0.280679, 0.236761, 0.124994, 0.050396, -0.736244, 0.674835, -0.002831, 0.363727, -0.615759, -0.698958, -1.2e-05, 0.0, 0.0, 0.0, 1.0],
                [0.928283, 0.295037, 0.226368, 0.124994, 0.049218, -0.700841, 0.711616, -0.002831, 0.368602, -0.649439, -0.665102, -1.2e-05, 0.0, 0.0, 0.0, 1.0],
                [0.92635, 0.308857, 0.215598, 0.124994, 0.048219, -0.664918, 0.745358, -0.002831, 0.373565, -0.680065, -0.630841, -1.2e-05, 0.0, 0.0, 0.0, 1.0],
                [0.92435, 0.321971, 0.204719, 0.124994, 0.047451, -0.629396, 0.775634, -0.002831, 0.378581, -0.707242, -0.597062, -1.2e-05, 0.0, 0.0, 0.0, 1.0],
                [0.922297, 0.334215, 0.194084, 0.124994, 0.046967, -0.595381, 0.802069, -0.002831, 0.383618, -0.730628, -0.564816, -1.2e-05, 0.0, 0.0, 0.0, 1.0],
                [0.920199, 0.345437, 0.184136, 0.124994, 0.046819, -0.56414, 0.82435, -0.002831, 0.38864, -0.749944, -0.535295, -1.2e-05, 0.0, 0.0, 0.0, 1.0],
                [0.918072, 0.355886, 0.174608, 0.124994, 0.047076, -0.535232, 0.843392, -0.002831, 0.393608, -0.766073, -0.508136, -1.2e-05, 0.0, 0.0, 0.0, 1.0],
                [0.915925, 0.365811, 0.165111, 0.124994, 0.047773, -0.507837, 0.860127, -0.002831, 0.398493, -0.779923, -0.482618, -1.2e-05, 0.0, 0.0, 0.0, 1.0],
                [0.913767, 0.375104, 0.155964, 0.124994, 0.048902, -0.482697, 0.874421, -0.002831, 0.403283, -0.791389, -0.459417, -1.2e-05, 0.0, 0.0, 0.0, 1.0],
                [0.911603, 0.383708, 0.147467, 0.124994, 0.050442, -0.460444, 0.886255, -0.002831, 0.407964, -0.800473, -0.439098, -1.2e-05, 0.0, 0.0, 0.0, 1.0],
                [0.909438, 0.391604, 0.139886, 0.124994, 0.052365, -0.441564, 0.8957, -0.002831, 0.412529, -0.807257, -0.422083, -1.2e-05, 0.0, 0.0, 0.0, 1.0],
                [0.907275, 0.398803, 0.133446, 0.124994, 0.054623, -0.426387, 0.90289, -0.002831, 0.416975, -0.811879, -0.408635, -1.2e-05, 0.0, 0.0, 0.0, 1.0],
                [0.905116, 0.405337, 0.12832, 0.124994, 0.057154, -0.415072, 0.907991, -0.002831, 0.421305, -0.814502, -0.398856, -1.2e-05, 0.0, 0.0, 0.0, 1.0],
                [0.902961, 0.411248, 0.124635, 0.124994, 0.059875, -0.407613, 0.91119, -0.002831, 0.425528, -0.815306, -0.392683, -1.2e-05, 0.0, 0.0, 0.0, 1.0],
                [0.900811, 0.416582, 0.122465, 0.124994, 0.062682, -0.403847, 0.912677, -0.002831, 0.429662, -0.814472, -0.389903, -1.2e-05, 0.0, 0.0, 0.0, 1.0],
                [0.898655, 0.421024, 0.123112, 0.124994, 0.065369, -0.40606, 0.911506, -0.002831, 0.433757, -0.81108, -0.392431, -1.2e-05, 0.0, 0.0, 0.0, 1.0],
                [0.896487, 0.424268, 0.127696, 0.124994, 0.06775, -0.416085, 0.906798, -0.002831, 0.437858, -0.80428, -0.40176, -1.2e-05, 0.0, 0.0, 0.0, 1.0],
                [0.89431, 0.426287, 0.135968, 0.124994, 0.069748, -0.432973, 0.898704, -0.002831, 0.441977, -0.794236, -0.416946, -1.2e-05, 0.0, 0.0, 0.0, 1.0],
                [0.89213, 0.426969, 0.147649, 0.124994, 0.071309, -0.455802, 0.887219, -0.002831, 0.446114, -0.780985, -0.437083, -1.2e-05, 0.0, 0.0, 0.0, 1.0],
                [0.889953, 0.426139, 0.162438, 0.124994, 0.072406, -0.483695, 0.872236, -0.002831, 0.450265, -0.764487, -0.461323, -1.2e-05, 0.0, 0.0, 0.0, 1.0],
                [0.88779, 0.42358, 0.180022, 0.124994, 0.07303, -0.515831, 0.853572, -0.002831, 0.454417, -0.744644, -0.488885, -1.2e-05, 0.0, 0.0, 0.0, 1.0],
                [0.885648, 0.41904, 0.200079, 0.124994, 0.07319, -0.551457, 0.830986, -0.002831, 0.458552, -0.721317, -0.519067, -1.2e-05, 0.0, 0.0, 0.0, 1.0],
                [0.88354, 0.412239, 0.222295, 0.124994, 0.072907, -0.589901, 0.804177, -0.002831, 0.462646, -0.694314, -0.551257, -1.2e-05, 0.0, 0.0, 0.0, 1.0],
                [0.881476, 0.402854, 0.246389, 0.124994, 0.072213, -0.630614, 0.772729, -0.002831, 0.466674, -0.663349, -0.584963, -1.2e-05, 0.0, 0.0, 0.0, 1.0],
                [0.879469, 0.390452, 0.272177, 0.124994, 0.07114, -0.673267, 0.735969, -0.002831, 0.470609, -0.627898, -0.619895, -1.2e-05, 0.0, 0.0, 0.0, 1.0],
                [0.877471, 0.375638, 0.298228, 0.124994, 0.069115, -0.714326, 0.69639, -0.002831, 0.474623, -0.590448, -0.652764, -1.2e-05, 0.0, 0.0, 0.0, 1.0],
                [0.875455, 0.360573, 0.321815, 0.124994, 0.06586, -0.748663, 0.659669, -0.002831, 0.47879, -0.556315, -0.67917, -1.2e-05, 0.0, 0.0, 0.0, 1.0],
                [0.873469, 0.347307, 0.341216, 0.124994, 0.061841, -0.774286, 0.629806, -0.002831, 0.482935, -0.529014, -0.697795, -1.2e-05, 0.0, 0.0, 0.0, 1.0],
                [0.871564, 0.337314, 0.355801, 0.124994, 0.05749, -0.791013, 0.60909, -0.002831, 0.486899, -0.510405, -0.708812, -1.2e-05, 0.0, 0.0, 0.0, 1.0],
                [0.869793, 0.329969, 0.366851, 0.124994, 0.053195, -0.801867, 0.595129, -0.002831, 0.49054, -0.498124, -0.715013, -1.2e-05, 0.0, 0.0, 0.0, 1.0],
                [0.868213, 0.323363, 0.376353, 0.124994, 0.049302, -0.810948, 0.583036, -0.002831, 0.493735, -0.487644, -0.72002, -1.2e-05, 0.0, 0.0, 0.0, 1.0],
                [0.866872, 0.316335, 0.385311, 0.124994, 0.046042, -0.82039, 0.569946, -0.002831, 0.496399, -0.476329, -0.72574, -1.2e-05, 0.0, 0.0, 0.0, 1.0],
                [0.865775, 0.31032, 0.3926, 0.124994, 0.043309, -0.828037, 0.558997, -0.002831, 0.498556, -0.466962, -0.730335, -1.2e-05, 0.0, 0.0, 0.0, 1.0],
                [0.864915, 0.307144, 0.396967, 0.124994, 0.040928, -0.831425, 0.554125, -0.002831, 0.500245, -0.463024, -0.731685, -1.2e-05, 0.0, 0.0, 0.0, 1.0],
                [0.864286, 0.307876, 0.39777, 0.124994, 0.038736, -0.829185, 0.557628, -0.002831, 0.501505, -0.466541, -0.728581, -1.2e-05, 0.0, 0.0, 0.0, 1.0],
                [0.863879, 0.312238, 0.395247, 0.124994, 0.036583, -0.821509, 0.569019, -0.002831, 0.502369, -0.477104, -0.721108, -1.2e-05, 0.0, 0.0, 0.0, 1.0],
                [0.863701, 0.317083, 0.391763, 0.124994, 0.034474, -0.812647, 0.581734, -0.002831, 0.502823, -0.488938, -0.712817, -1.2e-05, 0.0, 0.0, 0.0, 1.0],
                [0.863763, 0.320261, 0.389031, 0.124994, 0.032515, -0.805858, 0.591213, -0.002831, 0.502847, -0.498018, -0.706486, -1.2e-05, 0.0, 0.0, 0.0, 1.0],
                [0.864057, 0.322207, 0.386766, 0.124994, 0.030709, -0.800622, 0.59838, -0.002831, 0.502456, -0.505157, -0.70168, -1.2e-05, 0.0, 0.0, 0.0, 1.0],
                [0.864574, 0.323119, 0.384845, 0.124994, 0.02906, -0.796718, 0.60365, -0.002831, 0.501664, -0.510716, -0.698213, -1.2e-05, 0.0, 0.0, 0.0, 1.0],
                [0.865305, 0.323132, 0.383188, 0.124994, 0.02757, -0.793995, 0.607298, -0.002831, 0.500487, -0.514932, -0.695958, -1.2e-05, 0.0, 0.0, 0.0, 1.0],
                [0.866239, 0.322336, 0.381743, 0.124994, 0.026243, -0.792352, 0.609498, -0.002831, 0.498939, -0.517952, -0.694827, -1.2e-05, 0.0, 0.0, 0.0, 1.0],
                [0.867368, 0.320804, 0.380469, 0.124994, 0.025081, -0.79171, 0.61038, -0.002831, 0.497034, -0.51988, -0.694752, -1.2e-05, 0.0, 0.0, 0.0, 1.0],
                [0.868679, 0.318592, 0.379335, 0.124994, 0.024084, -0.792008, 0.610034, -0.002831, 0.494788, -0.520787, -0.695676, -1.2e-05, 0.0, 0.0, 0.0, 1.0],
                [0.870163, 0.315747, 0.378313, 0.124994, 0.023255, -0.793192, 0.608527, -0.002831, 0.492215, -0.520718, -0.69755, -1.2e-05, 0.0, 0.0, 0.0, 1.0],
                [0.871806, 0.312314, 0.377378, 0.124994, 0.022593, -0.795207, 0.605914, -0.002831, 0.48933, -0.519713, -0.700324, -1.2e-05, 0.0, 0.0, 0.0, 1.0],
                [0.873597, 0.308334, 0.376507, 0.124994, 0.022098, -0.798007, 0.602241, -0.002831, 0.486147, -0.517795, -0.703952, -1.2e-05, 0.0, 0.0, 0.0, 1.0],
                [0.875525, 0.303844, 0.375679, 0.124994, 0.021771, -0.801541, 0.597541, -0.002831, 0.482682, -0.514982, -0.708385, -1.2e-05, 0.0, 0.0, 0.0, 1.0],
                [0.877575, 0.298884, 0.374872, 0.124994, 0.021607, -0.805757, 0.591849, -0.002831, 0.478951, -0.511292, -0.713573, -1.2e-05, 0.0, 0.0, 0.0, 1.0],
                [0.879738, 0.293492, 0.374064, 0.124994, 0.021607, -0.810606, 0.585192, -0.002831, 0.474968, -0.506732, -0.719464, -1.2e-05, 0.0, 0.0, 0.0, 1.0],
                [0.881998, 0.287705, 0.373235, 0.124994, 0.021766, -0.816031, 0.577596, -0.002831, 0.470749, -0.501314, -0.726002, -1.2e-05, 0.0, 0.0, 0.0, 1.0],
                [0.884344, 0.281562, 0.372366, 0.124994, 0.022082, -0.821976, 0.569091, -0.002831, 0.466311, -0.495049, -0.733129, -1.2e-05, 0.0, 0.0, 0.0, 1.0],
                [0.886764, 0.275103, 0.371438, 0.124994, 0.02255, -0.828384, 0.559704, -0.002831, 0.461671, -0.487949, -0.740787, -1.2e-05, 0.0, 0.0, 0.0, 1.0],
                [0.889245, 0.268367, 0.370435, 0.124994, 0.023165, -0.835195, 0.549464, -0.002831, 0.456844, -0.480026, -0.748911, -1.2e-05, 0.0, 0.0, 0.0, 1.0],
                [0.891774, 0.261394, 0.36934, 0.124994, 0.023922, -0.842347, 0.538402, -0.002831, 0.451848, -0.471297, -0.757438, -1.2e-05, 0.0, 0.0, 0.0, 1.0],
                [0.894339, 0.254226, 0.368139, 0.124994, 0.024814, -0.849779, 0.526553, -0.002831, 0.446701, -0.461781, -0.7663, -1.2e-05, 0.0, 0.0, 0.0, 1.0],
                [0.896928, 0.246903, 0.366822, 0.124994, 0.025836, -0.857428, 0.513953, -0.002831, 0.44142, -0.451501, -0.775432, -1.2e-05, 0.0, 0.0, 0.0, 1.0],
                [0.89953, 0.239465, 0.365379, 0.124994, 0.026979, -0.865231, 0.500644, -0.002831, 0.436024, -0.440486, -0.784764, -1.2e-05, 0.0, 0.0, 0.0, 1.0],
                [0.902133, 0.231952, 0.363803, 0.124994, 0.028236, -0.873127, 0.486671, -0.002831, 0.430531, -0.428769, -0.794229, -1.2e-05, 0.0, 0.0, 0.0, 1.0],
                [0.904727, 0.224406, 0.362091, 0.124994, 0.029599, -0.881057, 0.472081, -0.002831, 0.424961, -0.416386, -0.80376, -1.2e-05, 0.0, 0.0, 0.0, 1.0],
                [0.907301, 0.216863, 0.360242, 0.124994, 0.031058, -0.88896, 0.456928, -0.002831, 0.419332, -0.403383, -0.813292, -1.2e-05, 0.0, 0.0, 0.0, 1.0],
                [0.909846, 0.209362, 0.358257, 0.124994, 0.032604, -0.896781, 0.441271, -0.002831, 0.413664, -0.389807, -0.82276, -1.2e-05, 0.0, 0.0, 0.0, 1.0],
                [0.91235, 0.201939, 0.356142, 0.124994, 0.034227, -0.904466, 0.425168, -0.002831, 0.407977, -0.375711, -0.832103, -1.2e-05, 0.0, 0.0, 0.0, 1.0],
                [0.914806, 0.194627, 0.353905, 0.124994, 0.035917, -0.911966, 0.408687, -0.002831, 0.402291, -0.361157, -0.841265, -1.2e-05, 0.0, 0.0, 0.0, 1.0],
                [0.917206, 0.187459, 0.351555, 0.124994, 0.037664, -0.919236, 0.391899, -0.002831, 0.396628, -0.346211, -0.850191, -1.2e-05, 0.0, 0.0, 0.0, 1.0],
                [0.919541, 0.180465, 0.349107, 0.124994, 0.039455, -0.926233, 0.374878, -0.002831, 0.391007, -0.330941, -0.858832, -1.2e-05, 0.0, 0.0, 0.0, 1.0],
                [0.921805, 0.173672, 0.346574, 0.124994, 0.04128, -0.932921, 0.357702, -0.002831, 0.38545, -0.315424, -0.867142, -1.2e-05, 0.0, 0.0, 0.0, 1.0],
                [0.923989, 0.167105, 0.343975, 0.124994, 0.043127, -0.939269, 0.340456, -0.002831, 0.379977, -0.299742, -0.875084, -1.2e-05, 0.0, 0.0, 0.0, 1.0],
                [0.926089, 0.160787, 0.341328, 0.124994, 0.044984, -0.945251, 0.323223, -0.002831, 0.374612, -0.283979, -0.882622, -1.2e-05, 0.0, 0.0, 0.0, 1.0],
                [0.928099, 0.154738, 0.338655, 0.124994, 0.046838, -0.950845, 0.306098, -0.002831, 0.369374, -0.268227, -0.889729, -1.2e-05, 0.0, 0.0, 0.0, 1.0],
                [0.930014, 0.148975, 0.335976, 0.124994, 0.048678, -0.956036, 0.289174, -0.002831, 0.364285, -0.252581, -0.896381, -1.2e-05, 0.0, 0.0, 0.0, 1.0],
                [0.931829, 0.143515, 0.333314, 0.124994, 0.050489, -0.960814, 0.27255, -0.002831, 0.359368, -0.237141, -0.902562, -1.2e-05, 0.0, 0.0, 0.0, 1.0],
                [0.933539, 0.13837, 0.330693, 0.124994, 0.05226, -0.965175, 0.256326, -0.002831, 0.354645, -0.222008, -0.908262, -1.2e-05, 0.0, 0.0, 0.0, 1.0],
                [0.935142, 0.133553, 0.328135, 0.124994, 0.053978, -0.969118, 0.240609, -0.002831, 0.350136, -0.207292, -0.913474, -1.2e-05, 0.0, 0.0, 0.0, 1.0],
                [0.936633, 0.129073, 0.325664, 0.124994, 0.055629, -0.97265, 0.225508, -0.002831, 0.345864, -0.193101, -0.918199, -1.2e-05, 0.0, 0.0, 0.0, 1.0],
                [0.938011, 0.12494, 0.323303, 0.124994, 0.057201, -0.975781, 0.211133, -0.002831, 0.341851, -0.179551, -0.922442, -1.2e-05, 0.0, 0.0, 0.0, 1.0],
                [0.939272, 0.121162, 0.321073, 0.124994, 0.05868, -0.978524, 0.197598, -0.002831, 0.338119, -0.166757, -0.926212, -1.2e-05, 0.0, 0.0, 0.0, 1.0],
                [0.940412, 0.117747, 0.318998, 0.124994, 0.060055, -0.980896, 0.18502, -0.002831, 0.33469, -0.154837, -0.92952, -1.2e-05, 0.0, 0.0, 0.0, 1.0],
                [0.941431, 0.114702, 0.317098, 0.124994, 0.061312, -0.982919, 0.173517, -0.002831, 0.331584, -0.143912, -0.932385, -1.2e-05, 0.0, 0.0, 0.0, 1.0],
                [0.942324, 0.112034, 0.315393, 0.124994, 0.062439, -0.984613, 0.163203, -0.002831, 0.328824, -0.134097, -0.934822, -1.2e-05, 0.0, 0.0, 0.0, 1.0],
                [0.94309, 0.109753, 0.313902, 0.124994, 0.063423, -0.986001, 0.154196, -0.002831, 0.326431, -0.125512, -0.936851, -1.2e-05, 0.0, 0.0, 0.0, 1.0],
                [0.943725, 0.107864, 0.312645, 0.124994, 0.064253, -0.987104, 0.146608, -0.002831, 0.324427, -0.118269, -0.938488, -1.2e-05, 0.0, 0.0, 0.0, 1.0],
                [0.944227, 0.106379, 0.311638, 0.124994, 0.064918, -0.987942, 0.140546, -0.002831, 0.322832, -0.112476, -0.939749, -1.2e-05, 0.0, 0.0, 0.0, 1.0],
                [0.944591, 0.105305, 0.3109, 0.124994, 0.065405, -0.98853, 0.136111, -0.002831, 0.321668, -0.108235, -0.940646, -1.2e-05, 0.0, 0.0, 0.0, 1.0],
                [0.944812, 0.104653, 0.310445, 0.124994, 0.065705, -0.988881, 0.133394, -0.002831, 0.320954, -0.105635, -0.941185, -1.2e-05, 0.0, 0.0, 0.0, 1.0],
                [0.944888, 0.104433, 0.31029, 0.124994, 0.065807, -0.988998, 0.132473, -0.002831, 0.320712, -0.104752, -0.941367, -1.2e-05, 0.0, 0.0, 0.0, 1.0]
            ]
        },
        {
            "name": "Leg_R",
            "time": [0.0, 0.0074, 0.0148, 0.0222, 0.0296, 0.037, 0.0444, 0.0519, 0.0593, 0.0667, 0.0741, 0.0815, 0.0889, 0.0963, 0.1037, 0.1111, 0.1185, 0.1259, 0.1333, 0.1407, 0.1481, 0.1556, 0.163, 0.1704, 0.1778, 0.1852, 0.1926, 0.2, 0.2074, 0.2148, 0.2222, 0.2296, 0.237, 0.2444, 0.2519, 0.2593, 0.2667, 0.2741, 0.2815, 0.2889, 0.2963, 0.3037, 0.3111, 0.3185, 0.3259, 0.3333, 0.3407, 0.3481, 0.3556, 0.363, 0.3704, 0.3778, 0.3852, 0.3926, 0.4, 0.4074, 0.4148, 0.4222, 0.4296, 0.437, 0.4444, 0.4519, 0.4593, 0.4667, 0.4741, 0.4815, 0.4889, 0.4963, 0.5037, 0.5111, 0.5185, 0.5259, 0.5333, 0.5407, 0.5481, 0.5556, 0.563, 0.5704, 0.5778, 0.5852, 0.5926, 0.6, 0.6074, 0.6148, 0.6222, 0.6296, 0.637, 0.6444, 0.6519, 0.6593, 0.6667, 0.6741, 0.6815, 0.6889, 0.6963, 0.7037, 0.7111, 0.7185, 0.7259, 0.7333, 0.7407],
            "transform": [
                [1.0, -0.0, 1e-06, 0.0, -0.0, 0.81289, 0.582419, 0.374726, -1e-06, -0.582421, 0.812886, 0.0, 0.0, 0.0, 0.0, 1.0],
                [1.0, -0.0, 1e-06, -0.0, -0.0, 0.80719, 0.590293, 0.374726, -1e-06, -0.590296, 0.807186, -0.0, 0.0, 0.0, 0.0, 1.0],
                [1.0, -0.0, 1e-06, -0.0, -0.0, 0.790823, 0.612045, 0.374726, -1e-06, -0.612048, 0.790819, 0.0, 0.0, 0.0, 0.0, 1.0],
                [1.000001, -0.0, 1e-06, -0.0, -0.0, 0.764967, 0.64407, 0.374726, -1e-06, -0.644073, 0.764964, -0.0, 0.0, 0.0, 0.0, 1.0],
                [1.0, -1e-06, 1e-06, 0.0, -0.0, 0.730885, 0.6825, 0.374726, -1e-06, -0.682503, 0.730882, -0.0, 0.0, 0.0, 0.0, 1.0],
                [1.0, -1e-06, 1e-06, -0.0, -0.0, 0.689904, 0.723901, 0.374726, -1e-06, -0.723903, 0.689902, -0.0, 0.0, 0.0, 0.0, 1.0],
                [1.0, -1e-06, 1e-06, -0.0, -0.0, 0.643381, 0.765545, 0.374726, -1e-06, -0.765548, 0.643379, 0.0, 0.0, 0.0, 0.0, 1.0],
                [1.0, -1e-06, 1e-06, 0.0, -0.0, 0.592695, 0.805426, 0.374726, -1e-06, -0.805429, 0.592694, -0.0, 0.0, 0.0, 0.0, 1.0],
                [1.0, -1e-06, 1e-06, -0.0, -0.0, 0.539219, 0.842165, 0.374726, -1e-06, -0.842167, 0.539218, 0.0, 0.0, 0.0, 0.0, 1.0],
                [1.0, -1e-06, 1e-06, -0.0, -0.0, 0.48431, 0.874895, 0.374726, -1e-06, -0.874898, 0.484309, -0.0, 0.0, 0.0, 0.0, 1.0],
                [1.000001, -1e-06, 1e-06, -0.0, -0.0, 0.429297, 0.903162, 0.374726, -1e-06, -0.903165, 0.429296, 0.0, 0.0, 0.0, 0.0, 1.0],
                [1.0, -1e-06, 1e-06, -0.0, -0.0, 0.375471, 0.926833, 0.374726, -1e-06, -0.926835, 0.37547, -0.0, 0.0, 0.0, 0.0, 1.0],
                [1.0, -1e-06, 0.0, 0.0, -0.0, 0.324075, 0.94603, 0.374726, -1e-06, -0.946032, 0.324075, -0.0, 0.0, 0.0, 0.0, 1.0],
                [1.0, -1e-06, 0.0, -0.0, -0.0, 0.276306, 0.961069, 0.374726, -1e-06, -0.961071, 0.276306, -0.0, 0.0, 0.0, 0.0, 1.0],
                [1.0, -1e-06, 0.0, 0.0, -0.0, 0.233308, 0.972402, 0.374726, -1e-06, -0.972403, 0.233308, 0.0, 0.0, 0.0, 0.0, 1.0],
                [1.0, -1e-06, 0.0, -0.0, -0.0, 0.19618, 0.980567, 0.374726, -1e-06, -0.980568, 0.19618, 0.0, 0.0, 0.0, 0.0, 1.0],
                [1.0, -1e-06, 0.0, 0.0, -0.0, 0.165971, 0.986129, 0.374726, -1e-06, -0.986131, 0.165971, -0.0, 0.0, 0.0, 0.0, 1.0],
                [1.0, -1e-06, 0.0, 0.0, -0.0, 0.143699, 0.989621, 0.374726, -1e-06, -0.989622, 0.143698, -0.0, 0.0, 0.0, 0.0, 1.0],
                [1.000001, -1e-06, 0.0, -0.0, -0.0, 0.13035, 0.991468, 0.374726, -1e-06, -0.991469, 0.13035, -0.0, 0.0, 0.0, 0.0, 1.0],
                [1.0, -1e-06, 0.0, 0.0, -0.0, 0.126897, 0.991915, 0.374726, -1e-06, -0.991917, 0.126897, -0.0, 0.0, 0.0, 0.0, 1.0],
                [1.000001, -1e-06, 0.0, -0.0, -0.0, 0.134315, 0.990938, 0.374726, -1e-06, -0.99094, 0.134315, -0.0, 0.0, 0.0, 0.0, 1.0],
                [1.0, -1e-06, 0.0, 0.0, -0.0, 0.149747, 0.988723, 0.374726, -1e-06, -0.988725, 0.149747, 0.0, 0.0, 0.0, 0.0, 1.0],
                [1.0, -1e-06, 0.0, 0.0, -0.0, 0.169756, 0.985485, 0.374726, -1e-06, -0.985487, 0.169756, -0.0, 0.0, 0.0, 0.0, 1.0],
                [1.0, -1e-06, 0.0, 0.0, -0.0, 0.194293, 0.980943, 0.374726, -1e-06, -0.980944, 0.194293, -0.0, 0.0, 0.0, 0.0, 1.0],
                [1.0, -1e-06, 0.0, 0.0, -0.0, 0.223111, 0.974792, 0.374726, -1e-06, -0.974794, 0.223111, -0.0, 0.0, 0.0, 0.0, 1.0],
                [1.0, -1e-06, 0.0, 0.0, -0.0, 0.25576, 0.96674, 0.374726, -1e-06, -0.966741, 0.255759, -0.0, 0.0, 0.0, 0.0, 1.0],
                [1.0, -1e-06, 1e-06, -0.0, -0.0, 0.291598, 0.95654, 0.374726, -1e-06, -0.956542, 0.291597, -0.0, 0.0, 0.0, 0.0, 1.0],
                [1.0, -1e-06, 1e-06, 0.0, -0.0, 0.329808, 0.944047, 0.374726, -1e-06, -0.944049, 0.329808, 0.0, 0.0, 0.0, 0.0, 1.0],
                [1.000001, -1e-06, 1e-06, 0.0, -0.0, 0.369422, 0.929261, 0.374726, -1e-06, -0.929263, 0.369421, -0.0, 0.0, 0.0, 0.0, 1.0],
                [1.0, -1e-06, 1e-06, 0.0, -0.0, 0.40934, 0.912381, 0.374726, -1e-06, -0.912383, 0.409339, -0.0, 0.0, 0.0, 0.0, 1.0],
                [1.0, -1e-06, 1e-06, -0.0, -0.0, 0.452335, 0.891848, 0.374726, -1e-06, -0.89185, 0.452334, -0.0, 0.0, 0.0, 0.0, 1.0],
                [1.0, -1e-06, 1e-06, -0.0, -0.0, 0.500863, 0.865526, 0.374726, -1e-06, -0.865528, 0.500861, -0.0, 0.0, 0.0, 0.0, 1.0],
                [1.0, -1e-06, 1e-06, -0.0, -0.0, 0.553398, 0.832916, 0.374726, -1e-06, -0.832919, 0.553396, 0.0, 0.0, 0.0, 0.0, 1.0],
                [1.0, -1e-06, 1e-06, 0.0, -0.0, 0.608535, 0.793527, 0.374726, -1e-06, -0.793529, 0.608533, 0.0, 0.0, 0.0, 0.0, 1.0],
                [1.0, -1e-06, 1e-06, 0.0, -0.0, 0.664948, 0.74689, 0.374726, -1e-06, -0.746892, 0.664945, 0.0, 0.0, 0.0, 0.0, 1.0],
                [1.0, -1e-06, 1e-06, -0.0, -0.0, 0.721356, 0.692565, 0.374726, -1e-06, -0.692568, 0.721353, 0.0, 0.0, 0.0, 0.0, 1.0],
                [1.0, -0.0, 1e-06, 0.0, -0.0, 0.7765, 0.630118, 0.374726, -1e-06, -0.630121, 0.776497, 0.0, 0.0, 0.0, 0.0, 1.0],
                [1.0, -0.0, 1e-06, -0.0, -0.0, 0.82912, 0.559072, 0.374726, -1e-06, -0.559075, 0.829116, -0.0, 0.0, 0.0, 0.0, 1.0],
