{
    "animation": [
        {
            "name": "Root",
            "time": [0.0, 0.0104, 0.0208, 0.0312, 0.0417, 0.0521, 0.0625, 0.0729, 0.0833, 0.0938, 0.1042, 0.1146, 0.125, 0.1354, 0.1458, 0.1562, 0.1667, 0.1771, 0.1875, 0.1979, 0.2083, 0.2188, 0.2292, 0.2396, 0.25, 0.2604, 0.2708, 0.2812, 0.2917, 0.3021, 0.3125, 0.3229, 0.3333, 0.3438, 0.3542, 0.3646, 0.375, 0.3854, 0.3958, 0.4062, 0.4167, 0.4271, 0.4375, 0.4479, 0.4583, 0.4688, 0.4792, 0.4896, 0.5, 0.5104, 0.5208, 0.5312, 0.5417, 0.5521, 0.5625, 0.5729, 0.5833, 0.5938, 0.6042, 0.6146, 0.625, 0.6354, 0.6458, 0.6562, 0.6667, 0.6771, 0.6875, 0.6979, 0.7083, 0.7188, 0.7292],
            "transform": [
                [0.917536, 0.030692, 0.396466, -5e-06, 0.390744, 0.115453, -0.91323, -0.081316, -0.073802, 0.992839, 0.09394, 0.728846, 0.0, 0.0, 0.0, 1.0],
                [0.916982, 0.030528, 0.397758, -5e-06, 0.392042, 0.115496, -0.912668, -0.081316, -0.073802, 0.992839, 0.09394, 0.730002, 0.0, 0.0, 0.0, 1.0],
                [0.915398, 0.030064, 0.401427, -5e-06, 0.395728, 0.115618, -0.911061, -0.081316, -0.073802, 0.992839, 0.09394, 0.733141, 0.0, 0.0, 0.0, 1.0],
                [0.912888, 0.029335, 0.407155, -5e-06, 0.401484, 0.115805, -0.908515, -0.081316, -0.073802, 0.992839, 0.09394, 0.737768, 0.0, 0.0, 0.0, 1.0],
                [0.90955, 0.02838, 0.414625, -5e-06, 0.40899, 0.116043, -0.905131, -0.081316, -0.073802, 0.992839, 0.09394, 0.743385, 0.0, 0.0, 0.0, 1.0],
                [0.90548, 0.027236, 0.423515, -5e-06, 0.417923, 0.116317, -0.901005, -0.081316, -0.073802, 0.992839, 0.09394, 0.749499, 0.0, 0.0, 0.0, 1.0],
                [0.900778, 0.025942, 0.433505, -5e-06, 0.427963, 0.116612, -0.896242, -0.081316, -0.073802, 0.992839, 0.09394, 0.755612, 0.0, 0.0, 0.0, 1.0],
                [0.895554, 0.024534, 0.444276, -5e-06, 0.43879, 0.116916, -0.890951, -0.081316, -0.073802, 0.992839, 0.09394, 0.761229, 0.0, 0.0, 0.0, 1.0],
                [0.889929, 0.023053, 0.455516, -5e-06, 0.450088, 0.117218, -0.885257, -0.081316, -0.073802, 0.992839, 0.09394, 0.765856, 0.0, 0.0, 0.0, 1.0],
                [0.88404, 0.021536, 0.466916, -5e-06, 0.461549, 0.117506, -0.879298, -0.081316, -0.073802, 0.992839, 0.09394, 0.768995, 0.0, 0.0, 0.0, 1.0],
                [0.878037, 0.020025, 0.478174, -5e-06, 0.472868, 0.117773, -0.873227, -0.081316, -0.073802, 0.992839, 0.09394, 0.770151, 0.0, 0.0, 0.0, 1.0],
                [0.872061, 0.018552, 0.489044, -5e-06, 0.483799, 0.118014, -0.867186, -0.081316, -0.073802, 0.992839, 0.09394, 0.769958, 0.0, 0.0, 0.0, 1.0],
                [0.866157, 0.017126, 0.499478, -5e-06, 0.494292, 0.118229, -0.861219, -0.081316, -0.073802, 0.992839, 0.09394, 0.769401, 0.0, 0.0, 0.0, 1.0],
                [0.860343, 0.015748, 0.509472, -5e-06, 0.504344, 0.11842, -0.855344, -0.081316, -0.073802, 0.992839, 0.09394, 0.76851, 0.0, 0.0, 0.0, 1.0],
                [0.854636, 0.01442, 0.519027, -5e-06, 0.513955, 0.118589, -0.84958, -0.081316, -0.073802, 0.992839, 0.09394, 0.767318, 0.0, 0.0, 0.0, 1.0],
                [0.849055, 0.013143, 0.528141, -5e-06, 0.523124, 0.118738, -0.843944, -0.081316, -0.073802, 0.992839, 0.09394, 0.765856, 0.0, 0.0, 0.0, 1.0],
                [0.843616, 0.011918, 0.536815, -5e-06, 0.531851, 0.118867, -0.838454, -0.081316, -0.073802, 0.992839, 0.09394, 0.764156, 0.0, 0.0, 0.0, 1.0],
                [0.838336, 0.010746, 0.545048, -5e-06, 0.540135, 0.118979, -0.833126, -0.081316, -0.073802, 0.992839, 0.09394, 0.76225, 0.0, 0.0, 0.0, 1.0],
                [0.833232, 0.00963, 0.55284, -5e-06, 0.547976, 0.119074, -0.827975, -0.081316, -0.073802, 0.992839, 0.09394, 0.760169, 0.0, 0.0, 0.0, 1.0],
                [0.828318, 0.008569, 0.560192, -5e-06, 0.555375, 0.119155, -0.823019, -0.081316, -0.073802, 0.992839, 0.09394, 0.757946, 0.0, 0.0, 0.0, 1.0],
                [0.823611, 0.007565, 0.567104, -5e-06, 0.562332, 0.119223, -0.818272, -0.081316, -0.073802, 0.992839, 0.09394, 0.755612, 0.0, 0.0, 0.0, 1.0],
                [0.819125, 0.006619, 0.573576, -5e-06, 0.568847, 0.119279, -0.813748, -0.081316, -0.073802, 0.992839, 0.09394, 0.753198, 0.0, 0.0, 0.0, 1.0],
                [0.814875, 0.005732, 0.579609, -5e-06, 0.57492, 0.119325, -0.809462, -0.081316, -0.073802, 0.992839, 0.09394, 0.750737, 0.0, 0.0, 0.0, 1.0],
                [0.810872, 0.004905, 0.585203, -5e-06, 0.580551, 0.119362, -0.805427, -0.081316, -0.073802, 0.992839, 0.09394, 0.74826, 0.0, 0.0, 0.0, 1.0],
                [0.807132, 0.00414, 0.590357, -5e-06, 0.58574, 0.119391, -0.801657, -0.081316, -0.073802, 0.992839, 0.09394, 0.745799, 0.0, 0.0, 0.0, 1.0],
                [0.803665, 0.003436, 0.595072, -5e-06, 0.590488, 0.119414, -0.798163, -0.081316, -0.073802, 0.992839, 0.09394, 0.743385, 0.0, 0.0, 0.0, 1.0],
                [0.800484, 0.002795, 0.599348, -5e-06, 0.594793, 0.11943, -0.794958, -0.081316, -0.073802, 0.992839, 0.09394, 0.741051, 0.0, 0.0, 0.0, 1.0],
                [0.7976, 0.002218, 0.603183, -5e-06, 0.598655, 0.119442, -0.792052, -0.081316, -0.073802, 0.992839, 0.09394, 0.738828, 0.0, 0.0, 0.0, 1.0],
                [0.795023, 0.001705, 0.606576, -5e-06, 0.602072, 0.119451, -0.789456, -0.081316, -0.073802, 0.992839, 0.09394, 0.736747, 0.0, 0.0, 0.0, 1.0],
                [0.792764, 0.001258, 0.609527, -5e-06, 0.605044, 0.119456, -0.78718, -0.081316, -0.073802, 0.992839, 0.09394, 0.734841, 0.0, 0.0, 0.0, 1.0],
                [0.790832, 0.000877, 0.612032, -5e-06, 0.607567, 0.11946, -0.785234, -0.081316, -0.073802, 0.992839, 0.09394, 0.733141, 0.0, 0.0, 0.0, 1.0],
                [0.789235, 0.000564, 0.614091, -5e-06, 0.60964, 0.119462, -0.783625, -0.081316, -0.073802, 0.992839, 0.09394, 0.731679, 0.0, 0.0, 0.0, 1.0],
                [0.787982, 0.000318, 0.615698, -5e-06, 0.611259, 0.119463, -0.782362, -0.081316, -0.073802, 0.992839, 0.09394, 0.730487, 0.0, 0.0, 0.0, 1.0],
                [0.787079, 0.000142, 0.616853, -5e-06, 0.612422, 0.119463, -0.781453, -0.081316, -0.073802, 0.992839, 0.09394, 0.729596, 0.0, 0.0, 0.0, 1.0],
                [0.786533, 3.6e-05, 0.617548, -5e-06, 0.613123, 0.119463, -0.780903, -0.081316, -0.073802, 0.992839, 0.09394, 0.729039, 0.0, 0.0, 0.0, 1.0],
                [0.78635, 0.0, 0.617782, -5e-06, 0.613358, 0.119463, -0.780718, -0.081316, -0.073802, 0.992839, 0.09394, 0.728846, 0.0, 0.0, 0.0, 1.0],
                [0.787221, 0.00017, 0.616671, -5e-06, 0.612239, 0.119463, -0.781596, -0.081316, -0.073802, 0.992839, 0.09394, 0.730289, 0.0, 0.0, 0.0, 1.0],
                [0.789689, 0.000653, 0.613507, -5e-06, 0.609052, 0.119461, -0.784082, -0.081316, -0.073802, 0.992839, 0.09394, 0.734208, 0.0, 0.0, 0.0, 1.0],
                [0.793523, 0.001408, 0.608539, -5e-06, 0.604048, 0.119455, -0.787944, -0.081316, -0.073802, 0.992839, 0.09394, 0.739983, 0.0, 0.0, 0.0, 1.0],
                [0.798487, 0.002395, 0.602007, -5e-06, 0.597471, 0.119439, -0.792946, -0.081316, -0.073802, 0.992839, 0.09394, 0.746995, 0.0, 0.0, 0.0, 1.0],
                [0.804343, 0.003573, 0.594154, -5e-06, 0.589563, 0.119409, -0.798847, -0.081316, -0.073802, 0.992839, 0.09394, 0.754626, 0.0, 0.0, 0.0, 1.0],
                [0.810856, 0.004902, 0.585225, -5e-06, 0.580573, 0.119362, -0.805411, -0.081316, -0.073802, 0.992839, 0.09394, 0.762257, 0.0, 0.0, 0.0, 1.0],
                [0.817797, 0.006341, 0.575472, -5e-06, 0.570755, 0.119295, -0.812408, -0.081316, -0.073802, 0.992839, 0.09394, 0.76927, 0.0, 0.0, 0.0, 1.0],
                [0.824946, 0.007848, 0.565157, -5e-06, 0.560372, 0.119205, -0.819618, -0.081316, -0.073802, 0.992839, 0.09394, 0.775045, 0.0, 0.0, 0.0, 1.0],
                [0.832097, 0.009383, 0.554551, -5e-06, 0.549698, 0.119094, -0.826831, -0.081316, -0.073802, 0.992839, 0.09394, 0.778963, 0.0, 0.0, 0.0, 1.0],
                [0.839056, 0.010905, 0.543936, -5e-06, 0.539016, 0.118964, -0.833852, -0.081316, -0.073802, 0.992839, 0.09394, 0.780407, 0.0, 0.0, 0.0, 1.0],
                [0.845674, 0.012379, 0.533557, -5e-06, 0.528573, 0.11882, -0.840531, -0.081316, -0.073802, 0.992839, 0.09394, 0.780184, 0.0, 0.0, 0.0, 1.0],
                [0.85193, 0.013798, 0.523474, -5e-06, 0.518429, 0.118663, -0.846847, -0.081316, -0.073802, 0.992839, 0.09394, 0.779539, 0.0, 0.0, 0.0, 1.0],
                [0.857836, 0.015162, 0.5137, -5e-06, 0.508597, 0.118497, -0.852811, -0.081316, -0.073802, 0.992839, 0.09394, 0.778506, 0.0, 0.0, 0.0, 1.0],
                [0.863401, 0.01647, 0.50425, -5e-06, 0.499092, 0.118322, -0.858433, -0.081316, -0.073802, 0.992839, 0.09394, 0.777121, 0.0, 0.0, 0.0, 1.0],
                [0.868636, 0.017721, 0.495134, -5e-06, 0.489923, 0.118141, -0.863723, -0.081316, -0.073802, 0.992839, 0.09394, 0.77542, 0.0, 0.0, 0.0, 1.0],
                [0.873552, 0.018917, 0.486363, -5e-06, 0.481103, 0.117956, -0.868692, -0.081316, -0.073802, 0.992839, 0.09394, 0.773437, 0.0, 0.0, 0.0, 1.0],
                [0.878158, 0.020055, 0.47795, -5e-06, 0.472643, 0.117768, -0.87335, -0.081316, -0.073802, 0.992839, 0.09394, 0.771207, 0.0, 0.0, 0.0, 1.0],
                [0.882465, 0.021137, 0.469903, -5e-06, 0.464552, 0.117578, -0.877705, -0.081316, -0.073802, 0.992839, 0.09394, 0.768766, 0.0, 0.0, 0.0, 1.0],
                [0.886482, 0.022161, 0.462232, -5e-06, 0.45684, 0.117389, -0.881769, -0.081316, -0.073802, 0.992839, 0.09394, 0.76615, 0.0, 0.0, 0.0, 1.0],
                [0.890218, 0.023128, 0.454947, -5e-06, 0.449516, 0.117203, -0.88555, -0.081316, -0.073802, 0.992839, 0.09394, 0.763392, 0.0, 0.0, 0.0, 1.0],
                [0.893682, 0.024037, 0.448056, -5e-06, 0.442589, 0.11702, -0.889056, -0.081316, -0.073802, 0.992839, 0.09394, 0.760529, 0.0, 0.0, 0.0, 1.0],
                [0.896883, 0.024889, 0.441567, -5e-06, 0.436067, 0.116841, -0.892297, -0.081316, -0.073802, 0.992839, 0.09394, 0.757595, 0.0, 0.0, 0.0, 1.0],
                [0.899828, 0.025684, 0.435488, -5e-06, 0.429956, 0.116669, -0.89528, -0.081316, -0.073802, 0.992839, 0.09394, 0.754626, 0.0, 0.0, 0.0, 1.0],
                [0.902526, 0.02642, 0.429825, -5e-06, 0.424265, 0.116505, -0.898012, -0.081316, -0.073802, 0.992839, 0.09394, 0.751657, 0.0, 0.0, 0.0, 1.0],
                [0.904982, 0.027098, 0.424586, -5e-06, 0.419, 0.116349, -0.900501, -0.081316, -0.073802, 0.992839, 0.09394, 0.748724, 0.0, 0.0, 0.0, 1.0],
                [0.907204, 0.027718, 0.419777, -5e-06, 0.414167, 0.116203, -0.902753, -0.081316, -0.073802, 0.992839, 0.09394, 0.745861, 0.0, 0.0, 0.0, 1.0],
                [0.909197, 0.02828, 0.415404, -5e-06, 0.409772, 0.116067, -0.904774, -0.081316, -0.073802, 0.992839, 0.09394, 0.743103, 0.0, 0.0, 0.0, 1.0],
                [0.910968, 0.028784, 0.411471, -5e-06, 0.405821, 0.115943, -0.906569, -0.081316, -0.073802, 0.992839, 0.09394, 0.740486, 0.0, 0.0, 0.0, 1.0],
                [0.91252, 0.029229, 0.407986, -5e-06, 0.402318, 0.115832, -0.908143, -0.081316, -0.073802, 0.992839, 0.09394, 0.738045, 0.0, 0.0, 0.0, 1.0],
                [0.913858, 0.029616, 0.404952, -5e-06, 0.39927, 0.115734, -0.9095, -0.081316, -0.073802, 0.992839, 0.09394, 0.735816, 0.0, 0.0, 0.0, 1.0],
                [0.914986, 0.029943, 0.402374, -5e-06, 0.396679, 0.115649, -0.910643, -0.081316, -0.073802, 0.992839, 0.09394, 0.733833, 0.0, 0.0, 0.0, 1.0],
                [0.915905, 0.030212, 0.400256, -5e-06, 0.394552, 0.11558, -0.911576, -0.081316, -0.073802, 0.992839, 0.09394, 0.732131, 0.0, 0.0, 0.0, 1.0],
                [0.916619, 0.030422, 0.398603, -5e-06, 0.392891, 0.115525, -0.9123, -0.081316, -0.073802, 0.992839, 0.09394, 0.730747, 0.0, 0.0, 0.0, 1.0],
                [0.917128, 0.030572, 0.397418, -5e-06, 0.3917, 0.115485, -0.912817, -0.081316, -0.073802, 0.992839, 0.09394, 0.729714, 0.0, 0.0, 0.0, 1.0],
                [0.917434, 0.030662, 0.396705, -5e-06, 0.390984, 0.115461, -0.913127, -0.081316, -0.073802, 0.992839, 0.09394, 0.729069, 0.0, 0.0, 0.0, 1.0]
            ]
        },
        {
            "name": "Thigh_R",
            "time": [0.0, 0.0104, 0.0208, 0.0312, 0.0417, 0.0521, 0.0625, 0.0729, 0.0833, 0.0938, 0.1042, 0.1146, 0.125, 0.1354, 0.1458, 0.1562, 0.1667, 0.1771, 0.1875, 0.1979, 0.2083, 0.2188, 0.2292, 0.2396, 0.25, 0.2604, 0.2708, 0.2812, 0.2917, 0.3021, 0.3125, 0.3229, 0.3333, 0.3438, 0.3542, 0.3646, 0.375, 0.3854, 0.3958, 0.4062, 0.4167, 0.4271, 0.4375, 0.4479, 0.4583, 0.4688, 0.4792, 0.4896, 0.5, 0.5104, 0.5208, 0.5312, 0.5417, 0.5521, 0.5625, 0.5729, 0.5833, 0.5938, 0.6042, 0.6146, 0.625, 0.6354, 0.6458, 0.6562, 0.6667, 0.6771, 0.6875, 0.6979, 0.7083, 0.7188, 0.7292],
            "transform": [
                [0.944888, 0.104434, 0.31029, 0.124994, 0.065807, -0.988998, 0.132475, -0.002831, 0.320711, -0.104755, -0.941366, -1.2e-05, 0.0, 0.0, 0.0, 1.0],
                [0.944397, 0.10978, 0.309938, 0.124994, 0.065233, -0.986434, 0.150626, -0.002831, 0.32227, -0.122032, -0.938749, -1.2e-05, 0.0, 0.0, 0.0, 1.0],
                [0.942999, 0.123715, 0.308941, 0.124994, 0.063605, -0.978218, 0.197582, -0.002831, 0.326656, -0.166669, -0.930331, -1.2e-05, 0.0, 0.0, 0.0, 1.0],
                [0.940791, 0.143161, 0.307271, 0.124994, 0.061038, -0.963169, 0.26187, -0.002831, 0.333444, -0.22761, -0.914881, -1.2e-05, 0.0, 0.0, 0.0, 1.0],
                [0.937854, 0.16597, 0.304769, 0.124994, 0.057636, -0.940516, 0.334822, -0.002831, 0.342211, -0.296447, -0.891634, -1.2e-05, 0.0, 0.0, 0.0, 1.0],
                [0.934268, 0.19084, 0.301202, 0.124994, 0.053517, -0.910197, 0.410702, -0.002831, 0.352531, -0.367586, -0.860582, -1.2e-05, 0.0, 0.0, 0.0, 1.0],
                [0.930127, 0.216895, 0.296344, 0.124994, 0.048829, -0.872829, 0.485573, -0.002831, 0.363976, -0.437174, -0.822435, -1.2e-05, 0.0, 0.0, 0.0, 1.0],
                [0.925543, 0.243348, 0.290087, 0.124994, 0.043778, -0.829762, 0.556396, -0.002831, 0.376101, -0.502268, -0.778635, -1.2e-05, 0.0, 0.0, 0.0, 1.0],
                [0.920662, 0.269314, 0.282577, 0.124994, 0.038645, -0.783215, 0.620548, -0.002831, 0.388441, -0.560394, -0.731486, -1.2e-05, 0.0, 0.0, 0.0, 1.0],
                [0.915672, 0.293716, 0.274363, 0.124994, 0.03381, -0.736489, 0.675604, -0.002831, 0.400501, -0.609354, -0.684313, -1.2e-05, 0.0, 0.0, 0.0, 1.0],
                [0.910807, 0.31526, 0.266536, 0.124994, 0.029749, -0.69407, 0.719293, -0.002831, 0.411759, -0.647206, -0.641543, -1.2e-05, 0.0, 0.0, 0.0, 1.0],
                [0.906233, 0.334596, 0.258433, 0.124994, 0.026899, -0.655663, 0.754574, -0.002831, 0.421922, -0.676867, -0.603184, -1.2e-05, 0.0, 0.0, 0.0, 1.0],
                [0.901957, 0.353023, 0.248692, 0.124994, 0.025324, -0.618158, 0.785646, -0.002831, 0.431082, -0.70232, -0.566492, -1.2e-05, 0.0, 0.0, 0.0, 1.0],
                [0.898003, 0.370146, 0.237865, 0.124994, 0.024997, -0.582664, 0.812328, -0.002831, 0.439276, -0.723526, -0.532488, -1.2e-05, 0.0, 0.0, 0.0, 1.0],
                [0.894381, 0.385695, 0.226539, 0.124994, 0.02587, -0.550207, 0.834627, -0.002831, 0.446556, -0.740613, -0.502073, -1.2e-05, 0.0, 0.0, 0.0, 1.0],
                [0.891081, 0.399516, 0.215314, 0.124994, 0.027859, -0.521679, 0.852687, -0.002831, 0.452987, -0.753813, -0.475989, -1.2e-05, 0.0, 0.0, 0.0, 1.0],
                [0.888082, 0.411556, 0.204765, 0.124994, 0.030842, -0.497792, 0.866748, -0.002831, 0.458647, -0.763427, -0.454774, -1.2e-05, 0.0, 0.0, 0.0, 1.0],
                [0.885355, 0.421843, 0.195432, 0.124994, 0.034647, -0.479058, 0.877099, -0.002831, 0.463622, -0.769772, -0.438753, -1.2e-05, 0.0, 0.0, 0.0, 1.0],
                [0.882862, 0.430448, 0.187801, 0.124994, 0.039052, -0.46579, 0.884033, -0.002831, 0.468006, -0.773144, -0.428038, -1.2e-05, 0.0, 0.0, 0.0, 1.0],
                [0.880568, 0.437455, 0.182298, 0.124994, 0.04379, -0.458117, 0.887812, -0.002831, 0.471892, -0.773795, -0.42256, -1.2e-05, 0.0, 0.0, 0.0, 1.0],
                [0.878444, 0.442933, 0.179291, 0.124994, 0.048559, -0.45601, 0.888649, -0.002831, 0.475371, -0.771921, -0.422089, -1.2e-05, 0.0, 0.0, 0.0, 1.0],
                [0.876471, 0.446909, 0.179082, 0.124994, 0.053036, -0.459318, 0.886687, -0.002831, 0.478524, -0.767657, -0.426282, -1.2e-05, 0.0, 0.0, 0.0, 1.0],
                [0.874638, 0.449346, 0.181917, 0.124994, 0.056889, -0.467807, 0.881998, -0.002831, 0.481426, -0.761079, -0.434725, -1.2e-05, 0.0, 0.0, 0.0, 1.0],
                [0.872947, 0.450134, 0.187993, 0.124994, 0.059798, -0.481214, 0.874561, -0.002831, 0.484135, -0.752203, -0.446993, -1.2e-05, 0.0, 0.0, 0.0, 1.0],
                [0.871401, 0.449074, 0.197464, 0.124994, 0.061467, -0.499293, 0.86425, -0.002831, 0.486705, -0.740969, -0.462689, -1.2e-05, 0.0, 0.0, 0.0, 1.0],
                [0.87, 0.44587, 0.210473, 0.124994, 0.061631, -0.521873, 0.850794, -0.002831, 0.489184, -0.727218, -0.48151, -1.2e-05, 0.0, 0.0, 0.0, 1.0],
                [0.868788, 0.439961, 0.227245, 0.124994, 0.060409, -0.549648, 0.833209, -0.002831, 0.491484, -0.710153, -0.504106, -1.2e-05, 0.0, 0.0, 0.0, 1.0],
                [0.867784, 0.431062, 0.247252, 0.124994, 0.058198, -0.582281, 0.810901, -0.002831, 0.49352, -0.689297, -0.530382, -1.2e-05, 0.0, 0.0, 0.0, 1.0],
                [0.86694, 0.419264, 0.269502, 0.124994, 0.055186, -0.618142, 0.784126, -0.002831, 0.495347, -0.664917, -0.559031, -1.2e-05, 0.0, 0.0, 0.0, 1.0],
                [0.866203, 0.404798, 0.292965, 0.124994, 0.051552, -0.655558, 0.753382, -0.002831, 0.497024, -0.637478, -0.588716, -1.2e-05, 0.0, 0.0, 0.0, 1.0],
                [0.865526, 0.388151, 0.316547, 0.124994, 0.047473, -0.692732, 0.71963, -0.002831, 0.498608, -0.60783, -0.618006, -1.2e-05, 0.0, 0.0, 0.0, 1.0],
                [0.864875, 0.370205, 0.339026, 0.124994, 0.043119, -0.727658, 0.684582, -0.002831, 0.500132, -0.577458, -0.645297, -1.2e-05, 0.0, 0.0, 0.0, 1.0],
                [0.86423, 0.352454, 0.359002, 0.124994, 0.038657, -0.757994, 0.651114, -0.002831, 0.501609, -0.548834, -0.668707, -1.2e-05, 0.0, 0.0, 0.0, 1.0],
                [0.86359, 0.337136, 0.3749, 0.124994, 0.03425, -0.781071, 0.623501, -0.002831, 0.503029, -0.525608, -0.686074, -1.2e-05, 0.0, 0.0, 0.0, 1.0],
                [0.862972, 0.326897, 0.38525, 0.124994, 0.030055, -0.794352, 0.606713, -0.002831, 0.504357, -0.511996, -0.695329, -1.2e-05, 0.0, 0.0, 0.0, 1.0],
                [0.862403, 0.323644, 0.389248, 0.124994, 0.02622, -0.796454, 0.604129, -0.002831, 0.505541, -0.510797, -0.695351, -1.2e-05, 0.0, 0.0, 0.0, 1.0],
                [0.862571, 0.319699, 0.392127, 0.124994, 0.022877, -0.798904, 0.601022, -0.002831, 0.505418, -0.509452, -0.696427, -1.2e-05, 0.0, 0.0, 0.0, 1.0],
                [0.864011, 0.308525, 0.397866, 0.124994, 0.020064, -0.810714, 0.585098, -0.002831, 0.503073, -0.497547, -0.706656, -1.2e-05, 0.0, 0.0, 0.0, 1.0],
                [0.866527, 0.291683, 0.405035, 0.124994, 0.017779, -0.829, 0.558965, -0.002831, 0.498814, -0.477156, -0.723538, -1.2e-05, 0.0, 0.0, 0.0, 1.0],
                [0.86992, 0.270229, 0.412571, 0.124994, 0.016011, -0.851562, 0.524007, -0.002831, 0.492932, -0.449238, -0.745119, -1.2e-05, 0.0, 0.0, 0.0, 1.0],
                [0.873995, 0.245007, 0.419646, 0.124994, 0.014739, -0.876555, 0.481074, -0.002831, 0.48571, -0.41427, -0.769718, -1.2e-05, 0.0, 0.0, 0.0, 1.0],
                [0.87856, 0.216774, 0.425606, 0.124994, 0.013934, -0.902328, 0.430821, -0.002831, 0.477427, -0.372572, -0.795772, -1.2e-05, 0.0, 0.0, 0.0, 1.0],
                [0.883433, 0.186123, 0.430005, 0.124994, 0.01356, -0.927489, 0.373598, -0.002831, 0.468361, -0.324218, -0.8219, -1.2e-05, 0.0, 0.0, 0.0, 1.0],
                [0.888438, 0.153879, 0.432432, 0.124994, 0.013573, -0.950522, 0.310356, -0.002831, 0.458794, -0.269863, -0.846571, -1.2e-05, 0.0, 0.0, 0.0, 1.0],
                [0.893417, 0.122306, 0.432259, 0.124994, 0.013926, -0.969301, 0.245478, -0.002831, 0.449013, -0.213294, -0.867694, -1.2e-05, 0.0, 0.0, 0.0, 1.0],
                [0.898216, 0.11887, 0.423176, 0.124994, 0.014573, -0.970261, 0.241615, -0.002831, 0.439312, -0.210856, -0.873238, -1.2e-05, 0.0, 0.0, 0.0, 1.0],
                [0.902718, 0.124869, 0.411711, 0.124994, 0.015485, -0.965762, 0.258957, -0.002831, 0.429952, -0.227389, -0.873748, -1.2e-05, 0.0, 0.0, 0.0, 1.0],
                [0.90691, 0.126286, 0.401952, 0.124994, 0.016659, -0.964022, 0.265293, -0.002831, 0.420993, -0.233901, -0.876387, -1.2e-05, 0.0, 0.0, 0.0, 1.0],
                [0.910807, 0.126114, 0.393095, 0.124994, 0.018078, -0.963465, 0.267217, -0.002831, 0.412434, -0.236277, -0.879814, -1.2e-05, 0.0, 0.0, 0.0, 1.0],
                [0.914425, 0.12514, 0.384923, 0.124994, 0.019725, -0.963651, 0.266429, -0.002831, 0.404272, -0.236036, -0.883658, -1.2e-05, 0.0, 0.0, 0.0, 1.0],
                [0.917777, 0.123781, 0.37731, 0.124994, 0.021583, -0.964318, 0.26386, -0.002831, 0.396508, -0.234022, -0.887703, -1.2e-05, 0.0, 0.0, 0.0, 1.0],
                [0.920875, 0.122157, 0.370223, 0.124994, 0.023632, -0.965383, 0.259755, -0.002831, 0.389138, -0.230453, -0.891886, -1.2e-05, 0.0, 0.0, 0.0, 1.0],
                [0.923732, 0.120428, 0.363613, 0.124994, 0.025852, -0.966725, 0.254502, -0.002831, 0.382163, -0.225691, -0.896111, -1.2e-05, 0.0, 0.0, 0.0, 1.0],
                [0.92636, 0.118662, 0.357459, 0.124994, 0.028225, -0.968274, 0.248284, -0.002831, 0.375581, -0.21991, -0.900321, -1.2e-05, 0.0, 0.0, 0.0, 1.0],
                [0.928766, 0.116914, 0.351744, 0.124994, 0.030726, -0.96997, 0.241272, -0.002831, 0.36939, -0.213277, -0.90447, -1.2e-05, 0.0, 0.0, 0.0, 1.0],
                [0.930963, 0.115223, 0.346454, 0.124994, 0.033335, -0.971757, 0.233613, -0.002831, 0.363587, -0.205936, -0.908512, -1.2e-05, 0.0, 0.0, 0.0, 1.0],
                [0.932959, 0.113622, 0.341578, 0.124994, 0.036024, -0.973585, 0.225457, -0.002831, 0.358173, -0.198037, -0.912411, -1.2e-05, 0.0, 0.0, 0.0, 1.0],
                [0.934765, 0.11213, 0.337106, 0.124994, 0.038771, -0.975413, 0.216941, -0.002831, 0.353143, -0.189719, -0.916131, -1.2e-05, 0.0, 0.0, 0.0, 1.0],
                [0.936389, 0.110764, 0.333027, 0.124994, 0.041546, -0.977202, 0.2082, -0.002831, 0.348496, -0.18112, -0.919645, -1.2e-05, 0.0, 0.0, 0.0, 1.0],
                [0.937839, 0.109535, 0.329331, 0.124994, 0.044322, -0.978919, 0.19937, -0.002831, 0.344227, -0.17238, -0.922926, -1.2e-05, 0.0, 0.0, 0.0, 1.0],
                [0.939125, 0.108447, 0.326009, 0.124994, 0.047069, -0.980539, 0.190589, -0.002831, 0.340334, -0.163642, -0.925956, -1.2e-05, 0.0, 0.0, 0.0, 1.0],
                [0.940256, 0.107505, 0.323049, 0.124994, 0.049755, -0.982039, 0.181991, -0.002831, 0.336811, -0.155044, -0.928719, -1.2e-05, 0.0, 0.0, 0.0, 1.0],
                [0.94124, 0.106704, 0.320438, 0.124994, 0.052348, -0.983404, 0.173705, -0.002831, 0.333655, -0.146724, -0.931207, -1.2e-05, 0.0, 0.0, 0.0, 1.0],
                [0.942086, 0.106043, 0.318163, 0.124994, 0.054814, -0.984621, 0.165869, -0.002831, 0.33086, -0.138823, -0.933413, -1.2e-05, 0.0, 0.0, 0.0, 1.0],
                [0.942803, 0.105515, 0.31621, 0.124994, 0.057119, -0.985687, 0.158608, -0.002831, 0.32842, -0.131474, -0.935338, -1.2e-05, 0.0, 0.0, 0.0, 1.0],
                [0.943399, 0.105108, 0.314564, 0.124994, 0.059227, -0.986597, 0.152036, -0.002831, 0.326328, -0.1248, -0.936982, -1.2e-05, 0.0, 0.0, 0.0, 1.0],
                [0.943882, 0.104813, 0.313209, 0.124994, 0.061104, -0.987353, 0.146271, -0.002831, 0.32458, -0.118924, -0.938352, -1.2e-05, 0.0, 0.0, 0.0, 1.0],
                [0.944261, 0.104615, 0.312129, 0.124994, 0.062713, -0.98796, 0.14141, -0.002831, 0.323166, -0.113954, -0.939456, -1.2e-05, 0.0, 0.0, 0.0, 1.0],
                [0.944545, 0.1045, 0.311311, 0.124994, 0.064021, -0.988423, 0.137545, -0.002831, 0.32208, -0.109987, -0.940302, -1.2e-05, 0.0, 0.0, 0.0, 1.0],
                [0.944739, 0.104446, 0.310738, 0.124994, 0.064994, -0.988746, 0.134738, -0.002831, 0.321314, -0.107096, -0.940897, -1.2e-05, 0.0, 0.0, 0.0, 1.0],
                [0.944852, 0.104433, 0.310401, 0.124994, 0.065599, -0.988935, 0.133042, -0.002831, 0.320861, -0.105343, -0.94125, -1.2e-05, 0.0, 0.0, 0.0, 1.0]
            ]
        },
        {
            "name": "Leg_R",
            "time": [0.0, 0.0104, 0.0208, 0.0312, 0.0417, 0.0521, 0.0625, 0.0729, 0.0833, 0.0938, 0.1042, 0.1146, 0.125, 0.1354, 0.1458, 0.1562, 0.1667, 0.1771, 0.1875, 0.1979, 0.2083, 0.2188, 0.2292, 0.2396, 0.25, 0.2604, 0.2708, 0.2812, 0.2917, 0.3021, 0.3125, 0.3229, 0.3333, 0.3438, 0.3542, 0.3646, 0.375, 0.3854, 0.3958, 0.4062, 0.4167, 0.4271, 0.4375, 0.4479, 0.4583, 0.4688, 0.4792, 0.4896, 0.5, 0.5104, 0.5208, 0.5312, 0.5417, 0.5521, 0.5625, 0.5729, 0.5833, 0.5938, 0.6042, 0.6146, 0.625, 0.6354, 0.6458, 0.6562, 0.6667, 0.6771, 0.6875, 0.6979, 0.7083, 0.7188, 0.7292],
            "transform": [
                [1.0, -0.0, 1e-06, 0.0, -0.0, 0.812887, 0.582423, 0.374726, -1e-06, -0.582426, 0.812882, -0.0, 0.0, 0.0, 0.0, 1.0],
                [1.000001, -0.0, 1e-06, 0.0, -0.0, 0.794446, 0.607337, 0.374726, -1e-06, -0.60734, 0.79444, -0.0, 0.0, 0.0, 0.0, 1.0],
                [1.0, -1e-06, 1e-06, -0.0, -0.0, 0.744405, 0.667731, 0.374726, -1e-06, -0.667734, 0.744398, 0.0, 0.0, 0.0, 0.0, 1.0],
                [1.0, -1e-06, 1e-06, 0.0, -0.0, 0.671256, 0.741226, 0.374726, -1e-06, -0.741229, 0.671252, -0.0, 0.0, 0.0, 0.0, 1.0],
                [1.0, -1e-06, 1e-06, -0.0, -0.0, 0.583786, 0.811908, 0.374726, -1e-06, -0.811911, 0.583782, -0.0, 0.0, 0.0, 0.0, 1.0],
                [1.0, -1e-06, 1e-06, 0.0, -0.0, 0.490595, 0.871388, 0.374726, -1e-06, -0.87139, 0.490592, -0.0, 0.0, 0.0, 0.0, 1.0],
                [1.0, -1e-06, 1e-06, 0.0, -0.0, 0.399751, 0.916624, 0.374726, -1e-06, -0.916626, 0.399748, 0.0, 0.0, 0.0, 0.0, 1.0],
                [1.0, -1e-06, 0.0, 0.0, -0.0, 0.318598, 0.947889, 0.374726, -1e-06, -0.947891, 0.318596, 0.0, 0.0, 0.0, 0.0, 1.0],
                [1.000001, -1e-06, 0.0, 0.0, -0.0, 0.25368, 0.967287, 0.374726, -1e-06, -0.967289, 0.253678, 0.0, 0.0, 0.0, 0.0, 1.0],
                [1.0, -1e-06, 0.0, -0.0, -0.0, 0.210829, 0.977523, 0.374726, -1e-06, -0.977524, 0.210827, 0.0, 0.0, 0.0, 0.0, 1.0],
                [1.000001, -1e-06, 0.0, 0.0, -0.0, 0.195363, 0.98073, 0.374726, -1e-06, -0.980732, 0.195362, 0.0, 0.0, 0.0, 0.0, 1.0],
                [1.0, -1e-06, 0.0, 0.0, -0.0, 0.197967, 0.980208, 0.374726, -1e-06, -0.98021, 0.197966, 0.0, 0.0, 0.0, 0.0, 1.0],
                [1.0, -1e-06, 0.0, -0.0, -0.0, 0.206146, 0.978521, 0.374726, -1e-06, -0.978523, 0.206144, 0.0, 0.0, 0.0, 0.0, 1.0],
                [1.0, -1e-06, 0.0, 0.0, -0.0, 0.220101, 0.975476, 0.374726, -1e-06, -0.975478, 0.2201, 0.0, 0.0, 0.0, 0.0, 1.0],
                [1.0, -1e-06, 0.0, 0.0, -0.0, 0.239786, 0.970825, 0.374726, -1e-06, -0.970827, 0.239784, -0.0, 0.0, 0.0, 0.0, 1.0],
                [1.0, -1e-06, 0.0, -0.0, -0.0, 0.264929, 0.964267, 0.374726, -1e-06, -0.964269, 0.264928, -0.0, 0.0, 0.0, 0.0, 1.0],
                [1.000001, -1e-06, 0.0, 0.0, -0.0, 0.295044, 0.955483, 0.374726, -1e-06, -0.955485, 0.295041, 0.0, 0.0, 0.0, 0.0, 1.0],
                [1.0, -1e-06, 0.0, -0.0, -0.0, 0.329451, 0.944172, 0.374726, -1e-06, -0.944174, 0.329449, 0.0, 0.0, 0.0, 0.0, 1.0],
                [1.000001, -1e-06, 0.0, 0.0, -0.0, 0.367316, 0.930096, 0.374726, -1e-06, -0.930098, 0.367314, -0.0, 0.0, 0.0, 0.0, 1.0],
                [1.0, -1e-06, 1e-06, -0.0, -0.0, 0.407693, 0.913118, 0.374726, -1e-06, -0.913121, 0.40769, -0.0, 0.0, 0.0, 0.0, 1.0],
                [1.0, -1e-06, 1e-06, 0.0, -0.0, 0.449566, 0.893246, 0.374726, -1e-06, -0.893249, 0.449563, 0.0, 0.0, 0.0, 0.0, 1.0],
                [1.0, -1e-06, 1e-06, 0.0, -0.0, 0.491908, 0.870647, 0.374726, -1e-06, -0.87065, 0.491904, -0.0, 0.0, 0.0, 0.0, 1.0],
                [1.0, -1e-06, 1e-06, 0.0, -0.0, 0.53374, 0.845649, 0.374726, -1e-06, -0.845651, 0.533736, 0.0, 0.0, 0.0, 0.0, 1.0],
                [1.0, -1e-06, 1e-06, 0.0, -0.0, 0.574212, 0.818707, 0.374726, -1e-06, -0.81871, 0.574208, 0.0, 0.0, 0.0, 0.0, 1.0],
                [1.0, -1e-06, 1e-06, 0.0, -0.0, 0.61267, 0.790339, 0.374726, -1e-06, -0.790342, 0.612665, -0.0, 0.0, 0.0, 0.0, 1.0],
                [1.0, -1e-06, 1e-06, 0.0, -0.0, 0.648744, 0.761007, 0.374726, -1e-06, -0.76101, 0.64874, 0.0, 0.0, 0.0, 0.0, 1.0],
                [1.000001, -1e-06, 1e-06, 0.0, -0.0, 0.685375, 0.728192, 0.374726, -1e-06, -0.728195, 0.68537, -0.0, 0.0, 0.0, 0.0, 1.0],
                [1.0, -1e-06, 1e-06, 0.0, -0.0, 0.724463, 0.689316, 0.374726, -1e-06, -0.689318, 0.724457, -0.0, 0.0, 0.0, 0.0, 1.0],
                [1.0, -0.0, 1e-06, 0.0, -0.0, 0.764341, 0.644815, 0.374726, -1e-06, -0.644817, 0.764335, -0.0, 0.0, 0.0, 0.0, 1.0],
                [1.000001, -0.0, 1e-06, -0.0, -0.0, 0.803237, 0.595663, 0.374726, -1e-06, -0.595665, 0.80323, -0.0, 0.0, 0.0, 0.0, 1.0],
                [1.0, -0.0, 1e-06, -0.0, -0.0, 0.8392, 0.543826, 0.374726, -1e-06, -0.543829, 0.839193, 0.0, 0.0, 0.0, 0.0, 1.0],
                [1.0, -0.0, 1e-06, -0.0, -0.0, 0.870096, 0.492888, 0.374726, -1e-06, -0.492891, 0.870088, -0.0, 0.0, 0.0, 0.0, 1.0],
                [1.000001, -0.0, 1e-06, -0.0, -0.0, 0.893583, 0.448904, 0.374726, -1e-06, -0.448907, 0.893575, 0.0, 0.0, 0.0, 0.0, 1.0],
                [1.0, -0.0, 1e-06, 0.0, -0.0, 0.907161, 0.420792, 0.374726, -1e-06, -0.420794, 0.907154, 0.0, 0.0, 0.0, 0.0, 1.0],
                [1.0, -0.0, 1e-06, -0.0, -0.0, 0.908203, 0.418538, 0.374726, -1e-06, -0.41854, 0.908195, 0.0, 0.0, 0.0, 0.0, 1.0],
                [1.0, -0.0, 1e-06, -0.0, -0.0, 0.894058, 0.447957, 0.374726, -1e-06, -0.44796, 0.89405, 0.0, 0.0, 0.0, 0.0, 1.0],
                [1.0, -0.0, 1e-06, -0.0, -0.0, 0.879173, 0.476508, 0.374726, -1e-06, -0.476511, 0.879165, -0.0, 0.0, 0.0, 0.0, 1.0],
                [1.0, -0.0, 1e-06, 0.0, -0.0, 0.877807, 0.47902, 0.374726, -1e-06, -0.479023, 0.8778, 0.0, 0.0, 0.0, 0.0, 1.0],
                [1.000001, -0.0, 1e-06, 0.0, -0.0, 0.887101, 0.461581, 0.374726, -1e-06, -0.461583, 0.887093, -0.0, 0.0, 0.0, 0.0, 1.0],
                [1.0, -0.0, 1e-06, -0.0, -0.0, 0.904178, 0.427163, 0.374726, -1e-06, -0.427165, 0.904171, 0.0, 0.0, 0.0, 0.0, 1.0],
                [1.0, -0.0, 1e-06, -0.0, -0.0, 0.926076, 0.377347, 0.374726, -1e-06, -0.377349, 0.926067, -0.0, 0.0, 0.0, 0.0, 1.0],
                [1.0, -0.0, 1e-06, -0.0, -0.0, 0.949682, 0.313227, 0.374726, -1e-06, -0.313229, 0.949673, 0.0, 0.0, 0.0, 0.0, 1.0],
                [1.000001, -0.0, 1e-06, 0.0, -0.0, 0.971922, 0.235325, 0.374726, -1e-06, -0.235326, 0.971911, -0.0, 0.0, 0.0, 0.0, 1.0],
                [1.0, -0.0, 1e-06, -0.0, -0.0, 0.989346, 0.145617, 0.374726, -1e-06, -0.145618, 0.989335, -0.0, 0.0, 0.0, 0.0, 1.0],
                [1.0, -0.0, 1e-06, 0.0, -0.0, 0.998577, 0.053412, 0.374726, -1e-06, -0.053412, 0.998568, 0.0, 0.0, 0.0, 0.0, 1.0],
                [1.0, -0.0, 1e-06, -0.0, -0.0, 0.99621, 0.087036, 0.374726, -1e-06, -0.087037, 0.996201, 0.0, 0.0, 0.0, 0.0, 1.0],
                [1.0, -0.0, 1e-06, 0.0, -0.0, 0.986524, 0.163647, 0.374726, -1e-06, -0.163648, 0.986513, 0.0, 0.0, 0.0, 0.0, 1.0],
                [1.0, -0.0, 1e-06, -0.0, -0.0, 0.976128, 0.21722, 0.374726, -1e-06, -0.217222, 0.976117, 0.0, 0.0, 0.0, 0.0, 1.0],
                [1.000001, -0.0, 1e-06, 0.0, -0.0, 0.965268, 0.261279, 0.374726, -1e-06, -0.261281, 0.965258, 0.0, 0.0, 0.0, 0.0, 1.0],
                [1.0, -0.0, 1e-06, -0.0, -0.0, 0.954167, 0.299287, 0.374726, -1e-06, -0.299289, 0.954158, -0.0, 0.0, 0.0, 0.0, 1.0],
                [1.0, -0.0, 1e-06, 0.0, -0.0, 0.942894, 0.333102, 0.374726, -1e-06, -0.333104, 0.942886, 0.0, 0.0, 0.0, 0.0, 1.0],
                [1.0, -0.0, 1e-06, 0.0, -0.0, 0.93172, 0.363185, 0.374726, -1e-06, -0.363188, 0.931712, -0.0, 0.0, 0.0, 0.0, 1.0],
                [1.0, -0.0, 1e-06, 0.0, -0.0, 0.920708, 0.390261, 0.374726, -1e-06, -0.390263, 0.9207, 0.0, 0.0, 0.0, 0.0, 1.0],
                [1.000001, -0.0, 1e-06, -0.0, -0.0, 0.909991, 0.414637, 0.374726, -1e-06, -0.414639, 0.909982, 0.0, 0.0, 0.0, 0.0, 1.0],
                [1.0, -0.0, 1e-06, 0.0, -0.0, 0.899668, 0.436583, 0.374726, -1e-06, -0.436586, 0.899659, -0.0, 0.0, 0.0, 0.0, 1.0],
                [1.000001, -0.0, 1e-06, 0.0, -0.0, 0.889824, 0.45631, 0.374726, -1e-06, -0.456312, 0.889817, 0.0, 0.0, 0.0, 0.0, 1.0],
                [1.0, -0.0, 1e-06, 0.0, -0.0, 0.880519, 0.474017, 0.374726, -1e-06, -0.47402, 0.880511, -0.0, 0.0, 0.0, 0.0, 1.0],
                [1.0, -0.0, 1e-06, 0.0, -0.0, 0.871798, 0.489871, 0.374726, -1e-06, -0.489873, 0.871791, 0.0, 0.0, 0.0, 0.0, 1.0],
                [1.000001, -0.0, 1e-06, 0.0, -0.0, 0.863692, 0.504024, 0.374726, -1e-06, -0.504026, 0.863685, -0.0, 0.0, 0.0, 0.0, 1.0],
                [1.0, -0.0, 1e-06, 0.0, -0.0, 0.856221, 0.516616, 0.374726, -1e-06, -0.516619, 0.856212, 0.0, 0.0, 0.0, 0.0, 1.0],
                [1.0, -0.0, 1e-06, -0.0, -0.0, 0.849382, 0.527784, 0.374726, -1e-06, -0.527787, 0.849374, -0.0, 0.0, 0.0, 0.0, 1.0],
                [1.0, -0.0, 1e-06, -0.0, -0.0, 0.843172, 0.537649, 0.374726, -1e-06, -0.537652, 0.843165, 0.0, 0.0, 0.0, 0.0, 1.0],
                [1.0, -0.0, 1e-06, 0.0, -0.0, 0.837582, 0.546316, 0.374726, -1e-06, -0.546319, 0.837575, 0.0, 0.0, 0.0, 0.0, 1.0],
                [1.0, -0.0, 1e-06, 0.0, -0.0, 0.832586, 0.553899, 0.374726, -1e-06, -0.553902, 0.832579, 0.0, 0.0, 0.0, 0.0, 1.0],
                [1.000001, -0.0, 1e-06, -0.0, -0.0, 0.828168, 0.560484, 0.374726, -1e-06, -0.560487, 0.82816, 0.0, 0.0, 0.0, 0.0, 1.0],
                [1.0, -0.0, 1e-06, -0.0, -0.0, 0.824311, 0.566141, 0.374726, -1e-06, -0.566144, 0.824304, -0.0, 0.0, 0.0, 0.0, 1.0],
                [1.000001, -0.0, 1e-06, 0.0, -0.0, 0.820996, 0.570938, 0.374726, -1e-06, -0.570941, 0.820988, 0.0, 0.0, 0.0, 0.0, 1.0],
                [1.0, -0.0, 1e-06, -0.0, -0.0, 0.818219, 0.57491, 0.374726, -1e-06, -0.574913, 0.818212, -0.0, 0.0, 0.0, 0.0, 1.0],
                [1.000001, -0.0, 1e-06, -0.0, -0.0, 0.815982, 0.57808, 0.374726, -1e-06, -0.578082, 0.815976, 0.0, 0.0, 0.0, 0.0, 1.0],
                [1.0, -0.0, 1e-06, -0.0, -0.0, 0.814316, 0.580425, 0.374726, -1e-06, -0.580428, 0.814309, 0.0, 0.0, 0.0, 0.0, 1.0],
                [1.0, -0.0, 1e-06, 0.0, -0.0, 0.81326, 0.581904, 0.374726, -1e-06, -0.581907, 0.813253, 0.0, 0.0, 0.0, 0.0, 1.0]
            ]
        },
        {
            "name": "Knee_R",
            "time": [0.0, 0.7292],
            "transform": [
                [1.0, 0.0, -0.0, 0.0, -0.0, 0.00567, -0.999984, 0.383841, -0.0, 0.999984, 0.00567, -5.2e-05, 0.0, 0.0, 0.0, 1.0],
                [1.0, 0.0, -0.0, 0.0, -0.0, 0.00567, -0.999984, 0.383774, -0.0, 0.999984, 0.00567, -5.1e-05, 0.0, 0.0, 0.0, 1.0]
            ]
        },
        {
            "name": "Thigh_L",
            "time": [0.0, 0.0104, 0.0208, 0.0312, 0.0417, 0.0521, 0.0625, 0.0729, 0.0833, 0.0938, 0.1042, 0.1146, 0.125, 0.1354, 0.1458, 0.1562, 0.1667, 0.1771, 0.1875, 0.1979, 0.2083, 0.2188, 0.2292, 0.2396, 0.25, 0.2604, 0.2708, 0.2812, 0.2917, 0.3021, 0.3125, 0.3229, 0.3333, 0.3438, 0.3542, 0.3646, 0.375, 0.3854, 0.3958, 0.4062, 0.4167, 0.4271, 0.4375, 0.4479, 0.4583, 0.4688, 0.4792, 0.4896, 0.5, 0.5104, 0.5208, 0.5312, 0.5417, 0.5521, 0.5625, 0.5729, 0.5833, 0.5938, 0.6042, 0.6146, 0.625, 0.6354, 0.6458, 0.6562, 0.6667, 0.6771, 0.6875, 0.6979, 0.7083, 0.7188, 0.7292],
            "transform": [
                [0.981811, 0.016701, -0.18912, -0.125006, 0.12552, -0.804462, 0.58059, -0.002831, -0.142443, -0.593769, -0.791926, -1.2e-05, 0.0, 0.0, 0.0, 1.0],
                [0.981998, 0.017761, -0.18805, -0.125006, 0.124856, -0.808089, 0.575675, -0.002831, -0.141736, -0.588792, -0.79576, -1.2e-05, 0.0, 0.0, 0.0, 1.0],
                [0.982522, 0.020568, -0.185001, -0.125006, 0.122932, -0.817994, 0.561935, -0.002831, -0.139772, -0.574856, -0.806227, -1.2e-05, 0.0, 0.0, 0.0, 1.0],
                [0.983325, 0.024576, -0.180187, -0.125006, 0.119841, -0.832821, 0.540413, -0.002831, -0.136782, -0.552995, -0.821879, -1.2e-05, 0.0, 0.0, 0.0, 1.0],
                [0.984344, 0.029249, -0.173814, -0.125006, 0.115667, -0.851287, 0.511792, -0.002831, -0.132997, -0.523884, -0.841342, -1.2e-05, 0.0, 0.0, 0.0, 1.0],
                [0.985516, 0.03405, -0.166124, -0.125006, 0.11048, -0.872118, 0.476658, -0.002831, -0.128649, -0.488108, -0.863249, -1.2e-05, 0.0, 0.0, 0.0, 1.0],
                [0.986783, 0.038504, -0.157401, -0.125006, 0.10434, -0.894173, 0.435393, -0.002831, -0.123979, -0.446062, -0.886373, -1.2e-05, 0.0, 0.0, 0.0, 1.0],
                [0.988088, 0.042019, -0.148041, -0.125006, 0.097287, -0.915933, 0.389361, -0.002831, -0.119235, -0.399125, -0.90911, -1.2e-05, 0.0, 0.0, 0.0, 1.0],
                [0.989375, 0.043661, -0.138664, -0.125006, 0.089348, -0.935044, 0.343085, -0.002831, -0.114678, -0.35183, -0.929012, -1.2e-05, 0.0, 0.0, 0.0, 1.0],
                [0.990599, 0.040182, -0.130761, -0.125006, 0.080529, -0.943999, 0.31997, -0.002831, -0.110581, -0.327492, -0.938361, -1.2e-05, 0.0, 0.0, 0.0, 1.0],
                [0.991709, 0.029921, -0.124973, -0.125006, 0.070812, -0.938783, 0.337152, -0.002831, -0.107235, -0.343206, -0.933118, -1.2e-05, 0.0, 0.0, 0.0, 1.0],
                [0.992663, 0.01842, -0.119501, -0.125006, 0.060179, -0.932489, 0.35615, -0.002831, -0.104873, -0.360728, -0.926756, -1.2e-05, 0.0, 0.0, 0.0, 1.0],
                [0.99344, 0.007022, -0.114135, -0.125006, 0.04864, -0.929265, 0.366197, -0.002831, -0.10349, -0.369347, -0.923511, -1.2e-05, 0.0, 0.0, 0.0, 1.0],
                [0.994019, -0.004825, -0.109093, -0.125006, 0.036206, -0.927952, 0.370935, -0.002831, -0.103023, -0.372666, -0.922228, -1.2e-05, 0.0, 0.0, 0.0, 1.0],
                [0.994375, -0.017298, -0.104489, -0.125006, 0.0229, -0.928119, 0.371579, -0.002831, -0.103407, -0.371882, -0.922502, -1.2e-05, 0.0, 0.0, 0.0, 1.0],
                [0.994479, -0.030482, -0.100413, -0.125006, 0.008756, -0.92944, 0.368868, -0.002831, -0.104572, -0.367711, -0.924042, -1.2e-05, 0.0, 0.0, 0.0, 1.0],
                [0.994299, -0.044384, -0.096948, -0.125006, -0.006174, -0.931686, 0.363211, -0.002831, -0.106446, -0.360542, -0.926648, -1.2e-05, 0.0, 0.0, 0.0, 1.0],
                [0.993807, -0.058973, -0.094178, -0.125006, -0.021824, -0.93463, 0.354949, -0.002831, -0.108954, -0.350696, -0.93013, -1.2e-05, 0.0, 0.0, 0.0, 1.0],
                [0.992974, -0.074182, -0.092179, -0.125006, -0.038111, -0.938059, 0.344371, -0.002831, -0.112016, -0.338438, -0.934297, -1.2e-05, 0.0, 0.0, 0.0, 1.0],
                [0.991782, -0.089915, -0.091015, -0.125006, -0.054933, -0.941758, 0.331773, -0.002831, -0.115546, -0.324047, -0.938958, -1.2e-05, 0.0, 0.0, 0.0, 1.0],
                [0.990212, -0.106046, -0.090738, -0.125006, -0.072171, -0.945523, 0.317453, -0.002831, -0.11946, -0.307797, -0.943922, -1.2e-05, 0.0, 0.0, 0.0, 1.0],
                [0.988262, -0.122429, -0.091371, -0.125006, -0.089688, -0.949164, 0.301735, -0.002831, -0.123667, -0.289998, -0.949004, -1.2e-05, 0.0, 0.0, 0.0, 1.0],
                [0.985938, -0.138898, -0.092909, -0.125006, -0.107336, -0.95251, 0.284962, -0.002831, -0.128077, -0.270983, -0.954025, -1.2e-05, 0.0, 0.0, 0.0, 1.0],
                [0.983263, -0.155275, -0.09531, -0.125006, -0.124948, -0.955419, 0.26751, -0.002831, -0.132599, -0.251124, -0.95883, -1.2e-05, 0.0, 0.0, 0.0, 1.0],
                [0.980269, -0.171379, -0.09849, -0.125006, -0.142351, -0.957779, 0.249788, -0.002831, -0.137141, -0.230839, -0.963278, -1.2e-05, 0.0, 0.0, 0.0, 1.0],
                [0.97701, -0.18703, -0.10232, -0.125006, -0.15936, -0.959516, 0.232236, -0.002831, -0.141613, -0.210592, -0.967263, -1.2e-05, 0.0, 0.0, 0.0, 1.0],
                [0.973551, -0.202059, -0.106623, -0.125006, -0.175788, -0.96059, 0.215323, -0.002831, -0.145929, -0.190885, -0.970704, -1.2e-05, 0.0, 0.0, 0.0, 1.0],
                [0.969972, -0.216314, -0.111174, -0.125006, -0.191442, -0.961003, 0.199553, -0.002831, -0.150004, -0.172278, -0.973559, -1.2e-05, 0.0, 0.0, 0.0, 1.0],
                [0.966368, -0.229661, -0.115706, -0.125006, -0.206131, -0.96079, 0.185451, -0.002831, -0.15376, -0.155364, -0.975817, -1.2e-05, 0.0, 0.0, 0.0, 1.0],
